443
20165 31208
24618 35210
207 24141
27116 42187
3136 8930
23132 26007
22124 31758
1810 6219
21584 46052
5274 18528
4985 10337
26231 28768
18978 47898
20583 42846
12957 43644
27881 33775
13812 19587
15613 27808
10703 41709
29995 36339
9624 16633
7110 11726
13022 31386
23666 38015
23799 54575
13540 17192
25578 45504
24297 44992
5772 10416
7082 16006
6120 36597
17454 45306
5092 7385
17184 49750
10018 11816
23507 43399
32293 37865
25219 47266
28597 61341
18910 20957
5764 36847
10690 27143
11793 18162
9033 20614
14029 45525
17923 29889
9597 27166
23170 24870
8671 39005
13852 41883
6288 24685
31724 56185
9261 40737
28442 42240
4536 29061
14940 39507
1086 32146
20669 41454
31671 62566
19358 49824
17198 17915
27130 46335
2594 32356
5358 27236
11563 17533
3448 16736
29153 29228
10111 40889
14841 15890
13843 43482
29105 61125
3319 20436
15727 36747
15196 26573
10916 40588
25584 36352
26615 44178
22039 33328
18592 26168
19576 47778
5905 32425
29884 58516
31452 62422
9362 35381
30161 42027
24567 38431
15462 44490
5300 27725
27997 36679
12072 20627
27808 33237
27719 53909
25968 34057
3299 30533
14270 37898
20011 22483
21721 31826
19313 28200
20298 52697
11568 18144
8700 23771
18765 20672
29345 52487
6301 33200
21328 40503
9640 35120
18291 45745
22700 51280
4064 18128
17637 18222
582 21068
23308 24548
28619 51943
9502 22282
24307 49320
28510 39335
7364 19349
669 22700
26920 49898
21433 47597
17042 46541
19556 22164
5348 7566
4390 16160
20369 49496
26789 48345
9982 17259
10277 35015
1327 20441
18763 45100
28063 58545
3366 24188
22639 43975
20592 50388
18627 24034
29968 55026
8810 10103
1252 5552
701 1758
29118 40694
8393 39952
5804 15160
30896 57818
24189 41068
17996 18582
13184 41597
4886 10852
7311 35150
23366 37089
11084 17446
3644 17505
8107 12977
28191 40100
25777 47987
4804 35601
19067 26562
5073 22121
8577 15675
7714 32775
6940 36033
30827 51856
4934 28398
15135 23089
10145 42509
16273 26196
16316 40341
2650 29911
27281 48922
13562 38599
13650 21710
6850 7829
24421 45426
19697 51154
4013 21969
4637 18530
28427 52153
29908 49974
19492 28270
9604 38026
11365 22698
13208 28559
28229 45070
25060 50611
24778 34331
6723 28493
29775 34479
17534 36316
26756 44023
1136 8123
7094 12266
9064 15706
24401 29505
10447 30713
30115 37358
26123 53724
7394 23829
31138 51202
19313 29315
3491 25957
351 10663
21826 22441
21297 36361
3522 32086
4577 8002
1688 26005
13350 36471
29901 47458
25846 45387
5540 34377
23369 25181
25725 58008
24353 34621
26617 58142
8135 29667
23135 55902
16215 25516
12606 22856
14206 16329
18516 26993
31619 60227
13231 30926
31620 52326
32018 61160
27907 52167
20634 25492
31905 32940
23713 28463
19752 49938
26851 35923
26575 56095
26847 33549
442 1561
3457 21916
15041 35042
6653 9887
14706 34792
32766 37081
18521 23722
1792 26716
22655 41123
762 23884
3376 9673
24129 30737
13569 38020
31401 59151
21522 26406
11757 38371
9105 31457
23889 34324
10879 28224
31877 57680
21431 34084
29645 48420
9516 18993
12639 34863
31858 42449
27148 39136
29824 41638
19747 21932
22708 38789
12179 28356
18711 28392
29263 41294
29667 50162
10231 31776
2114 3287
15796 40435
18009 35556
11108 25887
20613 47083
28407 35024
8676 26944
22296 37825
19992 24627
24848 47218
28231 32769
11752 30433
24422 24918
21198 35776
13752 31548
2235 8498
2449 6549
32594 47353
352 22810
22282 51258
15596 24776
1679 31919
1502 4321
12134 41822
27008 57182
9680 10450
8132 39404
12274 43735
25480 50527
16434 37801
8216 21167
12004 14006
6133 24939
14118 26320
26837 51126
15112 32230
4330 6073
4849 20029
22887 23203
27710 29992
19009 47386
31531 34622
2866 18740
1015 3605
22020 47604
32579 53112
24076 37948
23996 54816
20725 51528
12025 13290
21695 50855
12198 30098
9990 18349
739 16361
16776 40055
6887 36494
10210 40533
5353 35875
17050 35274
3136 31756
27490 30212
10441 11678
3739 8658
27785 28894
1561 19997
1171 1206
4390 24028
8492 30382
3529 29589
6446 27684
22344 50252
23722 52480
28139 55294
31441 51186
19459 28572
16149 43050
3115 18559
10635 29833
17614 30050
18068 20577
15593 34008
10684 38309
24082 44359
4066 8364
1978 13921
27802 50525
10159 22546
26319 58862
15332 18183
2221 8989
8565 9884
9917 40417
21734 38998
16978 17067
1964 8411
27429 38424
12014 39531
25660 31527
28556 60632
4112 27385
2913 17151
26606 38404
13253 30138
670 26313
25942 58464
28227 56850
12537 29370
24962 49313
5659 25720
2022 3700
21053 52781
28035 47986
18863 21445
19930 41386
28059 60542
18941 42247
17222 25696
18932 32906
28819 54067
3422 13568
29129 49401
12123 37183
23701 45028
8618 19417
21587 50134
25359 42579
5001 16201
29944 37346
11956 36311
21599 52640
29768 37931
31218 63045
3570 32118
9586 32606
18208 48749
30809 36357
7363 34240
9151 11545
31315 53773
11646 21241
18452 25950
4245 12472
11929 19998
15562 17110
13190 15760
14740 39801
5018 25548
28727 56867
32236 35118
24881 25840
5236 7513
18645 34628
21966 29607
30518 31245
21563 25891
24390 49522
24041 36867
8511 11284
31348 60573
5186 20414
25004 28641
4926 32675
20377 29522
4372 13330
22972 39546
14329 23473
10648 28134
6171 36401
16497 25501
10631 39050
10324 36118
9546 23219
13911 41650
31190 61141
16930 42164
24232 37387
30382 51640
19240 50832
