479
7325 18266
27170 52918
10633 36036
27684 27774
1043 5210
23617 40643
7525 31897
28689 33184
27654 39492
1901 9654
11435 18110
5087 37185
9553 10723
5208 6321
7816 38746
31009 59072
1810 6008
1044 3085
30124 45963
30988 60977
32044 40383
12954 28250
1740 19561
28410 40801
9926 41195
26949 58210
7969 12803
4839 18643
1226 20902
340 32547
15078 26205
25591 47815
14439 45076
5739 24793
19421 36984
8942 21039
20879 28366
18707 44532
4043 20299
23735 25530
11642 13800
4405 27930
30455 60611
1246 1739
25890 50670
8355 16688
6832 28873
8213 16510
19397 31455
21904 33868
17348 37946
32434 36521
32102 44857
15634 17086
265 5101
1839 21210
32075 32493
9639 38418
19928 25521
4266 7509
25728 27239
16813 24581
18573 49485
19811 22549
8275 22921
23017 26004
30984 42880
17729 20944
16598 32430
4097 18923
10031 41216
24652 43251
22369 39337
12546 26999
16746 31612
308 5795
25869 39620
6107 38102
21285 23194
12233 39355
22842 42434
8159 11233
2898 11003
21377 33234
8201 29918
10055 39082
21220 30003
32245 55859
16611 39883
8622 10874
29525 37075
17764 46308
3312 10931
14995 20687
19745 46944
12079 21922
23969 45370
2011 13926
7753 30555
10843 15584
25383 41337
19532 48171
22737 34616
6674 37579
761 4868
18963 21579
2370 30823
28707 29259
18002 26085
9534 15651
19753 51792
22397 37880
22705 50592
22083 40015
22934 23888
28343 55593
5719 35886
11384 31134
4510 17854
4748 14060
10957 34053
24729 39449
11481 32489
14423 33028
16219 36875
14149 15105
28132 32280
22683 38126
14737 42149
13184 44238
26848 42377
27006 58591
2498 13487
22835 52786
23026 38773
26953 58052
2436 28539
32680 59158
3009 26887
30953 52033
27186 58579
13326 25496
19963 46441
1649 20660
13163 34811
11259 28436
31696 37048
1942 9776
20880 37547
18405 28441
4725 23307
17458 27268
13385 18457
9640 24176
22435 29554
12482 29491
32000 38894
17155 34841
4117 19186
22760 30586
15716 41293
12315 41551
17934 22412
23017 39758
17896 38354
20982 51585
8144 26419
27951 55900
1090 31886
13569 23384
17958 21210
712 21256
29164 54540
28555 45493
23259 37221
27622 29040
4774 6735
5191 15792
32577 43700
5470 31336
754 9683
13518 33435
27307 35485
21033 30332
5783 29321
29723 61694
4339 13295
13797 31985
1823 16349
10509 41369
22773 54129
32596 57029
12889 38064
4329 28775
25361 45793
4828 12716
26840 41568
4565 30615
24493 35830
1286 15123
19569 34747
3422 27282
30129 47968
13568 15135
16065 29713
17139 20728
14602 21445
30491 38827
24484 43552
17000 41380
12584 37060
20301 26446
7103 25382
28276 48549
28543 43505
15280 23635
19192 37333
3891 19268
13833 34271
3841 4032
24313 34135
29860 61697
11714 19730
23329 44112
8624 27727
10540 28823
11563 23818
27544 31099
977 14296
13329 41460
3785 6974
20493 50794
31571 56965
27648 52803
6051 10267
30415 46340
29167 32608
22920 27364
28103 29193
22352 25830
17317 25837
10653 13424
7877 10342
11429 32356
19766 26661
12310 43447
13874 36490
16391 40329
2731 13181
31278 59073
25638 44739
17236 40221
17868 26076
28935 57297
13246 27991
15247 16795
21674 38314
3107 31838
20892 31623
31580 50232
26646 46013
5097 37402
25186 43655
11653 15841
27175 52842
29734 49132
26939 40584
28535 29241
27832 46204
7817 10487
15954 25008
31685 64159
10215 30772
32038 36755
5464 22300
25765 53545
2200 21072
29940 53327
5122 36326
24174 48031
20208 25855
30799 48374
30857 62490
6688 38538
15578 24302
10614 22407
20521 27073
12252 32805
21637 32319
3342 27965
15778 46039
6504 25445
9956 29581
19613 37254
20410 53077
15532 25334
12845 42218
2320 30989
26553 42025
1591 9278
20571 20707
15670 46257
12267 38970
5051 31322
13740 37240
12355 19597
8738 33383
28301 28957
32547 48933
30798 47855
7729 32133
22054 47125
20743 46045
3283 18274
4210 7013
6821 28039
1378 28170
26929 49573
10305 30668
1866 18798
27267 37776
16173 40115
7807 11131
23804 43137
4477 21705
14702 27067
3088 7974
23748 30508
11430 12167
19967 45861
20573 48766
25168 31891
32280 37397
8400 14228
2003 2856
3697 34195
22067 24119
30260 34014
4705 36803
413 28609
8729 19494
13669 29464
10750 13032
9838 37994
2609 11671
31484 32646
2337 27171
3105 5010
8357 37043
15225 34731
8520 19708
20760 32503
8163 17180
30145 58433
24946 34802
7512 25868
14624 46320
30106 58422
3236 12154
11532 15360
29392 48062
9777 10164
8295 29445
27392 44214
5936 13715
29845 56093
19272 45049
6951 15819
12988 35825
16954 21000
29527 58548
5398 24213
8889 38611
26487 33350
19625 33678
3718 21022
13229 24493
17928 24289
32727 42453
30166 31278
20449 50278
27533 37657
24701 40656
23686 33343
15846 31333
17417 40294
13243 28348
29117 60040
28429 29058
23651 51833
1719 5587
3268 29428
24045 38673
13544 36923
5400 18241
18313 26153
31969 63708
9159 18638
16268 31790
10526 17540
13448 18471
18324 19849
4676 26297
24631 53016
29252 48300
2502 29181
23411 50424
3503 29363
18107 22429
12601 24308
20947 37882
7939 37593
5208 34469
1197 19821
19232 41670
14549 46280
19915 42729
32069 41378
666 1370
12650 35443
17541 26625
2313 26116
28551 59310
6957 23945
1853 3840
23908 42555
11183 16560
24362 55916
20590 39282
22950 43559
27103 58695
26516 47931
1238 16473
31107 37090
31846 64336
23104 53963
16888 23343
22418 52156
27547 52389
25383 30630
31899 41705
16335 31039
7253 31251
3816 20244
12105 21744
21017 41001
1649 3680
13636 30736
6354 13864
13493 19062
31568 61772
29600 38478
2758 30186
22218 32854
31830 47757
14214 15676
18430 28938
17123 41776
8556 25810
22820 47871
29460 54482
368 10406
3967 24770
17867 50035
3302 8710
2885 13713
32511 34812
14961 31532
791 4063
19481 39169
21089 28694
3632 25209
20110 20241
13576 42816
15517 40351
3270 8286
8693 11463
24338 29901
30641 38686
