20
27
010101001000110101111101110
111101111111001111011001000
18
010111111101101101
111000010100011010
32
00100001010101000000001011111111
10010011110001001010100101110000
73
0011110000011000100101111011101111000010000000010011100111110110101010010
0010111011000011001110010101001001110100011001011101000101011000101100011
6
110011
110110
125
00001110001011110110100001011011111100100001110111001000011110000000011111100001101000111000101101111001010001101110110000011
11100000111101000001101001110101010100001111110111100010100101100001101110000100110000000001010010101011001000101101011010011
239
00000110101000000001110111010010101100100001011011111101000101111001110111001110001001011011110111001000001111011011100100010010010000011101011011100001011011100011111111010111101111000111010101111110111111101001101100100101010010001111100
01111100000110100011110110110111101011111111101011100111101001110000111110111111001001000100100000010011110011001110101011111101011100001011001111001110001000001010010110100100101010000000010100101111000011111001000100010011000110001010001
101
10000111000010001110000010000001101110111010110111111101011100010111011000110010110001110101111001000
00101000110001000111111101010001010000110001001000011010001001110000110001001010110010101101010001101
62
11010010011101000010101011010111111100110110001101111010101000
01111011110000000000100011100100110110101111100111111010100000
226
0101000100011011010101001011101110001100010101111101110001010111110110111110010000010110101010110101010101011111100100110110111110000101110011110110000010011000101000111011110000010101100111101100001111111010001000011000010111
1011101000010001001000100101111001110011001011011101101110111011010010111101111111111001010010001001110101111010110101101100101000101011101111101000010101011001011000110111010100001011110111010110000101110010010110111000011011
29
10110000101010100111111000101
00100010100101011101011110110
41
10010001000100010101010001110000010011111
11010110101011001001010011110001010011000
317
10010011110001010111001000100001000000100010000110000100000100000100010111100110000001001100011010110000111001000110011010000100100001011111101101000100110010101110100111101000000110011010011011110011001101001110011000101101011110010001110010111000100100001010001011101000001011110011000100100000001001000101100110111
01011110111000000101101100101001000100100101001111110111001010101001011011010001110100110000011000011001011100101011110010110111110110000010010111110111010110000110111101001010011011001010110101010100000101111111111001111011011000001110101100100110000011010101101010000111101000001000010100010100001101010101110010111
94
1111100001010010101001110100011011000001101100000100100011100001111100111000100100101001100111
0101001111001000111001111011100011101010000000101000011100101110010100011000010110111010111011
147
001110000011110010011010000101110010110010000000110110111100111100101111000011001101110100000011011111111001001100011011110110000111010100111001000
111011110111010100110011110111010001100111001000010010000100101011000000111011110000101101001111000011100110001000101100101101001000011100100010111
93
001000000100010100001101000100100001001100010101011111010000011011100110111101001110101111010
000101001001111001000011100001010111011110011011011100100011101101101010000011101111101100010
71
11001011111000010011010001011001000001111001111001001101100110010111001
00000100110001101010000110111000011100100110010101010101001100001010100
130
1001001110010111000010001010011011011000000000011111011001100110111111100100110000011101111110100101000110000100011001101110001110
1011111100101111001101110001111011101010011011100000001101100011000000111001010100010010111011000000111101011101010001010111010011
22
0010010000101100011000
0001001111111111111100
147
001111101100010001011100001100011100010011011000011000101011100110111111010000011001100011110100000101100100110111011100110011100001000001111010110
101011010100010001001000110010100010100011010100011011011111100001100001111010111011100101110100011101010000011100001110001000010001100100101000110
