20
10
0111100110
0000111000
70
0011001101111100010110001011001101000100100000000010101000001111011000
0100111111010010111101010000010011100100101001010100110001101111111001
117
011000101010011110011110110110100100011001110000111110101001101100010011100100110011011100111101001010110001101101011
000010000001100110100100000100110011011101001111110001111110010101101110100101111000001010010110010010011101111101111
26
00101110100100000011110110
01101001111111101001101011
153
100010111001101111111101010110101100010111001110111001100001011110100000111001001000101101101100101010100110111100010011101100110101111100101101111111110
010000110000100001001100011101111001110101101001111000110011100110011100010011110000100100110110010011101100001001110011100000000000111001011110100111110
83
01001111001010001000001100011110101010101101011100110011001101010001000110101011110
10100001111101100001111110001010100100000000101001000110110011111101101000110011011
95
10010010101001110010011010100101111110101111000100011010101101101101111110110111011010011000111
01010011111111010011001010101010101101000010001101100111101101001001101101010010100001100100000
172
0110111001010110101011001001100101111010111100111001110011011000100100101101101101000001011111000000101011001111110011100010111011000000100111000101011010111010010111101111
0111110110001001010000001101001001011011101100000110001110101100101011001010101111110001100001100110101011000100110000101101100000000101010100010101001001011101010101001000
84
110101111101110111101111111001111011001000010111111101101101111000010100011010001000
010101010000000010111111111001001111000100101010010111000000111100000110001001011110
177
111011110000100000000100111001111101101010100100010111011000011001110010101001001110100011001011101000101011000101100011110011110110000011100010111101101000010110111111001000011
101110010000111100000000111111000011010001110001011011110010100011011101100000111110000011110100000110100111010101010000111111011110001010010110000110111000010011000000000101001
60
010101100100010110101101001100000110101000000001110111010010
101100100001011011111101000101111001110111001110001001011011
10
1101110010
0000111101
55
1011100100010010010000011101011011100001011011100011111
1110101111011110001110101011111101111111010011011001001
177
010100100011111000111110000011010001111011011011110101111111110101110011110100111000011111011111100100100010010000001001111001100111010101111110101110000101100111100111000100000
101001011010010010101000000001010010111100001111100100010001001100011000101000110000111000010001110000010000001101110111010110111111101011100010111011000110010110001110101111001
71
00000101000110001000111111101010001010000110001001000011010001001110000
11000100101011001010110101000110111010010011101000010101011010111111100
200
11011000110111101010100001111011110000000000100011100100110110101111100111111010100000010100010001101101010100101110111000110001010111110111000101011111011011111001000001011010101011010101010101111110
01001101101111100001011100111101100000100110001010001110111100000101011001111011000011111110100010000110000101111011101000010001001000100101111001110011001011011101101110111011010010111101111111111001
58
0100100010011101011110101101011011001010001010111011111010
0001010101100101100011011101010000101111011101011000010111
10
0010010110
1110000110
92
11101100001010101001111110001010010001010010101110101111011010010001000100010101010001110000
01001111111010110101011001001010011110001010011000100100111100010101110010001000010000001000
280
1000011000010000010000010001011110011000000100110001101011000011100100011001101000010010000101111110110100010011001010111010011110100000011001101001101111001100110100111001100010110101111001000111001011100010010000101000101110100000101111001100010010000000100100010110011011101011
1101110000001011011001010010001001001010011111101110010101010010110110100011101001100000110000110010111001010111100101101111101100000100101111101110101100001101111010010100110110010101101010101000001011111111110011110110110000011101011001001100000110101011010100001111010000010000
