20 141
1 2
2 3
3 4
4 5
5 6
6 7
7 8
8 9
9 10
10 11
11 12
12 13
1 13
3 14
13 15
5 16
3 17
7 18
2 19
6 20
8 5
2 5
13 2
18 10
9 15
19 6
10 17
16 8
20 3
6 4
18 3
20 1
7 17
12 1
19 20
8 20
7 13
5 13
14 1
8 3
18 2
11 17
17 1
4 13
20 4
10 7
6 8
16 14
16 9
8 19
6 18
18 11
7 4
9 13
7 12
1 10
16 13
3 12
17 12
15 20
16 15
6 3
19 10
17 2
20 9
11 19
8 11
7 5
13 8
14 8
13 11
1 4
7 14
10 13
6 1
5 1
8 1
17 13
15 18
13 3
2 11
19 18
3 15
16 12
12 10
12 15
14 17
16 2
10 3
7 2
20 16
9 2
15 17
18 9
12 8
11 4
19 4
2 10
2 6
4 10
10 20
2 4
12 19
18 5
12 6
10 14
18 17
19 15
18 20
17 6
1 11
1 7
6 15
3 16
4 12
15 7
20 14
16 4
4 14
3 7
7 11
16 19
4 9
12 20
14 6
13 19
14 11
1 9
1 16
9 17
11 9
16 11
16 10
20 2
13 18
9 19
13 6
19 17
17 5
10 15
16 7
