20 106
1 2
2 3
3 4
4 5
5 6
6 7
7 8
8 9
9 10
10 11
11 12
12 13
13 14
14 15
15 16
1 16
15 17
16 18
10 19
2 20
13 9
4 17
8 17
5 15
14 8
8 2
11 16
14 18
13 16
8 13
2 9
9 11
1 7
8 3
9 20
15 13
7 19
8 16
12 1
13 4
20 11
3 12
12 4
13 6
18 2
2 11
4 20
13 2
1 4
19 17
10 8
15 18
16 2
4 6
16 4
10 16
4 2
10 5
18 6
6 20
2 7
11 1
19 4
2 17
9 16
11 13
20 19
10 6
10 18
14 7
19 6
15 20
14 2
7 15
17 16
1 19
20 18
18 3
20 8
10 1
9 5
6 2
16 6
2 19
15 19
4 11
12 9
17 14
1 9
16 20
1 3
15 3
8 12
18 4
8 19
3 9
8 6
7 11
7 3
9 17
14 5
15 8
4 14
13 17
1 18
19 3
