20 183
1 2
2 3
3 4
4 5
5 6
6 7
7 8
8 9
9 10
10 11
11 12
12 13
1 13
8 14
2 15
8 16
10 17
6 18
8 19
4 20
13 14
15 11
5 3
11 3
18 12
15 12
1 17
12 8
20 11
3 6
3 19
18 5
4 14
5 11
9 15
14 1
19 18
1 11
20 6
5 8
15 14
8 11
18 13
5 15
14 2
8 3
17 19
20 13
17 8
3 14
2 10
12 5
6 10
10 1
9 18
13 16
18 16
7 4
16 15
18 4
3 15
12 3
20 1
1 3
6 8
8 2
19 5
7 16
2 16
17 15
11 7
19 16
20 19
7 17
12 19
14 12
12 20
17 16
14 6
2 13
6 1
13 3
10 4
19 15
18 8
5 14
3 10
1 7
9 1
7 10
13 17
7 5
19 4
15 7
16 14
10 20
4 16
19 14
15 18
9 2
4 9
9 17
19 10
12 17
14 10
8 4
10 12
14 18
16 12
9 14
19 13
6 11
13 9
7 14
18 1
3 17
14 11
17 6
15 10
13 10
6 12
16 20
20 3
9 16
12 7
2 17
2 12
4 12
2 20
19 2
19 1
20 5
11 19
9 19
5 2
6 13
3 9
14 17
2 18
18 20
11 13
16 10
6 15
11 16
13 7
7 18
15 20
11 9
6 4
4 1
20 9
4 13
3 18
6 16
2 4
4 11
17 5
15 8
1 8
14 20
17 11
19 6
3 7
7 9
11 18
20 8
20 17
8 13
1 12
6 2
4 15
10 8
9 5
18 10
9 6
13 15
4 17
20 7
7 2
16 3
5 10
12 9
1 16
