20 149
1 2
2 3
3 4
4 5
5 6
1 6
4 7
5 8
1 9
1 10
5 11
3 12
1 13
6 14
1 15
4 16
3 17
2 18
4 19
2 20
1 4
12 15
6 4
4 9
1 12
5 2
1 20
13 11
12 19
12 10
3 9
17 12
1 3
7 17
8 12
13 5
10 5
6 18
16 2
16 6
19 8
12 5
19 2
7 15
18 5
10 7
11 10
4 8
2 14
14 17
1 7
19 14
14 11
19 13
9 11
8 15
16 3
18 15
3 20
20 4
11 16
12 6
2 10
2 13
17 11
11 4
17 10
11 1
5 14
11 7
20 14
8 13
8 6
5 20
17 13
10 6
19 10
19 1
12 11
17 8
7 3
20 19
17 18
9 13
9 8
12 16
1 5
14 4
20 9
17 16
2 8
10 8
13 10
17 9
12 9
6 20
6 17
18 16
15 11
18 20
16 13
18 4
19 7
14 16
9 6
5 16
5 17
4 15
9 10
16 9
11 3
8 16
18 3
13 3
12 20
2 9
18 10
14 9
19 15
5 7
16 7
8 1
18 8
7 13
3 14
6 13
18 7
5 3
11 6
2 4
15 13
3 8
10 3
17 20
20 11
8 14
12 14
20 8
11 2
5 19
4 13
9 5
2 15
7 6
3 15
10 20
6 2
18 1
20 13
