20 105
1 2
2 3
3 4
4 5
5 6
6 7
7 8
8 9
9 10
10 11
11 12
12 13
13 14
14 15
15 16
16 17
17 18
1 18
3 19
4 20
5 2
9 20
12 20
7 20
7 17
10 7
6 19
14 3
19 11
10 3
19 15
20 11
13 3
11 5
19 1
16 4
15 1
6 13
4 9
15 17
2 18
20 8
1 6
10 8
10 12
13 15
3 15
9 19
1 14
7 9
14 18
18 19
5 18
15 12
9 5
10 16
2 8
12 9
17 9
20 2
9 15
14 6
15 18
15 11
12 19
3 9
13 7
3 18
5 3
5 19
2 7
8 18
16 11
16 5
6 20
20 5
7 3
11 3
5 17
10 15
4 18
15 7
4 15
9 1
15 8
19 14
2 11
3 17
20 3
7 18
11 9
18 11
17 20
10 19
17 13
7 5
8 17
9 2
18 6
14 7
14 5
2 14
13 5
19 20
16 20
