20 173
1 2
2 3
3 4
4 5
5 6
6 7
7 8
8 9
1 9
8 10
9 11
5 12
1 13
8 14
9 15
7 16
9 17
5 18
5 19
7 20
18 14
14 19
17 18
13 15
18 3
11 3
5 13
15 16
20 16
13 8
12 20
13 19
7 1
14 4
17 14
14 7
14 10
1 18
9 6
4 10
20 11
17 7
14 20
14 6
7 18
10 6
11 17
14 9
12 13
14 2
15 2
10 13
1 16
2 7
6 19
4 17
7 3
8 12
9 20
19 3
1 4
8 15
17 15
9 4
17 1
18 19
20 4
16 5
3 20
8 16
20 2
9 3
2 4
12 18
19 11
11 6
12 9
19 12
6 16
7 12
5 3
5 10
11 15
12 14
6 20
3 13
1 14
9 5
17 16
10 16
1 5
4 18
18 8
9 16
17 19
6 8
5 2
4 13
11 5
2 13
3 8
12 3
17 20
19 10
6 2
9 19
20 1
7 9
18 6
3 16
1 12
13 6
15 20
10 11
17 10
1 10
12 17
10 3
18 16
4 11
15 12
7 15
18 11
14 13
4 8
7 11
10 12
9 18
3 6
6 1
17 8
19 15
11 8
1 3
17 6
18 10
11 2
19 4
8 2
15 1
10 15
2 18
13 9
2 19
2 9
18 15
19 8
16 11
8 1
17 13
8 5
16 4
2 10
5 14
2 16
18 13
11 12
13 20
7 5
11 14
7 19
7 13
8 20
20 19
20 10
14 15
13 11
1 19
9 10
4 12
6 12
15 6
15 3
