20
91
6 30 6 13 76 89 55 44 75 55 64 24 71 35 3 2 55 50 42 55 74 9 58 39 6 63 14 26 21 22 49 37 30 40 86 6 4 57 20 71 7 52 66 27 86 71 44 9 77 87 87 68 46 61 30 7 80 61 8 62 13 21 88 77 66 15 38 72 69 78 50 87 78 16 6 61 16 24 44 19 88 16 55 77 86 31 7 87 87 13 19
95
83 65 79 78 64 8 53 37 90 60 38 42 65 34 2 43 29 39 75 10 61 8 50 37 56 83 19 9 29 8 92 92 40 13 67 38 84 37 95 37 55 3 2 41 18 9 82 46 20 41 92 28 50 55 52 47 31 22 51 47 19 86 32 52 42 71 69 8 72 52 88 15 26 36 95 42 71 21 42 38 12 91 57 67 51 27 8 83 83 15 62 35 61 67 2
229
1 75 106 156 67 43 93 27 34 104 19 74 8 33 49 150 67 223 8 20 12 207 19 41 149 45 75 47 16 52 19 49 223 143 77 7 136 100 44 49 202 155 222 135 182 220 210 136 214 77 80 41 190 134 222 207 10 153 102 175 148 16 97 6 23 44 32 97 104 12 143 220 156 75 62 222 116 2 99 47 182 75 72 111 92 27 142 229 16 200 47 95 65 62 79 74 134 7 188 202 185 100 217 41 220 118 129 87 201 143 8 30 103 89 186 96 111 30 19 31 33 31 155 193 205 210 142 12 150 101 196 107 161 82 181 18 129 187 61 44 95 107 154 108 95 79 119 11 226 193 6 84 142 29 158 10 206 80 12 15 128 99 214 200 161 29 206 115 219 150 147 132 223 53 210 38 46 214 156 40 48 214 91 213 79 223 145 229 68 10 156 52 60 7 57 209 196 207 121 211 138 118 142 49 26 66 218 185 198 40 220 30 224 181 11 212 59 116 68 104 174 98 134 135 209 122 83 88 81
25
3 3 6 16 18 23 4 23 5 2 3 11 21 11 18 21 10 2 10 18 13 20 13 22 24
78
77 51 31 72 8 22 58 50 65 15 55 5 77 19 76 18 10 50 35 26 55 51 14 36 58 71 38 40 35 66 66 74 45 36 28 26 9 3 76 59 28 7 40 47 51 45 2 35 69 6 76 9 52 20 33 20 49 35 35 10 2 24 54 20 72 9 24 31 2 68 59 38 19 50 44 10 20 10
275
120 183 123 134 176 35 203 37 81 166 131 199 65 48 150 141 7 183 152 207 43 250 192 250 209 257 196 251 183 241 187 109 108 39 110 255 262 123 267 101 69 172 105 203 110 225 26 185 129 81 141 235 166 164 81 148 207 269 141 11 73 116 106 212 121 184 79 82 262 178 144 130 170 14 25 243 54 130 204 149 251 230 121 165 53 45 48 184 124 49 63 84 84 210 191 169 226 66 195 45 104 225 272 255 66 199 84 139 106 130 93 170 145 265 207 260 70 221 125 43 223 6 88 202 135 57 191 75 9 35 70 215 159 41 37 77 28 73 75 65 269 188 39 81 1 121 48 40 26 178 255 118 250 74 22 138 4 91 25 249 139 46 3 196 19 169 82 13 167 99 119 141 12 136 72 34 230 51 232 233 270 252 145 93 176 149 240 130 63 134 78 228 272 181 45 233 35 116 11 221 267 128 208 72 104 72 166 144 162 226 121 77 81 45 108 227 28 218 260 29 272 22 15 131 48 126 239 243 119 217 63 104 130 216 23 143 227 249 257 224 183 131 242 4 30 202 228 130 87 202 43 263 250 202 191 264 218 145 213 25 264 73 102 250 4 45 241 197 268 257 199 32 111 64 206
20
10 17 3 14 19 8 13 7 15 15 8 17 20 1 16 14 6 9 15 11
83
57 8 19 6 74 50 25 28 34 48 24 50 2 42 49 9 28 65 57 32 63 20 9 14 67 39 10 16 20 57 31 1 82 1 78 20 75 76 54 80 49 16 34 47 37 83 80 73 47 49 30 20 34 37 11 80 61 65 76 43 78 28 33 1 78 10 45 46 57 34 7 54 43 46 78 53 75 25 44 9 16 47 76
128
75 81 122 65 109 68 41 110 126 78 26 67 63 25 100 96 2 22 97 106 50 28 116 100 95 75 79 36 44 20 55 13 63 78 20 36 77 39 115 63 12 18 20 90 84 104 108 75 128 101 7 105 57 25 45 57 52 41 29 109 111 50 120 34 40 112 2 66 46 96 50 8 46 21 54 107 24 2 109 116 40 46 125 16 2 76 14 9 78 77 116 1 15 75 96 119 126 113 63 35 10 66 34 85 33 107 77 40 53 44 20 24 26 101 89 108 106 41 21 7 108 114 70 64 26 1 128 76
106
7 8 101 28 46 61 83 82 3 13 3 102 3 34 77 29 30 97 22 99 38 35 9 96 15 95 17 17 55 88 27 106 80 30 1 44 55 13 35 68 49 71 60 83 6 106 67 93 52 99 97 63 41 3 64 70 35 45 51 35 57 55 47 54 7 53 31 32 50 8 18 22 22 100 9 56 59 55 63 62 68 71 88 102 61 36 93 6 27 77 4 40 40 72 74 12 105 14 20 7 17 32 29 96 90 50
36
24 21 31 21 27 2 25 3 15 23 27 5 27 31 11 29 17 28 7 29 19 19 31 6 29 16 24 20 4 18 25 36 5 35 5 20
36
24 17 24 3 16 29 1 11 28 2 21 15 26 34 11 19 36 5 28 31 1 29 33 20 1 33 17 4 2 32 16 22 21 26 28 21
9
9 8 4 1 1 2 6 2 3
39
4 37 27 38 35 5 34 37 19 31 23 2 2 22 7 6 38 21 38 16 27 17 18 6 18 19 15 29 14 25 24 28 25 7 2 28 27 31 6
52
42 41 15 51 22 18 25 40 35 44 27 13 13 21 11 32 30 51 44 20 15 18 1 12 23 28 14 28 46 41 5 40 10 51 25 13 39 29 18 2 49 39 29 33 22 10 2 28 45 13 33 14
27
25 24 12 8 16 15 9 16 26 10 15 20 24 20 2 21 27 16 22 9 21 4 18 12 14 1 12
10
8 2 8 2 9 8 2 3 5 4
208
129 192 192 108 183 43 82 56 74 25 159 150 76 109 5 112 180 141 31 96 132 47 192 29 43 10 154 146 50 127 59 83 51 135 25 56 151 207 60 137 25 172 144 3 179 84 167 78 14 77 190 47 142 168 35 88 196 162 60 118 191 114 56 139 184 24 106 90 201 42 131 124 155 56 88 34 143 9 69 144 131 156 72 116 176 149 154 84 79 43 1 50 201 73 31 121 141 132 83 10 105 175 56 96 153 8 61 20 34 136 198 8 34 70 145 148 35 92 77 190 57 206 158 104 69 152 88 10 109 28 151 106 203 74 82 63 121 39 156 102 183 15 185 141 8 10 6 22 106 36 133 39 159 63 5 69 9 62 73 83 191 69 61 152 133 74 24 155 5 101 203 43 21 141 133 208 121 3 67 23 42 182 167 99 94 188 111 208 171 10 51 106 25 110 153 94 144 34 142 127 178 172 57 98 197 77 105 150
319
83 309 81 302 36 55 161 261 263 31 164 186 263 6 211 56 108 138 304 98 178 281 189 285 263 67 121 137 28 167 22 81 227 87 182 59 16 281 43 275 136 180 231 87 258 211 4 30 226 197 138 141 46 215 307 295 299 42 26 104 121 31 104 18 110 231 318 203 309 308 278 294 248 78 231 110 64 136 125 62 56 177 39 124 143 169 56 308 51 253 312 148 313 314 211 295 6 55 131 225 72 31 164 229 209 252 76 169 300 137 41 212 100 179 189 41 55 116 215 210 11 156 274 208 302 192 294 235 239 15 6 52 49 203 94 236 254 201 287 186 213 318 266 98 142 100 38 224 92 113 224 302 318 144 60 18 71 185 120 273 227 6 29 44 29 29 142 270 203 285 34 101 261 71 207 126 180 110 221 52 141 55 56 256 314 314 64 277 110 187 312 83 180 275 239 54 173 189 67 189 81 216 116 193 280 134 192 298 22 138 37 312 170 61 261 115 84 193 129 100 316 295 252 134 306 61 228 208 187 120 95 180 14 177 208 155 117 165 123 99 3 105 37 19 310 258 53 217 62 98 129 281 292 227 173 267 271 229 295 254 239 163 136 24 26 165 180 129 285 171 317 279 242 93 234 210 111 166 42 14 274 171 163 292 225 151 197 111 203 292 212 187 201 98 294 216 290 54 192 141 18 39 72 157 314 115 218 32 228 135 314 157 81 103 58 233 217 199 55
134
111 53 14 50 13 131 100 10 37 19 76 133 81 126 42 65 119 9 86 118 23 53 62 29 112 21 85 32 25 89 90 20 75 3 94 129 24 126 94 115 127 79 54 113 120 49 67 74 104 101 125 124 56 27 80 2 87 92 73 7 108 17 22 58 69 70 48 93 101 122 95 68 31 106 72 78 45 9 1 60 89 107 42 6 130 66 103 134 77 83 5 121 41 12 64 15 85 48 52 7 31 98 59 64 86 65 129 66 77 57 84 88 72 44 26 28 113 106 102 122 82 22 97 71 11 39 61 24 16 8 79 12 78 97
