348
3373 20643
14910 21291
17404 49381
13703 41458
17590 27674
21855 38062
1032 22453
23293 36412
11541 15686
11186 21071
14790 43464
19416 24451
25953 26749
1541 28920
11614 20810
4740 32618
21622 37513
21253 39368
7164 36451
30355 60749
10096 25514
6599 21785
15954 47666
14139 18755
24628 27295
31810 34170
24339 39372
21974 48919
29671 57240
18898 49847
377 4418
28770 53584
31093 51008
8631 38094
6080 13978
11263 33832
26635 30139
9620 36601
18857 50386
12147 26773
26013 29090
15345 19112
19192 28385
11689 34628
9570 14090
25273 49796
16886 37559
46 11162
22099 23164
4540 36206
15855 19513
20915 36531
8623 35834
11566 31103
15797 26695
22669 25187
14714 31233
2086 34566
17948 47031
8504 15417
30457 38019
30496 50062
2172 16984
26832 57464
2359 12265
29308 34008
6450 23025
1942 27933
13187 34840
18685 33754
13855 36161
27506 58590
7152 9066
25163 55240
7464 31487
8811 39462
10708 38321
4465 20744
29364 34007
30000 31258
29770 41786
30560 46140
14385 25203
4498 14232
16560 17349
30058 54589
21135 38000
17672 22068
4393 34190
12231 37403
8387 14182
18218 38202
17180 20552
8211 11807
8773 14050
5174 15024
15795 34845
14286 36042
11667 24685
22414 48722
12381 37040
4827 19668
13996 22148
26168 54421
24909 45085
14850 17200
9622 25503
18781 22951
3065 20981
30062 54788
15577 44332
22731 40042
20379 43587
12079 14257
4097 18065
25971 35197
11699 14475
26041 33234
2591 9261
29675 46644
6275 10950
11876 12342
1096 28248
1772 19355
4498 8297
18410 31718
27669 46176
31189 53624
22570 52573
15596 38435
31266 32653
27431 55623
10202 32005
5741 17254
30863 50714
14087 35133
1780 30011
7765 22111
6530 15938
447 1863
9488 14676
12783 35575
23971 37170
21053 50185
18823 44313
9323 16718
2719 28178
15507 42465
20985 38861
12637 39103
12709 31997
7285 37858
16584 34603
32573 60121
17900 45582
24511 24795
23450 37478
12773 42597
17195 32850
24812 38479
23003 32040
3350 35428
25631 27855
20895 40827
9017 14997
9971 16654
26889 33157
13598 21588
7718 20550
10884 23253
28205 41066
27346 58503
3673 6478
10804 43361
21076 46701
18633 41592
845 26938
596 31379
11595 20086
17972 44613
22209 36619
19350 45956
22114 33889
13801 32961
15158 47163
23954 52099
31470 55304
4321 22138
23157 46015
24900 42779
17607 24630
20667 31413
1030 5375
29580 54028
4299 23990
23096 29294
27578 46816
22445 40782
13657 44611
30653 34650
30754 40636
14799 39443
22742 40853
25557 45798
8469 16229
382 27331
22572 41565
25516 26934
24110 39975
13352 36095
15686 23870
29077 50216
9547 19396
26530 27551
17813 40921
30596 36431
30991 56182
17572 23477
30862 46532
6548 11769
1889 4594
6472 30601
20010 39311
4227 28716
22508 37473
31631 55708
25956 34751
5169 13217
2717 24422
31708 47014
19135 29140
22053 29648
9767 15900
26487 56729
20157 20804
3080 13285
30338 30998
6923 34972
27753 55934
2600 18885
31592 33630
25897 41491
16334 36841
28150 35083
26327 31608
30915 55955
3198 13540
22664 52749
11154 36445
28593 42222
21516 41156
14615 26840
7072 14977
23856 37166
31890 61914
10114 26672
5835 29390
28766 34707
1836 8300
20170 50323
18722 41384
9919 25493
22139 29113
26517 27446
31096 35817
3771 28390
1315 19190
17067 43267
26594 37859
6685 15469
19533 25684
25467 30113
15421 23650
150 25422
31269 56312
10903 40557
1190 19368
12856 39390
30813 43266
4148 20858
17408 28272
23035 45231
25257 28296
28331 34966
4209 15084
28732 60811
11585 11930
23802 54341
16869 46024
23865 50802
23394 23868
6468 34502
12426 27430
11158 31900
17869 21360
845 16139
850 26017
19163 38778
28999 41516
9983 21441
3701 23884
25076 49079
29975 50525
22248 40527
16876 25777
12719 31280
29067 46827
22201 42447
10231 27092
1857 17152
5747 25012
5576 10775
29591 39213
16066 34936
14756 29840
31119 36532
7957 8371
21932 34335
32118 38220
14379 42475
6777 21196
3424 32696
1863 29617
17118 23479
2580 10591
7586 23611
17910 48252
16525 16591
5367 10437
30488 41175
18537 27749
6211 30111
17273 41680
5582 19446
9223 33561
2988 30026
28085 55755
25525 36922
27454 38464
24987 49328
14858 33658
11039 28538
13311 17530
8324 26979
11161 11287
6468 13767
11837 34906
22787 31921
