426
31959 51985
2605 27160
13341 21713
8985 39802
1108 7642
22912 46164
4928 34673
13423 14814
27762 43077
18722 40435
25884 54466
23926 51752
29220 49901
3741 8807
9335 25018
20501 22275
16288 31717
22235 24152
7833 15944
17628 28118
23265 47543
10412 19110
27086 30802
9594 18875
9253 15974
22340 22380
27624 36537
18247 24201
25711 35437
1210 26360
28858 50258
13755 17354
27654 40895
13450 43221
20638 21227
3317 32710
16628 42182
28179 54466
9968 32333
25653 45688
23944 26470
28442 50618
6289 34613
18530 41108
32469 49145
28229 29931
10853 32347
18053 40585
817 21585
28065 54463
10197 30572
1612 23418
22710 47801
7453 35800
6478 7185
29832 35908
31684 31989
19725 36877
19136 40679
32175 63100
1405 31551
28840 41328
25120 36485
22619 23407
19016 44873
12426 42312
1510 2170
24521 49954
2127 20287
3379 24856
5007 19533
32347 42833
9728 20674
4486 5528
26140 44669
10263 32369
144 19440
5450 31158
11409 27519
25893 42670
19059 48728
4012 5535
20600 23237
27733 45294
31206 44552
31163 32177
27740 33202
19862 35789
18277 44159
16619 28039
21070 34472
11392 36512
15413 47547
18835 49903
8803 33787
2763 25716
20700 34607
367 22772
28979 47867
8918 22286
7075 39618
543 17110
32348 42736
21026 31210
3867 20955
17317 26380
31485 61463
5076 13628
18581 50258
24299 31306
24636 48808
2870 12531
28328 34683
24635 55926
21953 28112
7734 8114
8111 20768
10693 18866
10296 40631
8165 27094
28745 31365
26141 35160
20434 43900
2809 14451
31191 58211
2746 21750
1733 31285
19532 24664
30978 46319
27256 48470
28615 45041
7515 11529
31794 34001
22551 25466
19607 50103
28360 35777
8728 22575
22714 37785
17525 29062
25305 38519
26661 34465
26216 49188
15013 36179
22518 32470
2320 32058
17038 23748
13552 13839
815 22852
27475 57733
22651 39259
21026 26783
6835 18397
8111 38023
12259 32000
20621 29412
4186 34166
28580 38328
28509 57604
9348 18098
23581 53404
31738 50699
28390 52209
7905 11481
22168 46739
27451 35564
23131 44166
9089 22561
9103 15961
10295 20798
25602 29885
28610 55367
11366 29601
12414 28762
1794 5319
28940 60675
10919 20953
29417 60692
23014 54795
11077 14594
17024 36646
15890 40118
28958 38443
12123 21740
11586 18276
16087 43012
20862 25088
8638 16991
29668 34601
3803 28215
29373 61594
20707 48883
14718 46783
21253 51203
20983 32323
23490 30518
5582 25901
27135 43667
5164 34682
26712 39342
32694 62256
10936 43657
14527 25593
27174 51676
18363 40507
13026 24319
23543 49584
30897 62261
8840 27516
17781 42121
2434 32713
13824 31783
17258 29400
14634 16434
7917 27043
17697 22810
1745 2539
30465 57980
15917 20952
20645 32622
11477 20234
2236 2658
20505 36152
8479 14455
9135 37954
14178 18519
5869 19916
17320 21637
25147 43606
14780 24900
20681 24021
16478 48608
21117 35782
29403 53646
27184 47820
24801 27589
19481 26564
16528 45071
16521 36961
1748 13674
7897 36158
23027 28954
29857 37757
4706 34049
11563 13785
15837 35193
19752 48450
22710 27309
5793 12529
12654 29040
10544 26119
10882 36752
29295 61083
20103 34744
689 16477
27257 35007
6640 27299
8785 21637
263 13325
13269 35401
801 30607
23476 44161
7026 39192
4306 31284
11045 27036
2529 13264
19349 21175
16689 25473
4287 8637
27337 49420
20472 51802
4278 18724
16091 30880
18851 41031
32390 51882
15786 22798
26374 35243
28010 46604
9999 14984
28506 32548
3056 24054
5980 33375
1479 14349
15510 22599
15345 30555
4477 33722
17861 37769
16946 34122
23426 47973
19730 31247
4997 10885
18825 24064
32704 48729
4390 35274
16231 41666
32501 33837
22764 28209
14601 16077
28718 34105
14424 22161
11502 40358
716 28532
25986 47386
19350 50145
25037 28450
28102 32655
19054 24270
29976 32206
6200 8138
10513 33642
6114 35574
20043 35838
22016 45692
4622 17098
1842 24938
21535 48911
16540 31436
17117 39911
5270 36925
32137 33689
26532 34822
12518 18037
4520 10933
25090 38186
8022 28720
23379 30366
18409 25684
28677 37192
27412 31494
2451 24582
11068 11219
13205 27252
30692 44286
6617 39111
7273 9762
11444 15138
9967 12867
24474 56434
15259 35178
13805 30914
10243 10683
4627 12053
19170 22539
31435 34491
9233 20481
19137 24625
8370 31648
32352 43373
30638 35435
5095 28096
10851 16377
12735 22828
32150 53767
1804 18231
32431 44572
6786 30024
26917 32408
31609 61566
55 18253
2372 22279
12509 29083
17599 34042
4094 8196
24616 50346
2275 8517
304 6789
20460 23281
26961 50278
28033 33667
30817 33905
30028 33789
15720 20330
15781 22777
2479 30347
11086 19272
14873 25820
25953 55301
10934 34834
1414 8237
2198 31965
6249 14266
30171 38596
620 11323
13330 23425
7321 39655
18628 35283
7642 11835
20551 50136
9324 23311
29402 29929
29585 46382
12274 35563
14725 45935
29646 39721
29108 47948
11089 35508
14122 19452
18961 21039
6987 8455
30380 62766
21700 42083
20827 50444
23233 34823
2249 34629
16481 24329
12581 38731
25702 36397
4469 7136
18738 27657
23342 26607
10479 26770
2 7904
6669 37946
6650 13428
22513 24197
6596 24602
1003 25638
12110 39883
29289 42129
8340 18014
22635 30485
694 33120
27959 38774
2381 25200
21582 41474
24575 36885
25502 55084
