100
1 2
2 3
2 4
4 5
4 6
4 7
4 8
2 9
2 10
6 11
9 12
12 13
12 14
6 15
5 16
8 17
14 18
7 19
3 20
19 21
16 22
13 23
1 24
24 25
20 26
23 27
12 28
18 29
26 30
5 31
10 32
28 33
8 34
19 35
30 36
8 37
2 38
33 39
8 40
6 41
34 42
35 43
24 44
38 45
31 46
21 47
14 48
44 49
44 50
26 51
1 52
26 53
27 54
33 55
40 56
48 57
35 58
2 59
7 60
56 61
37 62
15 63
33 64
21 65
20 66
55 67
9 68
29 69
14 70
63 71
5 72
44 73
8 74
6 75
24 76
23 77
55 78
54 79
41 80
3 81
65 82
46 83
71 84
1 85
55 86
55 87
54 88
83 89
37 90
75 91
29 92
38 93
63 94
64 95
18 96
79 97
5 98
53 99
91 100
