5000
1 2
1 3
3 4
3 5
2 6
5 7
6 8
2 9
5 10
7 11
5 12
3 13
6 14
8 15
2 16
9 17
10 18
12 19
18 20
3 21
16 22
5 23
17 24
15 25
1 26
7 27
14 28
7 29
20 30
16 31
26 32
15 33
16 34
26 35
21 36
10 37
12 38
13 39
19 40
21 41
11 42
6 43
1 44
31 45
26 46
28 47
29 48
18 49
38 50
37 51
17 52
39 53
6 54
18 55
7 56
14 57
23 58
31 59
44 60
58 61
20 62
17 63
58 64
42 65
8 66
2 67
15 68
39 69
17 70
42 71
30 72
7 73
50 74
16 75
4 76
13 77
62 78
31 79
60 80
30 81
62 82
62 83
36 84
25 85
61 86
64 87
54 88
87 89
16 90
18 91
70 92
47 93
28 94
42 95
6 96
92 97
38 98
88 99
50 100
38 101
26 102
34 103
14 104
65 105
33 106
46 107
6 108
18 109
109 110
42 111
51 112
59 113
26 114
113 115
4 116
116 117
19 118
44 119
49 120
56 121
6 122
78 123
117 124
34 125
53 126
11 127
118 128
8 129
105 130
84 131
41 132
130 133
30 134
37 135
82 136
22 137
75 138
96 139
137 140
29 141
86 142
83 143
91 144
131 145
139 146
66 147
135 148
117 149
77 150
49 151
74 152
42 153
134 154
23 155
5 156
140 157
37 158
111 159
69 160
33 161
131 162
149 163
142 164
105 165
132 166
93 167
106 168
30 169
58 170
117 171
84 172
9 173
49 174
18 175
69 176
160 177
94 178
140 179
94 180
120 181
179 182
115 183
156 184
44 185
51 186
118 187
140 188
122 189
108 190
108 191
53 192
98 193
40 194
140 195
74 196
154 197
37 198
143 199
11 200
52 201
100 202
118 203
169 204
16 205
59 206
9 207
125 208
183 209
123 210
113 211
48 212
58 213
46 214
94 215
8 216
110 217
142 218
151 219
101 220
110 221
11 222
12 223
104 224
22 225
95 226
24 227
149 228
46 229
182 230
191 231
123 232
76 233
228 234
143 235
20 236
113 237
156 238
158 239
152 240
58 241
124 242
231 243
163 244
211 245
161 246
129 247
39 248
126 249
222 250
147 251
166 252
143 253
197 254
148 255
214 256
81 257
177 258
104 259
219 260
157 261
156 262
146 263
97 264
249 265
37 266
29 267
144 268
109 269
242 270
220 271
145 272
43 273
49 274
239 275
27 276
39 277
57 278
83 279
240 280
166 281
193 282
196 283
258 284
111 285
231 286
157 287
196 288
16 289
259 290
65 291
114 292
125 293
121 294
217 295
146 296
235 297
52 298
296 299
104 300
178 301
2 302
263 303
249 304
45 305
57 306
282 307
181 308
102 309
1 310
206 311
45 312
46 313
185 314
9 315
55 316
13 317
286 318
281 319
245 320
35 321
319 322
296 323
49 324
188 325
185 326
130 327
171 328
136 329
296 330
323 331
25 332
224 333
88 334
254 335
25 336
264 337
4 338
323 339
38 340
28 341
189 342
18 343
326 344
6 345
237 346
267 347
56 348
266 349
339 350
49 351
304 352
342 353
188 354
257 355
51 356
74 357
200 358
354 359
104 360
218 361
83 362
178 363
128 364
306 365
132 366
327 367
233 368
275 369
117 370
206 371
159 372
134 373
128 374
168 375
233 376
157 377
22 378
330 379
188 380
238 381
344 382
90 383
56 384
33 385
140 386
299 387
340 388
366 389
67 390
253 391
204 392
303 393
333 394
260 395
242 396
147 397
169 398
304 399
134 400
363 401
23 402
268 403
318 404
271 405
344 406
359 407
190 408
331 409
321 410
7 411
206 412
203 413
81 414
303 415
113 416
2 417
301 418
414 419
352 420
77 421
2 422
273 423
316 424
411 425
404 426
285 427
381 428
106 429
50 430
357 431
29 432
109 433
290 434
108 435
330 436
281 437
165 438
386 439
376 440
433 441
266 442
88 443
67 444
110 445
199 446
366 447
447 448
17 449
21 450
70 451
125 452
211 453
88 454
19 455
35 456
198 457
336 458
402 459
358 460
226 461
389 462
248 463
153 464
186 465
216 466
336 467
15 468
270 469
51 470
241 471
394 472
202 473
97 474
212 475
283 476
424 477
371 478
121 479
477 480
302 481
384 482
116 483
124 484
458 485
85 486
316 487
32 488
72 489
274 490
201 491
60 492
452 493
170 494
8 495
345 496
424 497
460 498
36 499
341 500
129 501
157 502
498 503
372 504
418 505
485 506
460 507
26 508
497 509
99 510
456 511
386 512
268 513
402 514
329 515
503 516
338 517
314 518
88 519
291 520
409 521
240 522
35 523
256 524
94 525
324 526
295 527
216 528
261 529
54 530
216 531
514 532
321 533
502 534
85 535
120 536
393 537
437 538
239 539
538 540
486 541
219 542
264 543
461 544
447 545
203 546
233 547
525 548
394 549
23 550
171 551
259 552
262 553
358 554
197 555
24 556
455 557
198 558
431 559
437 560
504 561
53 562
52 563
384 564
13 565
372 566
221 567
216 568
544 569
175 570
95 571
135 572
468 573
270 574
190 575
419 576
241 577
253 578
158 579
214 580
237 581
510 582
149 583
492 584
141 585
303 586
203 587
49 588
523 589
509 590
149 591
523 592
544 593
41 594
418 595
90 596
525 597
453 598
347 599
362 600
528 601
95 602
531 603
8 604
213 605
570 606
278 607
110 608
272 609
388 610
26 611
464 612
18 613
517 614
99 615
302 616
325 617
450 618
99 619
345 620
207 621
222 622
597 623
141 624
27 625
152 626
152 627
200 628
211 629
232 630
608 631
499 632
83 633
156 634
431 635
367 636
88 637
40 638
101 639
290 640
580 641
324 642
69 643
298 644
56 645
501 646
194 647
199 648
165 649
102 650
516 651
162 652
455 653
493 654
256 655
113 656
354 657
125 658
126 659
575 660
586 661
394 662
431 663
113 664
193 665
269 666
217 667
174 668
574 669
320 670
210 671
60 672
417 673
221 674
90 675
165 676
592 677
376 678
365 679
275 680
377 681
295 682
319 683
97 684
525 685
644 686
104 687
340 688
185 689
96 690
566 691
205 692
570 693
503 694
540 695
270 696
307 697
686 698
64 699
624 700
352 701
582 702
460 703
149 704
11 705
489 706
341 707
75 708
450 709
291 710
329 711
35 712
710 713
408 714
587 715
696 716
491 717
334 718
188 719
379 720
341 721
89 722
68 723
722 724
517 725
513 726
552 727
509 728
533 729
591 730
206 731
729 732
274 733
512 734
26 735
42 736
414 737
280 738
488 739
693 740
640 741
685 742
130 743
123 744
640 745
585 746
439 747
671 748
110 749
78 750
185 751
410 752
551 753
619 754
546 755
502 756
283 757
274 758
53 759
234 760
444 761
753 762
228 763
471 764
757 765
397 766
545 767
316 768
450 769
357 770
594 771
495 772
109 773
207 774
604 775
674 776
316 777
735 778
606 779
172 780
673 781
732 782
428 783
580 784
56 785
602 786
292 787
721 788
303 789
774 790
617 791
15 792
368 793
168 794
87 795
396 796
217 797
535 798
341 799
194 800
126 801
223 802
539 803
278 804
580 805
249 806
677 807
384 808
289 809
570 810
648 811
726 812
97 813
278 814
167 815
30 816
488 817
439 818
811 819
462 820
731 821
248 822
788 823
12 824
435 825
273 826
411 827
754 828
765 829
188 830
362 831
443 832
701 833
245 834
735 835
811 836
724 837
423 838
820 839
526 840
657 841
511 842
11 843
48 844
286 845
762 846
691 847
356 848
45 849
719 850
589 851
424 852
279 853
269 854
462 855
671 856
90 857
713 858
356 859
358 860
251 861
71 862
856 863
762 864
451 865
493 866
365 867
25 868
306 869
507 870
546 871
413 872
818 873
446 874
762 875
91 876
112 877
554 878
313 879
811 880
646 881
94 882
10 883
132 884
283 885
584 886
408 887
79 888
541 889
620 890
331 891
251 892
254 893
400 894
114 895
427 896
725 897
542 898
380 899
528 900
440 901
184 902
359 903
130 904
721 905
761 906
94 907
130 908
778 909
441 910
687 911
360 912
505 913
5 914
47 915
620 916
911 917
199 918
694 919
453 920
667 921
1 922
96 923
240 924
287 925
553 926
389 927
641 928
650 929
301 930
660 931
365 932
564 933
225 934
267 935
650 936
208 937
317 938
257 939
248 940
318 941
133 942
942 943
457 944
691 945
505 946
516 947
431 948
342 949
16 950
375 951
600 952
789 953
527 954
241 955
507 956
108 957
270 958
5 959
560 960
244 961
525 962
579 963
271 964
530 965
538 966
699 967
894 968
231 969
865 970
53 971
288 972
819 973
690 974
47 975
443 976
103 977
241 978
60 979
368 980
15 981
81 982
876 983
433 984
625 985
361 986
291 987
947 988
971 989
904 990
640 991
620 992
423 993
540 994
748 995
90 996
182 997
812 998
449 999
652 1000
763 1001
671 1002
683 1003
875 1004
873 1005
313 1006
492 1007
184 1008
271 1009
251 1010
296 1011
374 1012
829 1013
935 1014
914 1015
913 1016
668 1017
931 1018
27 1019
123 1020
274 1021
27 1022
339 1023
453 1024
214 1025
619 1026
33 1027
805 1028
510 1029
793 1030
946 1031
589 1032
308 1033
997 1034
607 1035
859 1036
976 1037
859 1038
229 1039
1005 1040
307 1041
945 1042
531 1043
108 1044
78 1045
228 1046
697 1047
855 1048
476 1049
549 1050
863 1051
56 1052
1031 1053
549 1054
518 1055
981 1056
650 1057
1023 1058
605 1059
988 1060
655 1061
896 1062
342 1063
389 1064
896 1065
213 1066
826 1067
895 1068
436 1069
153 1070
1059 1071
202 1072
543 1073
419 1074
881 1075
768 1076
628 1077
890 1078
603 1079
914 1080
283 1081
937 1082
442 1083
702 1084
8 1085
50 1086
293 1087
749 1088
3 1089
134 1090
814 1091
51 1092
313 1093
461 1094
31 1095
831 1096
389 1097
1005 1098
84 1099
601 1100
1073 1101
24 1102
700 1103
751 1104
589 1105
415 1106
1051 1107
367 1108
190 1109
86 1110
409 1111
852 1112
542 1113
249 1114
751 1115
880 1116
579 1117
993 1118
818 1119
902 1120
1033 1121
362 1122
699 1123
465 1124
692 1125
747 1126
1112 1127
555 1128
760 1129
242 1130
247 1131
481 1132
852 1133
1119 1134
1017 1135
147 1136
496 1137
1129 1138
615 1139
566 1140
554 1141
427 1142
844 1143
267 1144
746 1145
925 1146
398 1147
860 1148
589 1149
764 1150
500 1151
809 1152
156 1153
54 1154
632 1155
510 1156
126 1157
777 1158
122 1159
716 1160
330 1161
924 1162
204 1163
1153 1164
487 1165
117 1166
353 1167
660 1168
906 1169
148 1170
104 1171
796 1172
1078 1173
281 1174
896 1175
840 1176
295 1177
715 1178
1085 1179
441 1180
413 1181
484 1182
1178 1183
657 1184
614 1185
795 1186
482 1187
1049 1188
162 1189
623 1190
789 1191
82 1192
153 1193
823 1194
618 1195
607 1196
180 1197
129 1198
350 1199
921 1200
95 1201
1060 1202
662 1203
1114 1204
303 1205
497 1206
1108 1207
768 1208
648 1209
543 1210
596 1211
184 1212
344 1213
30 1214
997 1215
994 1216
436 1217
1215 1218
1039 1219
386 1220
917 1221
8 1222
836 1223
280 1224
680 1225
901 1226
30 1227
669 1228
407 1229
871 1230
622 1231
469 1232
526 1233
565 1234
896 1235
1220 1236
361 1237
831 1238
1155 1239
1125 1240
188 1241
972 1242
1109 1243
120 1244
781 1245
445 1246
942 1247
915 1248
606 1249
657 1250
985 1251
491 1252
656 1253
247 1254
1188 1255
48 1256
1050 1257
309 1258
84 1259
816 1260
691 1261
842 1262
333 1263
702 1264
1032 1265
482 1266
542 1267
773 1268
711 1269
798 1270
913 1271
295 1272
545 1273
293 1274
209 1275
918 1276
96 1277
809 1278
957 1279
1276 1280
81 1281
1167 1282
784 1283
1042 1284
136 1285
678 1286
241 1287
1002 1288
189 1289
580 1290
147 1291
286 1292
825 1293
818 1294
1277 1295
794 1296
891 1297
1019 1298
1209 1299
186 1300
306 1301
1021 1302
881 1303
1015 1304
452 1305
56 1306
809 1307
889 1308
1011 1309
1092 1310
652 1311
20 1312
77 1313
807 1314
1296 1315
56 1316
251 1317
196 1318
1202 1319
205 1320
189 1321
1034 1322
803 1323
466 1324
470 1325
833 1326
934 1327
1085 1328
687 1329
374 1330
436 1331
164 1332
1107 1333
1180 1334
933 1335
722 1336
799 1337
1019 1338
760 1339
422 1340
774 1341
606 1342
1136 1343
1207 1344
1337 1345
854 1346
458 1347
1040 1348
1035 1349
155 1350
692 1351
266 1352
395 1353
1099 1354
627 1355
537 1356
1100 1357
737 1358
1089 1359
284 1360
1065 1361
132 1362
1160 1363
1220 1364
377 1365
652 1366
1139 1367
1216 1368
343 1369
606 1370
693 1371
1197 1372
1291 1373
214 1374
193 1375
519 1376
677 1377
834 1378
760 1379
849 1380
935 1381
1300 1382
917 1383
863 1384
915 1385
60 1386
821 1387
1212 1388
64 1389
938 1390
1214 1391
1114 1392
362 1393
547 1394
588 1395
291 1396
697 1397
390 1398
549 1399
803 1400
37 1401
945 1402
215 1403
349 1404
1238 1405
154 1406
526 1407
974 1408
1332 1409
508 1410
1258 1411
572 1412
881 1413
241 1414
1387 1415
1073 1416
935 1417
1269 1418
1341 1419
1031 1420
551 1421
1278 1422
207 1423
735 1424
701 1425
250 1426
1162 1427
779 1428
906 1429
101 1430
659 1431
147 1432
1166 1433
1210 1434
14 1435
382 1436
872 1437
578 1438
510 1439
1038 1440
289 1441
1286 1442
782 1443
520 1444
650 1445
1374 1446
339 1447
1391 1448
960 1449
247 1450
399 1451
855 1452
693 1453
816 1454
634 1455
450 1456
449 1457
328 1458
290 1459
1101 1460
1255 1461
726 1462
736 1463
382 1464
655 1465
1291 1466
522 1467
516 1468
5 1469
540 1470
740 1471
413 1472
503 1473
1416 1474
688 1475
1438 1476
459 1477
1240 1478
1334 1479
1345 1480
826 1481
362 1482
915 1483
1143 1484
1043 1485
456 1486
34 1487
1480 1488
424 1489
475 1490
877 1491
1302 1492
855 1493
575 1494
144 1495
231 1496
1111 1497
1280 1498
598 1499
468 1500
824 1501
274 1502
407 1503
652 1504
240 1505
1252 1506
992 1507
515 1508
1450 1509
587 1510
409 1511
1326 1512
1412 1513
212 1514
617 1515
515 1516
887 1517
742 1518
1401 1519
720 1520
1476 1521
1007 1522
882 1523
968 1524
507 1525
332 1526
239 1527
158 1528
92 1529
352 1530
1177 1531
1364 1532
143 1533
788 1534
326 1535
466 1536
1526 1537
888 1538
40 1539
660 1540
1434 1541
1088 1542
252 1543
134 1544
230 1545
165 1546
317 1547
825 1548
829 1549
500 1550
384 1551
160 1552
168 1553
495 1554
22 1555
158 1556
1383 1557
980 1558
1211 1559
812 1560
437 1561
1103 1562
1016 1563
38 1564
1096 1565
405 1566
188 1567
944 1568
564 1569
1521 1570
631 1571
604 1572
133 1573
256 1574
501 1575
1567 1576
1281 1577
1437 1578
1030 1579
112 1580
1197 1581
1518 1582
425 1583
6 1584
1232 1585
206 1586
129 1587
1576 1588
1054 1589
832 1590
447 1591
159 1592
302 1593
609 1594
1520 1595
756 1596
499 1597
559 1598
1287 1599
653 1600
910 1601
1252 1602
1471 1603
113 1604
427 1605
731 1606
478 1607
791 1608
857 1609
701 1610
304 1611
300 1612
1537 1613
89 1614
1082 1615
455 1616
704 1617
1109 1618
560 1619
1574 1620
1190 1621
156 1622
173 1623
1229 1624
1160 1625
902 1626
1593 1627
86 1628
1453 1629
501 1630
306 1631
940 1632
236 1633
43 1634
1009 1635
216 1636
385 1637
1253 1638
529 1639
1065 1640
1302 1641
102 1642
800 1643
1364 1644
265 1645
535 1646
1464 1647
651 1648
794 1649
1266 1650
957 1651
1395 1652
1640 1653
1498 1654
489 1655
1156 1656
157 1657
527 1658
1569 1659
1261 1660
1353 1661
1167 1662
330 1663
664 1664
933 1665
1261 1666
1517 1667
1280 1668
102 1669
608 1670
1265 1671
651 1672
569 1673
809 1674
83 1675
84 1676
517 1677
88 1678
653 1679
310 1680
791 1681
615 1682
362 1683
318 1684
955 1685
510 1686
1323 1687
1179 1688
194 1689
807 1690
1391 1691
1065 1692
1599 1693
1497 1694
615 1695
1395 1696
563 1697
852 1698
1406 1699
1049 1700
571 1701
214 1702
906 1703
807 1704
254 1705
780 1706
1475 1707
762 1708
1574 1709
116 1710
1548 1711
702 1712
496 1713
344 1714
722 1715
1544 1716
1288 1717
1175 1718
932 1719
1660 1720
1370 1721
1460 1722
1390 1723
144 1724
47 1725
1637 1726
1688 1727
1656 1728
1547 1729
866 1730
284 1731
1104 1732
74 1733
939 1734
350 1735
908 1736
165 1737
1301 1738
925 1739
413 1740
411 1741
1000 1742
796 1743
1731 1744
474 1745
1705 1746
1578 1747
642 1748
1135 1749
1465 1750
336 1751
232 1752
1368 1753
684 1754
476 1755
161 1756
947 1757
856 1758
1508 1759
1439 1760
906 1761
622 1762
951 1763
280 1764
567 1765
682 1766
123 1767
108 1768
592 1769
219 1770
487 1771
591 1772
1491 1773
1595 1774
510 1775
486 1776
988 1777
1246 1778
4 1779
1305 1780
1472 1781
920 1782
1196 1783
1782 1784
178 1785
1691 1786
134 1787
363 1788
585 1789
791 1790
1155 1791
60 1792
581 1793
1494 1794
1552 1795
83 1796
694 1797
1174 1798
718 1799
1482 1800
62 1801
1419 1802
1500 1803
83 1804
823 1805
1069 1806
1295 1807
474 1808
847 1809
1116 1810
1539 1811
1621 1812
928 1813
465 1814
1618 1815
346 1816
711 1817
157 1818
1153 1819
1658 1820
1548 1821
1590 1822
190 1823
455 1824
731 1825
1605 1826
1345 1827
1332 1828
1664 1829
51 1830
1548 1831
891 1832
832 1833
1255 1834
172 1835
110 1836
371 1837
301 1838
449 1839
1740 1840
1461 1841
1210 1842
1628 1843
480 1844
1240 1845
843 1846
1717 1847
1713 1848
949 1849
1193 1850
1058 1851
705 1852
93 1853
1349 1854
257 1855
830 1856
98 1857
832 1858
204 1859
623 1860
654 1861
1300 1862
1142 1863
363 1864
1293 1865
1347 1866
1722 1867
1837 1868
576 1869
1767 1870
940 1871
1862 1872
1264 1873
679 1874
1853 1875
1860 1876
180 1877
151 1878
183 1879
85 1880
575 1881
1361 1882
916 1883
1077 1884
367 1885
618 1886
316 1887
702 1888
691 1889
1009 1890
20 1891
35 1892
383 1893
1586 1894
984 1895
610 1896
1456 1897
1235 1898
554 1899
1894 1900
925 1901
1828 1902
1171 1903
1822 1904
1057 1905
1279 1906
1282 1907
1340 1908
61 1909
231 1910
907 1911
347 1912
1276 1913
1378 1914
1538 1915
1361 1916
1440 1917
1783 1918
1351 1919
1854 1920
1089 1921
425 1922
1232 1923
1247 1924
1626 1925
1418 1926
888 1927
447 1928
638 1929
1613 1930
215 1931
603 1932
1647 1933
1509 1934
929 1935
1295 1936
420 1937
1185 1938
1245 1939
1302 1940
317 1941
1179 1942
667 1943
1311 1944
444 1945
1809 1946
769 1947
1102 1948
1085 1949
1310 1950
390 1951
1148 1952
1831 1953
123 1954
871 1955
1917 1956
1042 1957
345 1958
1197 1959
1071 1960
1333 1961
1335 1962
1415 1963
1316 1964
718 1965
1058 1966
1032 1967
1916 1968
1769 1969
284 1970
370 1971
708 1972
1735 1973
393 1974
1617 1975
1629 1976
1198 1977
1604 1978
1780 1979
217 1980
1307 1981
880 1982
1187 1983
1130 1984
649 1985
1495 1986
682 1987
1216 1988
911 1989
399 1990
244 1991
1133 1992
1921 1993
1255 1994
1434 1995
1633 1996
1099 1997
504 1998
766 1999
1151 2000
264 2001
125 2002
1090 2003
138 2004
1973 2005
1107 2006
905 2007
573 2008
1998 2009
1728 2010
1657 2011
2005 2012
897 2013
1384 2014
1073 2015
1080 2016
1975 2017
1528 2018
1630 2019
1205 2020
1210 2021
1141 2022
805 2023
1721 2024
1732 2025
297 2026
174 2027
558 2028
184 2029
1578 2030
1874 2031
1526 2032
1160 2033
1495 2034
864 2035
71 2036
408 2037
786 2038
378 2039
434 2040
1653 2041
1001 2042
1408 2043
453 2044
310 2045
1597 2046
1255 2047
1657 2048
1025 2049
16 2050
165 2051
2019 2052
430 2053
461 2054
1874 2055
2023 2056
397 2057
505 2058
30 2059
1914 2060
1347 2061
1138 2062
648 2063
68 2064
1655 2065
1156 2066
1470 2067
1554 2068
1545 2069
1897 2070
164 2071
1244 2072
1612 2073
1965 2074
259 2075
1126 2076
1320 2077
275 2078
390 2079
1872 2080
165 2081
1503 2082
676 2083
630 2084
994 2085
1790 2086
513 2087
1484 2088
1959 2089
1574 2090
1608 2091
1419 2092
469 2093
1853 2094
782 2095
801 2096
1174 2097
1087 2098
1227 2099
1536 2100
1626 2101
1936 2102
862 2103
122 2104
441 2105
1010 2106
2078 2107
506 2108
669 2109
356 2110
892 2111
1915 2112
2049 2113
1881 2114
1690 2115
2083 2116
859 2117
67 2118
1700 2119
471 2120
1580 2121
2098 2122
1378 2123
781 2124
1566 2125
1939 2126
698 2127
420 2128
1886 2129
1133 2130
1592 2131
1899 2132
1166 2133
551 2134
417 2135
1347 2136
670 2137
272 2138
1428 2139
1422 2140
256 2141
1604 2142
1509 2143
1787 2144
22 2145
414 2146
1491 2147
1163 2148
1648 2149
458 2150
444 2151
1981 2152
125 2153
67 2154
794 2155
1234 2156
500 2157
379 2158
1845 2159
373 2160
573 2161
1463 2162
1400 2163
1803 2164
1013 2165
607 2166
1087 2167
1936 2168
1736 2169
935 2170
1493 2171
109 2172
732 2173
1654 2174
1855 2175
607 2176
1424 2177
547 2178
1703 2179
460 2180
1470 2181
392 2182
967 2183
1944 2184
1548 2185
1593 2186
1920 2187
1875 2188
1906 2189
1469 2190
53 2191
580 2192
630 2193
1843 2194
741 2195
538 2196
71 2197
1370 2198
2046 2199
689 2200
1874 2201
1441 2202
256 2203
92 2204
300 2205
98 2206
1957 2207
2038 2208
514 2209
42 2210
1792 2211
1177 2212
540 2213
381 2214
1816 2215
496 2216
161 2217
894 2218
936 2219
121 2220
769 2221
1648 2222
763 2223
1015 2224
1291 2225
592 2226
1482 2227
1188 2228
909 2229
92 2230
115 2231
30 2232
257 2233
857 2234
578 2235
1965 2236
1698 2237
1258 2238
169 2239
51 2240
688 2241
177 2242
1983 2243
1220 2244
659 2245
981 2246
498 2247
676 2248
1915 2249
938 2250
1743 2251
684 2252
1428 2253
1706 2254
1059 2255
1084 2256
1666 2257
474 2258
1876 2259
1171 2260
2252 2261
1432 2262
47 2263
1857 2264
2130 2265
1215 2266
1242 2267
1313 2268
1923 2269
1339 2270
1474 2271
775 2272
518 2273
842 2274
2137 2275
982 2276
1316 2277
1452 2278
34 2279
839 2280
2034 2281
1038 2282
1710 2283
2282 2284
1795 2285
1250 2286
1419 2287
1860 2288
701 2289
812 2290
410 2291
1104 2292
1324 2293
635 2294
862 2295
2224 2296
2248 2297
1342 2298
1544 2299
940 2300
2069 2301
529 2302
1740 2303
1015 2304
2206 2305
347 2306
2122 2307
2060 2308
885 2309
364 2310
1029 2311
1658 2312
490 2313
1550 2314
1438 2315
103 2316
1380 2317
1312 2318
1678 2319
319 2320
249 2321
1068 2322
1188 2323
1356 2324
604 2325
842 2326
338 2327
1607 2328
1972 2329
222 2330
2075 2331
684 2332
677 2333
683 2334
557 2335
1003 2336
298 2337
1412 2338
1705 2339
1836 2340
1310 2341
1747 2342
1157 2343
1410 2344
251 2345
1331 2346
631 2347
1316 2348
1374 2349
1258 2350
1500 2351
1068 2352
209 2353
1803 2354
232 2355
927 2356
1445 2357
822 2358
1082 2359
261 2360
315 2361
278 2362
515 2363
2102 2364
1159 2365
2131 2366
1840 2367
1881 2368
998 2369
1757 2370
1367 2371
1161 2372
424 2373
1988 2374
1379 2375
290 2376
2270 2377
1724 2378
1345 2379
2003 2380
2075 2381
1693 2382
1243 2383
2099 2384
1973 2385
402 2386
1657 2387
2072 2388
1245 2389
1580 2390
106 2391
1155 2392
387 2393
243 2394
1679 2395
1087 2396
848 2397
1256 2398
1499 2399
1511 2400
555 2401
325 2402
825 2403
918 2404
1289 2405
1867 2406
1489 2407
2016 2408
1020 2409
2107 2410
1110 2411
2292 2412
731 2413
274 2414
2190 2415
1220 2416
1711 2417
655 2418
1815 2419
700 2420
1658 2421
2225 2422
255 2423
1790 2424
648 2425
954 2426
1384 2427
1490 2428
1603 2429
2089 2430
1688 2431
1888 2432
1523 2433
909 2434
840 2435
2413 2436
793 2437
280 2438
1932 2439
194 2440
2131 2441
1028 2442
1783 2443
1898 2444
155 2445
408 2446
1979 2447
940 2448
451 2449
953 2450
62 2451
296 2452
116 2453
2407 2454
290 2455
850 2456
1101 2457
1556 2458
1183 2459
331 2460
251 2461
99 2462
143 2463
887 2464
1155 2465
2392 2466
523 2467
751 2468
1057 2469
2039 2470
942 2471
541 2472
1824 2473
22 2474
737 2475
2463 2476
2213 2477
568 2478
1908 2479
490 2480
1328 2481
1814 2482
2143 2483
1050 2484
1396 2485
2036 2486
1821 2487
1377 2488
1642 2489
835 2490
1243 2491
1215 2492
1539 2493
160 2494
610 2495
488 2496
1527 2497
2439 2498
592 2499
598 2500
1870 2501
301 2502
1539 2503
1320 2504
1505 2505
836 2506
985 2507
1759 2508
263 2509
479 2510
1981 2511
2278 2512
791 2513
362 2514
2189 2515
427 2516
1771 2517
163 2518
949 2519
1500 2520
506 2521
3 2522
1777 2523
74 2524
30 2525
999 2526
2277 2527
188 2528
1352 2529
374 2530
2353 2531
1214 2532
696 2533
2219 2534
1245 2535
1355 2536
409 2537
911 2538
1288 2539
2481 2540
1373 2541
1964 2542
1769 2543
2349 2544
1049 2545
545 2546
2353 2547
838 2548
1407 2549
1893 2550
829 2551
2133 2552
796 2553
421 2554
2376 2555
417 2556
1870 2557
1162 2558
2070 2559
281 2560
2499 2561
2519 2562
2388 2563
1922 2564
2415 2565
1795 2566
34 2567
1488 2568
1989 2569
1678 2570
485 2571
1366 2572
183 2573
949 2574
548 2575
1958 2576
364 2577
1029 2578
785 2579
512 2580
308 2581
1205 2582
815 2583
767 2584
1182 2585
642 2586
2169 2587
1514 2588
1227 2589
2020 2590
253 2591
2574 2592
1283 2593
150 2594
1892 2595
1852 2596
1202 2597
2437 2598
1184 2599
2444 2600
1297 2601
2070 2602
2149 2603
2094 2604
465 2605
1887 2606
2315 2607
724 2608
537 2609
907 2610
1089 2611
2441 2612
1588 2613
614 2614
97 2615
927 2616
684 2617
1982 2618
2581 2619
1476 2620
2105 2621
2206 2622
654 2623
2519 2624
2196 2625
575 2626
1660 2627
1165 2628
1261 2629
984 2630
1425 2631
1091 2632
2294 2633
2426 2634
1179 2635
1849 2636
1864 2637
520 2638
2180 2639
1534 2640
1499 2641
774 2642
281 2643
1827 2644
556 2645
1743 2646
1430 2647
173 2648
1177 2649
2024 2650
840 2651
1915 2652
1573 2653
2530 2654
1828 2655
2038 2656
342 2657
2001 2658
278 2659
1369 2660
320 2661
2238 2662
2454 2663
280 2664
1697 2665
1376 2666
2421 2667
2067 2668
581 2669
630 2670
756 2671
414 2672
95 2673
2086 2674
2114 2675
1610 2676
1840 2677
2471 2678
2068 2679
1510 2680
2636 2681
1799 2682
2632 2683
1239 2684
2428 2685
29 2686
78 2687
2389 2688
1030 2689
595 2690
1351 2691
1064 2692
1888 2693
332 2694
1243 2695
1379 2696
1393 2697
1085 2698
2295 2699
2481 2700
984 2701
346 2702
524 2703
1041 2704
42 2705
2119 2706
2140 2707
2551 2708
2018 2709
1884 2710
1113 2711
1914 2712
2498 2713
2150 2714
1037 2715
122 2716
1299 2717
1910 2718
253 2719
1989 2720
110 2721
795 2722
665 2723
2252 2724
947 2725
1453 2726
885 2727
451 2728
585 2729
2022 2730
2504 2731
2171 2732
261 2733
1314 2734
161 2735
1849 2736
2454 2737
610 2738
2652 2739
2688 2740
2324 2741
2016 2742
2243 2743
2428 2744
289 2745
1968 2746
266 2747
670 2748
1542 2749
1235 2750
674 2751
823 2752
2635 2753
2348 2754
234 2755
1424 2756
1935 2757
162 2758
462 2759
1448 2760
620 2761
971 2762
870 2763
110 2764
1896 2765
2104 2766
2439 2767
2273 2768
1672 2769
1077 2770
645 2771
1433 2772
23 2773
553 2774
2580 2775
425 2776
195 2777
219 2778
1053 2779
2523 2780
2387 2781
1942 2782
1752 2783
128 2784
1236 2785
1958 2786
1574 2787
1481 2788
953 2789
1031 2790
61 2791
2187 2792
280 2793
1220 2794
1949 2795
1365 2796
537 2797
2075 2798
799 2799
1737 2800
130 2801
178 2802
2372 2803
486 2804
2147 2805
2521 2806
412 2807
2139 2808
1484 2809
2280 2810
2751 2811
1165 2812
1186 2813
982 2814
238 2815
2040 2816
1230 2817
1970 2818
1251 2819
954 2820
2151 2821
465 2822
2389 2823
674 2824
811 2825
1303 2826
2576 2827
2523 2828
2184 2829
109 2830
2145 2831
1325 2832
2681 2833
629 2834
366 2835
1240 2836
762 2837
1170 2838
228 2839
889 2840
1520 2841
1540 2842
975 2843
748 2844
1815 2845
958 2846
1031 2847
421 2848
191 2849
800 2850
2472 2851
2246 2852
747 2853
2359 2854
1025 2855
2724 2856
1168 2857
851 2858
2761 2859
1640 2860
527 2861
1270 2862
2735 2863
2583 2864
886 2865
536 2866
2738 2867
583 2868
666 2869
1781 2870
2421 2871
219 2872
2009 2873
2591 2874
1901 2875
2754 2876
2431 2877
1258 2878
331 2879
2599 2880
1892 2881
550 2882
2085 2883
2077 2884
2242 2885
1045 2886
1225 2887
2838 2888
1450 2889
1308 2890
1418 2891
1491 2892
2540 2893
1094 2894
1051 2895
2132 2896
87 2897
272 2898
2114 2899
1470 2900
2114 2901
2059 2902
100 2903
475 2904
2314 2905
29 2906
2753 2907
865 2908
7 2909
2117 2910
34 2911
678 2912
1290 2913
2452 2914
527 2915
2733 2916
28 2917
2610 2918
856 2919
1590 2920
2675 2921
2634 2922
1950 2923
315 2924
2409 2925
410 2926
1344 2927
969 2928
2657 2929
2363 2930
2585 2931
2342 2932
2499 2933
220 2934
1306 2935
1344 2936
563 2937
1264 2938
457 2939
1876 2940
965 2941
784 2942
1306 2943
2563 2944
1212 2945
1327 2946
823 2947
1423 2948
2286 2949
1625 2950
145 2951
2529 2952
88 2953
335 2954
1709 2955
1252 2956
1800 2957
1601 2958
181 2959
2394 2960
2625 2961
2651 2962
2240 2963
588 2964
496 2965
1350 2966
1466 2967
2328 2968
260 2969
1020 2970
2669 2971
2432 2972
306 2973
1088 2974
770 2975
444 2976
2774 2977
2065 2978
2289 2979
776 2980
263 2981
1128 2982
390 2983
1170 2984
2394 2985
2594 2986
2913 2987
870 2988
2987 2989
2243 2990
671 2991
863 2992
2107 2993
2281 2994
2660 2995
2715 2996
1451 2997
960 2998
2755 2999
2210 3000
2403 3001
1464 3002
2973 3003
1622 3004
1261 3005
765 3006
1785 3007
2955 3008
1972 3009
347 3010
2748 3011
1077 3012
1856 3013
630 3014
2145 3015
324 3016
1089 3017
1647 3018
2665 3019
1519 3020
2338 3021
2715 3022
1630 3023
2443 3024
369 3025
1796 3026
238 3027
1899 3028
1568 3029
1609 3030
1728 3031
1353 3032
1345 3033
166 3034
1804 3035
1378 3036
1791 3037
2761 3038
2013 3039
2726 3040
398 3041
2369 3042
815 3043
717 3044
2721 3045
2744 3046
247 3047
1652 3048
1602 3049
404 3050
2787 3051
405 3052
471 3053
2452 3054
1952 3055
1841 3056
781 3057
739 3058
1473 3059
2990 3060
3050 3061
3041 3062
973 3063
382 3064
524 3065
2431 3066
1422 3067
2113 3068
781 3069
435 3070
280 3071
1999 3072
2093 3073
2314 3074
2707 3075
78 3076
2873 3077
1634 3078
2113 3079
2956 3080
14 3081
1538 3082
1526 3083
1512 3084
1547 3085
2387 3086
208 3087
866 3088
1138 3089
2530 3090
1314 3091
1421 3092
2570 3093
294 3094
1382 3095
1573 3096
578 3097
1660 3098
2105 3099
413 3100
189 3101
602 3102
1738 3103
1628 3104
233 3105
2742 3106
1290 3107
1420 3108
889 3109
1670 3110
2317 3111
1403 3112
2113 3113
1685 3114
3104 3115
1026 3116
652 3117
2164 3118
2197 3119
374 3120
2102 3121
938 3122
348 3123
201 3124
105 3125
782 3126
855 3127
285 3128
1114 3129
131 3130
556 3131
1811 3132
2131 3133
1221 3134
2094 3135
2667 3136
1437 3137
1633 3138
255 3139
658 3140
2386 3141
2597 3142
2815 3143
1001 3144
573 3145
1377 3146
891 3147
1354 3148
60 3149
410 3150
104 3151
1086 3152
2643 3153
637 3154
1257 3155
2610 3156
999 3157
2720 3158
1877 3159
714 3160
2966 3161
3037 3162
1844 3163
1506 3164
1431 3165
1314 3166
1027 3167
1034 3168
2748 3169
699 3170
2380 3171
2274 3172
1602 3173
2289 3174
299 3175
154 3176
706 3177
1958 3178
568 3179
1080 3180
1680 3181
577 3182
191 3183
908 3184
1839 3185
6 3186
1364 3187
1065 3188
895 3189
1674 3190
946 3191
1357 3192
1107 3193
2296 3194
109 3195
1547 3196
359 3197
2621 3198
2036 3199
1741 3200
1409 3201
1689 3202
2074 3203
617 3204
1967 3205
1758 3206
1515 3207
2023 3208
2968 3209
2830 3210
343 3211
1913 3212
146 3213
2367 3214
1739 3215
2477 3216
3132 3217
553 3218
3102 3219
3174 3220
3169 3221
3084 3222
2876 3223
2069 3224
1766 3225
2396 3226
1130 3227
2069 3228
155 3229
881 3230
2570 3231
1360 3232
1578 3233
124 3234
619 3235
142 3236
557 3237
3222 3238
630 3239
1831 3240
351 3241
1111 3242
2618 3243
289 3244
2212 3245
2618 3246
3099 3247
2544 3248
1767 3249
1357 3250
3205 3251
2117 3252
275 3253
1760 3254
1582 3255
2148 3256
1066 3257
2001 3258
2152 3259
507 3260
2083 3261
3048 3262
2792 3263
1642 3264
2348 3265
1435 3266
534 3267
2876 3268
1291 3269
2707 3270
2216 3271
1885 3272
3103 3273
1567 3274
3215 3275
884 3276
2195 3277
2741 3278
1101 3279
1835 3280
2342 3281
2641 3282
3001 3283
2065 3284
3027 3285
2848 3286
602 3287
1464 3288
1571 3289
2043 3290
1992 3291
758 3292
1801 3293
1425 3294
860 3295
605 3296
1551 3297
820 3298
36 3299
2449 3300
1895 3301
23 3302
897 3303
629 3304
39 3305
2548 3306
2277 3307
525 3308
2180 3309
2371 3310
2560 3311
3073 3312
2230 3313
2748 3314
2729 3315
1716 3316
74 3317
2316 3318
2668 3319
165 3320
1118 3321
2261 3322
2931 3323
3221 3324
1431 3325
2285 3326
2892 3327
2121 3328
1189 3329
2930 3330
108 3331
2576 3332
2564 3333
216 3334
718 3335
1603 3336
2453 3337
1079 3338
560 3339
1426 3340
2318 3341
321 3342
1208 3343
1134 3344
139 3345
2768 3346
1859 3347
2412 3348
256 3349
2551 3350
380 3351
1008 3352
954 3353
2681 3354
2099 3355
327 3356
168 3357
2896 3358
2974 3359
2787 3360
1942 3361
2704 3362
5 3363
1655 3364
907 3365
286 3366
1594 3367
3186 3368
2607 3369
3140 3370
97 3371
2735 3372
2811 3373
652 3374
2158 3375
2551 3376
562 3377
2892 3378
983 3379
1608 3380
2937 3381
2361 3382
670 3383
912 3384
2822 3385
3214 3386
669 3387
2389 3388
3106 3389
3053 3390
2906 3391
1907 3392
466 3393
2994 3394
150 3395
2744 3396
2334 3397
1806 3398
2199 3399
1250 3400
2373 3401
2348 3402
3253 3403
2850 3404
1337 3405
2894 3406
2491 3407
496 3408
3205 3409
2019 3410
2201 3411
2935 3412
3000 3413
2282 3414
3235 3415
547 3416
671 3417
197 3418
2552 3419
2484 3420
850 3421
2357 3422
1649 3423
2915 3424
2325 3425
217 3426
2179 3427
3424 3428
2737 3429
470 3430
1695 3431
2184 3432
3371 3433
3154 3434
850 3435
473 3436
889 3437
3390 3438
1468 3439
845 3440
3234 3441
1923 3442
854 3443
2331 3444
2215 3445
686 3446
2307 3447
2782 3448
1546 3449
2951 3450
2154 3451
750 3452
2513 3453
1664 3454
701 3455
698 3456
1328 3457
822 3458
2520 3459
2107 3460
451 3461
1978 3462
101 3463
399 3464
1727 3465
1762 3466
2536 3467
3122 3468
642 3469
3289 3470
790 3471
1278 3472
2859 3473
2534 3474
3153 3475
3366 3476
2147 3477
1406 3478
2125 3479
909 3480
1050 3481
95 3482
2531 3483
2719 3484
1373 3485
199 3486
1618 3487
584 3488
413 3489
2417 3490
2497 3491
3340 3492
2551 3493
248 3494
1010 3495
935 3496
1691 3497
2757 3498
3451 3499
2631 3500
2418 3501
2205 3502
25 3503
659 3504
1847 3505
2393 3506
490 3507
3316 3508
543 3509
1931 3510
3491 3511
2471 3512
3344 3513
1966 3514
3154 3515
2143 3516
2022 3517
2336 3518
613 3519
846 3520
2402 3521
1969 3522
1803 3523
3279 3524
2921 3525
3276 3526
2305 3527
2182 3528
1251 3529
881 3530
412 3531
734 3532
1284 3533
2763 3534
2446 3535
2316 3536
1950 3537
1042 3538
165 3539
3535 3540
1643 3541
3281 3542
2300 3543
1971 3544
852 3545
665 3546
1539 3547
727 3548
1525 3549
1093 3550
3315 3551
595 3552
2112 3553
1743 3554
2915 3555
3485 3556
2014 3557
3334 3558
1402 3559
747 3560
397 3561
587 3562
1219 3563
3515 3564
3329 3565
908 3566
3447 3567
906 3568
314 3569
2842 3570
2790 3571
894 3572
2212 3573
3136 3574
335 3575
502 3576
1479 3577
352 3578
3181 3579
2265 3580
86 3581
741 3582
516 3583
642 3584
2874 3585
1511 3586
2225 3587
207 3588
1359 3589
1944 3590
281 3591
89 3592
2005 3593
1652 3594
1674 3595
3576 3596
2895 3597
3587 3598
2562 3599
1497 3600
1232 3601
1321 3602
2767 3603
1390 3604
2016 3605
2350 3606
1496 3607
1151 3608
2328 3609
2171 3610
2878 3611
2355 3612
540 3613
1314 3614
1244 3615
776 3616
3043 3617
600 3618
974 3619
1698 3620
1515 3621
3117 3622
2511 3623
2216 3624
2649 3625
2096 3626
1668 3627
3048 3628
1154 3629
2024 3630
3116 3631
430 3632
822 3633
2549 3634
3529 3635
269 3636
1544 3637
3531 3638
2893 3639
1014 3640
2147 3641
3293 3642
2007 3643
1216 3644
796 3645
1749 3646
79 3647
3354 3648
1753 3649
755 3650
1335 3651
804 3652
694 3653
1141 3654
434 3655
623 3656
599 3657
1644 3658
2862 3659
2288 3660
2784 3661
3129 3662
133 3663
3255 3664
1299 3665
2843 3666
474 3667
903 3668
529 3669
781 3670
2178 3671
2294 3672
1164 3673
349 3674
3512 3675
2351 3676
2958 3677
192 3678
2752 3679
3619 3680
996 3681
1648 3682
3469 3683
293 3684
2430 3685
3134 3686
601 3687
3169 3688
3046 3689
291 3690
1246 3691
777 3692
3125 3693
3160 3694
261 3695
1282 3696
249 3697
1037 3698
1576 3699
1591 3700
665 3701
3110 3702
2461 3703
504 3704
3109 3705
2477 3706
209 3707
2188 3708
3076 3709
102 3710
3539 3711
2484 3712
2918 3713
2321 3714
1439 3715
882 3716
3198 3717
2787 3718
2618 3719
2315 3720
3601 3721
3656 3722
3556 3723
1457 3724
2187 3725
1021 3726
3004 3727
1679 3728
3485 3729
2220 3730
705 3731
307 3732
1779 3733
2458 3734
1618 3735
1008 3736
170 3737
1571 3738
3057 3739
3472 3740
1332 3741
2586 3742
959 3743
456 3744
927 3745
947 3746
3047 3747
3510 3748
2853 3749
391 3750
706 3751
49 3752
2789 3753
1744 3754
2224 3755
386 3756
537 3757
1004 3758
2388 3759
1505 3760
501 3761
625 3762
206 3763
1241 3764
3582 3765
1868 3766
2691 3767
2660 3768
2796 3769
3179 3770
575 3771
3180 3772
1635 3773
2633 3774
2433 3775
889 3776
427 3777
1446 3778
3304 3779
1454 3780
1300 3781
2456 3782
3412 3783
2620 3784
13 3785
1615 3786
2585 3787
318 3788
3318 3789
3000 3790
3487 3791
3475 3792
310 3793
2085 3794
3333 3795
640 3796
2922 3797
1288 3798
2813 3799
356 3800
2214 3801
38 3802
542 3803
1672 3804
1461 3805
526 3806
2175 3807
5 3808
459 3809
1094 3810
1647 3811
2638 3812
2121 3813
1020 3814
283 3815
494 3816
3275 3817
353 3818
1821 3819
1293 3820
3603 3821
1748 3822
2873 3823
525 3824
1690 3825
746 3826
2851 3827
3672 3828
3816 3829
794 3830
2416 3831
1336 3832
2990 3833
1839 3834
1397 3835
473 3836
3767 3837
2136 3838
841 3839
2433 3840
589 3841
1996 3842
2148 3843
1527 3844
1281 3845
3381 3846
801 3847
2718 3848
176 3849
2493 3850
576 3851
2877 3852
2984 3853
372 3854
1401 3855
413 3856
2866 3857
2526 3858
3783 3859
1985 3860
1300 3861
267 3862
3269 3863
1087 3864
663 3865
3117 3866
499 3867
1902 3868
3192 3869
3031 3870
1148 3871
1781 3872
3376 3873
2702 3874
3193 3875
2680 3876
3521 3877
2028 3878
2413 3879
3815 3880
2925 3881
2165 3882
1036 3883
981 3884
2837 3885
2446 3886
2026 3887
2865 3888
872 3889
2967 3890
1889 3891
219 3892
3529 3893
3309 3894
3047 3895
2543 3896
2203 3897
3784 3898
3829 3899
29 3900
494 3901
258 3902
59 3903
3647 3904
3155 3905
2387 3906
478 3907
2273 3908
2887 3909
1403 3910
1207 3911
3611 3912
3868 3913
1122 3914
2425 3915
423 3916
3572 3917
2446 3918
2748 3919
1856 3920
1907 3921
3169 3922
755 3923
2760 3924
1134 3925
2575 3926
3254 3927
1097 3928
2619 3929
3767 3930
906 3931
2136 3932
3731 3933
2826 3934
146 3935
3345 3936
2799 3937
2823 3938
920 3939
3546 3940
2509 3941
3572 3942
3324 3943
1713 3944
1433 3945
2776 3946
3339 3947
1 3948
1948 3949
3828 3950
2878 3951
1098 3952
1373 3953
510 3954
268 3955
2109 3956
966 3957
2339 3958
3714 3959
2811 3960
1819 3961
3928 3962
2312 3963
749 3964
501 3965
527 3966
2652 3967
2787 3968
768 3969
1100 3970
1900 3971
3497 3972
991 3973
999 3974
2748 3975
3293 3976
29 3977
1788 3978
119 3979
2219 3980
1660 3981
3156 3982
2102 3983
3179 3984
2677 3985
3385 3986
3238 3987
1775 3988
2082 3989
104 3990
2553 3991
200 3992
3196 3993
3307 3994
1068 3995
2813 3996
3869 3997
3123 3998
2214 3999
294 4000
458 4001
3229 4002
896 4003
3502 4004
2205 4005
119 4006
1708 4007
1599 4008
3099 4009
2075 4010
380 4011
1448 4012
2697 4013
1804 4014
1218 4015
1618 4016
2734 4017
702 4018
3518 4019
3844 4020
2634 4021
3605 4022
3014 4023
3331 4024
926 4025
3859 4026
3661 4027
124 4028
2590 4029
741 4030
3891 4031
236 4032
2979 4033
3516 4034
2588 4035
1892 4036
2905 4037
1015 4038
1831 4039
3662 4040
79 4041
3665 4042
3925 4043
439 4044
2812 4045
3483 4046
1180 4047
463 4048
2532 4049
590 4050
3093 4051
3426 4052
609 4053
773 4054
2888 4055
1404 4056
240 4057
2235 4058
3655 4059
2094 4060
1694 4061
1585 4062
2799 4063
490 4064
1208 4065
2256 4066
446 4067
135 4068
2501 4069
3777 4070
3024 4071
689 4072
1292 4073
494 4074
2232 4075
2282 4076
2067 4077
2291 4078
153 4079
1483 4080
1530 4081
1166 4082
201 4083
1564 4084
1642 4085
3598 4086
4006 4087
2379 4088
3090 4089
819 4090
2844 4091
4017 4092
397 4093
3307 4094
4019 4095
3101 4096
2394 4097
1516 4098
3273 4099
92 4100
2599 4101
2618 4102
255 4103
839 4104
4039 4105
2825 4106
3385 4107
1948 4108
110 4109
2780 4110
1031 4111
615 4112
2655 4113
3914 4114
1407 4115
3642 4116
2804 4117
3023 4118
1099 4119
2074 4120
376 4121
53 4122
1836 4123
1131 4124
3923 4125
3881 4126
1354 4127
2339 4128
368 4129
2235 4130
723 4131
854 4132
3361 4133
1667 4134
3308 4135
266 4136
3873 4137
2703 4138
2261 4139
1301 4140
1674 4141
958 4142
503 4143
3997 4144
4074 4145
914 4146
3578 4147
2314 4148
3888 4149
1506 4150
2233 4151
3599 4152
1043 4153
2617 4154
2001 4155
3456 4156
3075 4157
2563 4158
3657 4159
1797 4160
1769 4161
160 4162
3035 4163
3466 4164
2130 4165
1251 4166
1227 4167
1918 4168
2661 4169
2929 4170
208 4171
3412 4172
3760 4173
2187 4174
3250 4175
2260 4176
659 4177
238 4178
2699 4179
2592 4180
828 4181
4161 4182
221 4183
1651 4184
975 4185
3877 4186
1250 4187
4066 4188
1659 4189
1767 4190
2798 4191
2950 4192
1006 4193
3476 4194
2046 4195
1545 4196
2700 4197
3056 4198
704 4199
3122 4200
2107 4201
3356 4202
239 4203
1926 4204
2942 4205
3353 4206
1687 4207
4019 4208
1825 4209
1609 4210
1139 4211
2860 4212
3356 4213
3765 4214
3242 4215
2159 4216
871 4217
1547 4218
931 4219
2095 4220
2082 4221
2951 4222
1249 4223
1990 4224
3200 4225
2048 4226
2248 4227
1332 4228
203 4229
3664 4230
3751 4231
539 4232
2053 4233
956 4234
3955 4235
1320 4236
3074 4237
4048 4238
1226 4239
3187 4240
3603 4241
1586 4242
267 4243
3297 4244
1848 4245
1920 4246
205 4247
123 4248
1187 4249
1273 4250
3839 4251
465 4252
3320 4253
1361 4254
3575 4255
2184 4256
2889 4257
1210 4258
174 4259
3770 4260
1075 4261
2921 4262
2249 4263
3876 4264
4233 4265
2663 4266
4038 4267
73 4268
1641 4269
3849 4270
2059 4271
3734 4272
1525 4273
3375 4274
661 4275
2437 4276
3487 4277
3705 4278
2469 4279
1516 4280
1560 4281
2802 4282
986 4283
1113 4284
2550 4285
1196 4286
3837 4287
2827 4288
1128 4289
61 4290
317 4291
3272 4292
418 4293
3163 4294
3478 4295
4068 4296
921 4297
273 4298
1997 4299
3808 4300
2918 4301
2915 4302
3054 4303
3270 4304
4263 4305
1926 4306
185 4307
1537 4308
3137 4309
1250 4310
2117 4311
1691 4312
4074 4313
1088 4314
2679 4315
3225 4316
3772 4317
113 4318
1224 4319
2114 4320
4161 4321
3649 4322
2208 4323
2560 4324
1284 4325
4114 4326
1186 4327
2376 4328
2917 4329
2974 4330
296 4331
3731 4332
3884 4333
717 4334
3954 4335
1987 4336
2359 4337
2291 4338
4254 4339
2618 4340
4222 4341
2642 4342
252 4343
2611 4344
2629 4345
1084 4346
849 4347
4043 4348
1469 4349
3975 4350
69 4351
156 4352
3695 4353
1907 4354
776 4355
771 4356
1929 4357
3478 4358
2581 4359
472 4360
1811 4361
1382 4362
2572 4363
3028 4364
1335 4365
935 4366
3157 4367
1879 4368
2148 4369
2874 4370
3294 4371
1483 4372
4014 4373
3674 4374
1651 4375
1259 4376
4211 4377
2220 4378
2495 4379
1883 4380
4027 4381
768 4382
2567 4383
886 4384
859 4385
2432 4386
971 4387
3629 4388
1724 4389
1538 4390
390 4391
698 4392
2015 4393
3808 4394
927 4395
298 4396
624 4397
367 4398
3866 4399
340 4400
141 4401
864 4402
2041 4403
658 4404
2472 4405
1026 4406
1268 4407
3278 4408
3172 4409
3497 4410
1557 4411
791 4412
3209 4413
4306 4414
2823 4415
750 4416
2369 4417
1790 4418
322 4419
1114 4420
2481 4421
2442 4422
1265 4423
4129 4424
2203 4425
2798 4426
3972 4427
784 4428
1897 4429
1512 4430
2865 4431
3229 4432
3379 4433
2050 4434
3533 4435
3955 4436
883 4437
2683 4438
4008 4439
903 4440
1957 4441
3954 4442
2176 4443
1772 4444
1879 4445
3896 4446
52 4447
2609 4448
1627 4449
4110 4450
1752 4451
1317 4452
3094 4453
3267 4454
942 4455
836 4456
363 4457
964 4458
3578 4459
1798 4460
47 4461
466 4462
2255 4463
833 4464
1986 4465
2076 4466
2759 4467
464 4468
2071 4469
640 4470
4168 4471
1631 4472
2676 4473
3371 4474
3353 4475
2889 4476
1466 4477
3377 4478
3282 4479
88 4480
2275 4481
2982 4482
1038 4483
2101 4484
2976 4485
2479 4486
1202 4487
1358 4488
3325 4489
2955 4490
244 4491
4282 4492
251 4493
1031 4494
3866 4495
3592 4496
289 4497
1907 4498
2728 4499
3798 4500
3096 4501
2034 4502
1658 4503
3973 4504
68 4505
801 4506
2442 4507
3636 4508
1069 4509
2592 4510
1875 4511
2400 4512
3397 4513
2029 4514
1045 4515
1002 4516
2398 4517
1652 4518
1616 4519
2576 4520
2541 4521
52 4522
4229 4523
1148 4524
3582 4525
2360 4526
3447 4527
3783 4528
2423 4529
1482 4530
649 4531
822 4532
3209 4533
2349 4534
943 4535
1654 4536
2749 4537
1104 4538
3032 4539
3316 4540
1684 4541
848 4542
2382 4543
3921 4544
2648 4545
2004 4546
614 4547
4462 4548
4423 4549
2482 4550
4429 4551
4136 4552
3815 4553
1923 4554
613 4555
1744 4556
3672 4557
128 4558
2555 4559
3612 4560
128 4561
2220 4562
2906 4563
3628 4564
861 4565
3960 4566
2497 4567
752 4568
2140 4569
2646 4570
1937 4571
1229 4572
3012 4573
1799 4574
2284 4575
569 4576
1852 4577
3 4578
4485 4579
2131 4580
2547 4581
839 4582
1710 4583
641 4584
3847 4585
339 4586
923 4587
3759 4588
4368 4589
2209 4590
853 4591
2332 4592
3181 4593
4184 4594
2221 4595
30 4596
529 4597
2969 4598
3190 4599
1553 4600
3066 4601
1128 4602
439 4603
362 4604
1989 4605
1234 4606
1661 4607
2426 4608
4421 4609
3301 4610
3661 4611
857 4612
4436 4613
2857 4614
3852 4615
1860 4616
4129 4617
609 4618
3176 4619
1683 4620
2447 4621
3678 4622
3246 4623
220 4624
2478 4625
2188 4626
1021 4627
1239 4628
2590 4629
3627 4630
4308 4631
2259 4632
2202 4633
3075 4634
2532 4635
3982 4636
4247 4637
1549 4638
397 4639
4002 4640
1161 4641
907 4642
4502 4643
3293 4644
2825 4645
2202 4646
1597 4647
3531 4648
3049 4649
55 4650
4432 4651
1128 4652
3712 4653
3054 4654
4473 4655
1790 4656
2611 4657
1807 4658
2682 4659
2235 4660
4112 4661
3485 4662
192 4663
1889 4664
2026 4665
4429 4666
3199 4667
92 4668
3591 4669
4297 4670
3226 4671
3073 4672
2449 4673
3022 4674
4305 4675
925 4676
3936 4677
4514 4678
2814 4679
2978 4680
4255 4681
851 4682
1906 4683
4480 4684
4598 4685
3356 4686
1123 4687
28 4688
464 4689
3390 4690
4657 4691
2314 4692
3123 4693
75 4694
3409 4695
1491 4696
2637 4697
1139 4698
2999 4699
2068 4700
4446 4701
969 4702
923 4703
1684 4704
4685 4705
411 4706
1603 4707
2230 4708
1030 4709
1202 4710
3061 4711
198 4712
1415 4713
1309 4714
3201 4715
556 4716
2530 4717
1128 4718
3920 4719
4310 4720
2265 4721
365 4722
2941 4723
1997 4724
1022 4725
2357 4726
1990 4727
2868 4728
2151 4729
462 4730
4571 4731
4636 4732
2707 4733
3907 4734
3947 4735
340 4736
4425 4737
2177 4738
3585 4739
4100 4740
1459 4741
2568 4742
3814 4743
2254 4744
3280 4745
4567 4746
4524 4747
3106 4748
3096 4749
3022 4750
727 4751
564 4752
3471 4753
1002 4754
2492 4755
606 4756
852 4757
3553 4758
786 4759
3358 4760
3012 4761
4633 4762
666 4763
236 4764
4289 4765
252 4766
4013 4767
3678 4768
957 4769
93 4770
257 4771
4702 4772
3436 4773
4359 4774
695 4775
3626 4776
3529 4777
3222 4778
948 4779
4408 4780
2443 4781
1993 4782
1435 4783
3392 4784
4315 4785
3655 4786
3739 4787
3301 4788
592 4789
585 4790
4685 4791
2141 4792
1209 4793
1731 4794
3857 4795
3136 4796
2967 4797
2721 4798
1363 4799
3843 4800
4055 4801
979 4802
559 4803
4380 4804
1488 4805
1417 4806
745 4807
4581 4808
1993 4809
4498 4810
2632 4811
4550 4812
2405 4813
11 4814
3645 4815
2081 4816
4759 4817
3967 4818
3821 4819
2189 4820
1854 4821
4541 4822
3229 4823
1906 4824
898 4825
1317 4826
4772 4827
2522 4828
3230 4829
303 4830
4133 4831
673 4832
334 4833
1608 4834
3172 4835
79 4836
291 4837
3842 4838
348 4839
2548 4840
3621 4841
4436 4842
4598 4843
4746 4844
4790 4845
1509 4846
1147 4847
215 4848
1889 4849
1570 4850
1816 4851
1786 4852
3277 4853
1974 4854
2027 4855
2160 4856
390 4857
1655 4858
2984 4859
682 4860
3908 4861
167 4862
3129 4863
3909 4864
523 4865
423 4866
3040 4867
1544 4868
3850 4869
4531 4870
700 4871
2980 4872
4275 4873
3440 4874
720 4875
3183 4876
2997 4877
3369 4878
4806 4879
2899 4880
2093 4881
3305 4882
1357 4883
235 4884
2615 4885
2028 4886
4885 4887
4382 4888
1530 4889
3916 4890
110 4891
2000 4892
2941 4893
3502 4894
4241 4895
2551 4896
2028 4897
4579 4898
2236 4899
4222 4900
3516 4901
111 4902
3910 4903
2322 4904
4889 4905
3288 4906
131 4907
4809 4908
4631 4909
4101 4910
3917 4911
2992 4912
2072 4913
3147 4914
1965 4915
3310 4916
3266 4917
1920 4918
114 4919
46 4920
2995 4921
4070 4922
2458 4923
412 4924
2299 4925
918 4926
4654 4927
1228 4928
2063 4929
3495 4930
1856 4931
4797 4932
884 4933
3037 4934
340 4935
1991 4936
597 4937
4527 4938
4259 4939
178 4940
4652 4941
2780 4942
2552 4943
4207 4944
3207 4945
3465 4946
3652 4947
4796 4948
2196 4949
2011 4950
3620 4951
2495 4952
397 4953
825 4954
395 4955
1544 4956
3309 4957
1356 4958
1707 4959
4161 4960
1967 4961
1359 4962
340 4963
4024 4964
3961 4965
3141 4966
3762 4967
2039 4968
12 4969
858 4970
147 4971
4193 4972
3304 4973
1809 4974
3282 4975
3117 4976
2050 4977
4952 4978
208 4979
2982 4980
3244 4981
2669 4982
112 4983
1288 4984
2494 4985
1860 4986
3367 4987
3938 4988
2696 4989
2277 4990
3055 4991
1591 4992
4086 4993
4184 4994
2617 4995
1811 4996
1988 4997
1894 4998
968 4999
2296 5000
