100
1 2
2 3
1 4
4 5
4 6
4 7
7 8
7 9
2 10
8 11
5 12
10 13
5 14
3 15
1 16
16 17
3 18
2 19
17 20
11 21
15 22
16 23
13 24
20 25
6 26
10 27
26 28
8 29
21 30
26 31
7 32
3 33
24 34
8 35
25 36
27 37
36 38
17 39
21 40
19 41
22 42
36 43
24 44
8 45
12 46
12 47
23 48
38 49
34 50
9 51
47 52
7 53
20 54
32 55
14 56
37 57
56 58
4 59
49 60
1 61
15 62
29 63
31 64
22 65
56 66
7 67
56 68
66 69
69 70
21 71
9 72
38 73
58 74
60 75
60 76
35 77
35 78
7 79
16 80
2 81
19 82
48 83
68 84
31 85
59 86
28 87
75 88
70 89
38 90
64 91
49 92
49 93
28 94
3 95
65 96
1 97
88 98
45 99
4 100
