5000
1 2
1 3
1 4
3 5
5 6
6 7
5 8
3 9
1 10
2 11
7 12
6 13
1 14
12 15
8 16
4 17
7 18
1 19
5 20
17 21
12 22
7 23
23 24
13 25
1 26
3 27
13 28
24 29
19 30
24 31
19 32
14 33
6 34
5 35
22 36
26 37
31 38
31 39
30 40
39 41
37 42
28 43
13 44
10 45
11 46
39 47
35 48
32 49
1 50
6 51
21 52
42 53
4 54
33 55
30 56
34 57
40 58
21 59
45 60
57 61
29 62
11 63
29 64
34 65
48 66
33 67
67 68
1 69
1 70
38 71
41 72
70 73
71 74
62 75
53 76
18 77
26 78
44 79
33 80
28 81
67 82
78 83
57 84
16 85
5 86
58 87
44 88
22 89
53 90
85 91
45 92
37 93
56 94
90 95
91 96
2 97
73 98
2 99
19 100
13 101
3 102
95 103
97 104
67 105
33 106
5 107
9 108
63 109
55 110
107 111
36 112
50 113
53 114
85 115
57 116
106 117
79 118
65 119
40 120
68 121
94 122
76 123
110 124
65 125
53 126
7 127
101 128
89 129
77 130
46 131
73 132
90 133
69 134
107 135
86 136
26 137
93 138
71 139
73 140
83 141
70 142
49 143
15 144
111 145
95 146
67 147
14 148
137 149
3 150
114 151
67 152
60 153
149 154
64 155
116 156
48 157
111 158
12 159
62 160
109 161
39 162
127 163
65 164
45 165
129 166
114 167
88 168
94 169
17 170
154 171
110 172
14 173
68 174
141 175
43 176
5 177
160 178
116 179
80 180
171 181
174 182
165 183
106 184
144 185
110 186
21 187
91 188
125 189
15 190
141 191
166 192
164 193
109 194
155 195
56 196
118 197
155 198
180 199
39 200
179 201
201 202
67 203
186 204
130 205
94 206
81 207
194 208
20 209
39 210
93 211
11 212
197 213
122 214
10 215
43 216
187 217
52 218
169 219
40 220
119 221
59 222
16 223
112 224
29 225
196 226
111 227
121 228
71 229
31 230
70 231
171 232
15 233
109 234
24 235
25 236
66 237
103 238
224 239
48 240
63 241
219 242
51 243
33 244
190 245
183 246
25 247
58 248
117 249
154 250
170 251
141 252
3 253
12 254
158 255
186 256
156 257
48 258
227 259
70 260
8 261
219 262
160 263
26 264
116 265
25 266
227 267
85 268
70 269
80 270
202 271
96 272
81 273
45 274
171 275
49 276
258 277
107 278
174 279
210 280
254 281
41 282
144 283
161 284
30 285
3 286
237 287
87 288
251 289
53 290
255 291
163 292
144 293
228 294
181 295
92 296
189 297
256 298
137 299
183 300
99 301
196 302
290 303
226 304
123 305
235 306
141 307
19 308
73 309
54 310
257 311
181 312
276 313
175 314
249 315
310 316
8 317
144 318
282 319
46 320
242 321
108 322
53 323
144 324
77 325
36 326
237 327
67 328
229 329
66 330
185 331
171 332
172 333
321 334
87 335
154 336
278 337
322 338
337 339
100 340
227 341
201 342
317 343
171 344
226 345
313 346
325 347
70 348
257 349
327 350
234 351
2 352
177 353
185 354
333 355
212 356
280 357
217 358
91 359
288 360
306 361
335 362
48 363
252 364
141 365
179 366
345 367
153 368
104 369
68 370
244 371
41 372
285 373
149 374
43 375
194 376
368 377
279 378
78 379
48 380
251 381
252 382
132 383
276 384
253 385
245 386
25 387
87 388
317 389
304 390
344 391
253 392
116 393
331 394
351 395
69 396
396 397
255 398
376 399
262 400
262 401
155 402
296 403
104 404
238 405
263 406
96 407
288 408
223 409
374 410
219 411
150 412
210 413
6 414
328 415
171 416
237 417
48 418
237 419
279 420
241 421
130 422
114 423
285 424
83 425
68 426
226 427
200 428
254 429
70 430
140 431
126 432
416 433
239 434
302 435
33 436
221 437
254 438
398 439
276 440
213 441
412 442
222 443
228 444
241 445
371 446
327 447
427 448
286 449
246 450
116 451
301 452
182 453
432 454
174 455
313 456
150 457
23 458
74 459
180 460
335 461
385 462
281 463
352 464
179 465
381 466
447 467
3 468
349 469
139 470
62 471
446 472
455 473
28 474
7 475
50 476
271 477
24 478
400 479
426 480
110 481
23 482
2 483
77 484
446 485
192 486
229 487
178 488
319 489
371 490
411 491
289 492
443 493
31 494
109 495
265 496
319 497
379 498
307 499
139 500
132 501
463 502
97 503
195 504
13 505
46 506
72 507
14 508
153 509
74 510
108 511
112 512
325 513
457 514
210 515
121 516
388 517
3 518
219 519
439 520
401 521
157 522
276 523
115 524
427 525
258 526
23 527
132 528
14 529
318 530
343 531
199 532
321 533
438 534
241 535
93 536
451 537
228 538
127 539
408 540
123 541
526 542
93 543
421 544
46 545
61 546
13 547
279 548
210 549
403 550
283 551
535 552
135 553
103 554
511 555
44 556
150 557
28 558
370 559
499 560
215 561
168 562
487 563
20 564
511 565
549 566
428 567
49 568
93 569
543 570
378 571
64 572
358 573
125 574
510 575
108 576
134 577
264 578
453 579
510 580
142 581
347 582
192 583
506 584
197 585
324 586
52 587
564 588
362 589
176 590
421 591
573 592
361 593
67 594
142 595
380 596
71 597
126 598
573 599
279 600
242 601
494 602
12 603
35 604
178 605
174 606
485 607
313 608
529 609
437 610
102 611
51 612
268 613
488 614
368 615
87 616
504 617
189 618
264 619
426 620
292 621
401 622
69 623
429 624
135 625
16 626
189 627
326 628
164 629
453 630
432 631
546 632
532 633
335 634
425 635
98 636
209 637
338 638
486 639
390 640
451 641
572 642
222 643
634 644
587 645
227 646
489 647
180 648
439 649
76 650
217 651
535 652
603 653
97 654
526 655
365 656
47 657
320 658
340 659
220 660
557 661
548 662
28 663
141 664
287 665
122 666
563 667
404 668
190 669
222 670
47 671
112 672
586 673
220 674
513 675
242 676
566 677
677 678
402 679
288 680
380 681
644 682
590 683
326 684
74 685
219 686
640 687
220 688
298 689
106 690
543 691
473 692
543 693
330 694
424 695
642 696
333 697
60 698
687 699
281 700
174 701
317 702
677 703
280 704
395 705
172 706
301 707
608 708
115 709
93 710
113 711
115 712
458 713
575 714
261 715
156 716
648 717
673 718
641 719
195 720
211 721
310 722
161 723
649 724
374 725
694 726
128 727
276 728
60 729
367 730
123 731
529 732
325 733
74 734
327 735
33 736
78 737
354 738
349 739
251 740
552 741
209 742
101 743
69 744
507 745
260 746
299 747
211 748
161 749
376 750
640 751
712 752
108 753
315 754
277 755
358 756
72 757
586 758
48 759
49 760
519 761
243 762
154 763
249 764
377 765
143 766
639 767
364 768
349 769
409 770
194 771
114 772
44 773
566 774
437 775
154 776
716 777
270 778
409 779
512 780
359 781
385 782
34 783
455 784
6 785
510 786
108 787
418 788
630 789
732 790
280 791
431 792
154 793
395 794
330 795
171 796
191 797
278 798
57 799
15 800
598 801
780 802
748 803
635 804
118 805
547 806
417 807
187 808
92 809
739 810
29 811
731 812
85 813
22 814
331 815
312 816
746 817
194 818
637 819
185 820
78 821
609 822
7 823
520 824
582 825
234 826
222 827
278 828
331 829
428 830
440 831
783 832
16 833
2 834
10 835
578 836
228 837
475 838
732 839
236 840
600 841
636 842
228 843
763 844
605 845
267 846
657 847
754 848
118 849
545 850
553 851
524 852
535 853
349 854
152 855
721 856
359 857
698 858
187 859
521 860
397 861
231 862
204 863
396 864
824 865
369 866
268 867
8 868
832 869
243 870
355 871
424 872
597 873
663 874
863 875
781 876
633 877
871 878
134 879
844 880
373 881
693 882
724 883
107 884
647 885
813 886
709 887
546 888
723 889
823 890
297 891
757 892
128 893
558 894
264 895
545 896
136 897
806 898
881 899
38 900
846 901
672 902
762 903
705 904
520 905
785 906
437 907
663 908
698 909
74 910
283 911
717 912
243 913
404 914
681 915
378 916
218 917
86 918
49 919
736 920
211 921
725 922
650 923
811 924
381 925
535 926
288 927
268 928
106 929
354 930
444 931
731 932
292 933
344 934
217 935
658 936
870 937
726 938
905 939
393 940
204 941
520 942
346 943
17 944
217 945
327 946
35 947
82 948
940 949
751 950
510 951
827 952
421 953
886 954
363 955
567 956
350 957
773 958
814 959
780 960
743 961
440 962
288 963
834 964
422 965
696 966
86 967
916 968
264 969
687 970
348 971
406 972
158 973
683 974
82 975
811 976
58 977
324 978
624 979
211 980
783 981
664 982
332 983
458 984
778 985
924 986
709 987
197 988
747 989
812 990
133 991
456 992
823 993
982 994
142 995
616 996
284 997
552 998
650 999
989 1000
896 1001
840 1002
300 1003
107 1004
630 1005
639 1006
11 1007
944 1008
828 1009
648 1010
89 1011
98 1012
139 1013
802 1014
531 1015
525 1016
1006 1017
499 1018
366 1019
472 1020
168 1021
965 1022
846 1023
836 1024
187 1025
820 1026
392 1027
916 1028
834 1029
949 1030
1002 1031
149 1032
118 1033
220 1034
431 1035
599 1036
883 1037
388 1038
707 1039
977 1040
740 1041
1032 1042
143 1043
633 1044
1005 1045
426 1046
177 1047
757 1048
796 1049
664 1050
244 1051
360 1052
979 1053
487 1054
892 1055
1002 1056
917 1057
953 1058
186 1059
146 1060
619 1061
359 1062
505 1063
418 1064
548 1065
573 1066
86 1067
845 1068
567 1069
625 1070
22 1071
754 1072
731 1073
159 1074
856 1075
479 1076
123 1077
1056 1078
782 1079
603 1080
1009 1081
697 1082
561 1083
535 1084
110 1085
209 1086
1064 1087
538 1088
417 1089
893 1090
271 1091
178 1092
1062 1093
836 1094
637 1095
1084 1096
665 1097
450 1098
400 1099
918 1100
1053 1101
997 1102
276 1103
970 1104
265 1105
185 1106
673 1107
209 1108
322 1109
998 1110
182 1111
379 1112
221 1113
90 1114
136 1115
418 1116
409 1117
1095 1118
1009 1119
398 1120
43 1121
461 1122
421 1123
461 1124
406 1125
742 1126
281 1127
349 1128
296 1129
324 1130
246 1131
492 1132
288 1133
454 1134
575 1135
16 1136
916 1137
421 1138
346 1139
514 1140
632 1141
660 1142
951 1143
470 1144
680 1145
1119 1146
708 1147
137 1148
1035 1149
809 1150
69 1151
154 1152
681 1153
737 1154
249 1155
948 1156
1133 1157
1013 1158
999 1159
404 1160
93 1161
143 1162
443 1163
64 1164
897 1165
819 1166
1037 1167
440 1168
899 1169
19 1170
274 1171
1070 1172
217 1173
666 1174
607 1175
829 1176
436 1177
1134 1178
18 1179
262 1180
217 1181
578 1182
1051 1183
141 1184
584 1185
839 1186
388 1187
84 1188
287 1189
67 1190
40 1191
492 1192
813 1193
779 1194
86 1195
565 1196
1102 1197
850 1198
830 1199
370 1200
628 1201
893 1202
439 1203
372 1204
1113 1205
889 1206
873 1207
489 1208
286 1209
577 1210
199 1211
410 1212
773 1213
1007 1214
112 1215
847 1216
655 1217
403 1218
695 1219
1138 1220
565 1221
206 1222
1150 1223
352 1224
517 1225
381 1226
883 1227
1097 1228
122 1229
1007 1230
171 1231
1010 1232
228 1233
684 1234
1186 1235
1008 1236
550 1237
384 1238
1043 1239
498 1240
486 1241
556 1242
210 1243
190 1244
778 1245
264 1246
242 1247
790 1248
1197 1249
248 1250
320 1251
780 1252
303 1253
846 1254
660 1255
809 1256
1010 1257
391 1258
953 1259
285 1260
150 1261
1009 1262
1184 1263
1070 1264
627 1265
838 1266
711 1267
1146 1268
852 1269
949 1270
1169 1271
375 1272
758 1273
805 1274
927 1275
1071 1276
246 1277
715 1278
414 1279
428 1280
141 1281
1049 1282
1111 1283
468 1284
1162 1285
1058 1286
844 1287
163 1288
397 1289
821 1290
642 1291
99 1292
109 1293
464 1294
898 1295
120 1296
18 1297
730 1298
483 1299
717 1300
432 1301
389 1302
1081 1303
1242 1304
999 1305
846 1306
522 1307
309 1308
993 1309
817 1310
559 1311
909 1312
853 1313
167 1314
153 1315
474 1316
902 1317
1065 1318
1293 1319
1251 1320
686 1321
164 1322
303 1323
643 1324
843 1325
842 1326
1290 1327
863 1328
339 1329
186 1330
663 1331
646 1332
650 1333
1170 1334
664 1335
128 1336
1115 1337
184 1338
1317 1339
1029 1340
884 1341
169 1342
993 1343
1076 1344
1029 1345
307 1346
954 1347
202 1348
1192 1349
232 1350
495 1351
206 1352
897 1353
1131 1354
727 1355
318 1356
581 1357
1097 1358
203 1359
87 1360
1126 1361
54 1362
50 1363
1106 1364
893 1365
575 1366
471 1367
801 1368
448 1369
770 1370
1049 1371
426 1372
12 1373
344 1374
443 1375
1291 1376
1201 1377
929 1378
1264 1379
847 1380
864 1381
417 1382
162 1383
1206 1384
216 1385
1143 1386
29 1387
1231 1388
1 1389
1343 1390
709 1391
1002 1392
1080 1393
1066 1394
766 1395
774 1396
270 1397
484 1398
884 1399
1367 1400
1102 1401
354 1402
694 1403
115 1404
804 1405
1142 1406
747 1407
1385 1408
893 1409
25 1410
328 1411
1228 1412
494 1413
1041 1414
508 1415
704 1416
590 1417
967 1418
238 1419
63 1420
742 1421
741 1422
810 1423
632 1424
1298 1425
856 1426
805 1427
116 1428
70 1429
560 1430
1088 1431
225 1432
422 1433
992 1434
305 1435
159 1436
314 1437
778 1438
1293 1439
1333 1440
961 1441
815 1442
964 1443
226 1444
966 1445
893 1446
500 1447
570 1448
228 1449
1165 1450
619 1451
113 1452
956 1453
642 1454
1139 1455
695 1456
817 1457
190 1458
215 1459
562 1460
91 1461
877 1462
1100 1463
968 1464
649 1465
1420 1466
369 1467
760 1468
691 1469
391 1470
502 1471
38 1472
863 1473
839 1474
808 1475
562 1476
476 1477
1194 1478
191 1479
1268 1480
786 1481
635 1482
401 1483
221 1484
1109 1485
781 1486
967 1487
1356 1488
28 1489
68 1490
374 1491
652 1492
472 1493
695 1494
38 1495
991 1496
1141 1497
1317 1498
202 1499
478 1500
608 1501
1278 1502
279 1503
1457 1504
219 1505
778 1506
736 1507
375 1508
1164 1509
1105 1510
1302 1511
1127 1512
722 1513
826 1514
2 1515
1512 1516
1235 1517
431 1518
310 1519
300 1520
1008 1521
1452 1522
1223 1523
1417 1524
422 1525
1304 1526
1444 1527
618 1528
1148 1529
361 1530
137 1531
906 1532
997 1533
116 1534
32 1535
262 1536
906 1537
997 1538
470 1539
154 1540
1448 1541
374 1542
434 1543
1038 1544
1446 1545
102 1546
576 1547
59 1548
629 1549
786 1550
444 1551
1103 1552
1128 1553
899 1554
1514 1555
1543 1556
429 1557
904 1558
1436 1559
516 1560
1272 1561
184 1562
923 1563
1257 1564
486 1565
1120 1566
1247 1567
968 1568
585 1569
321 1570
769 1571
949 1572
329 1573
889 1574
1253 1575
1266 1576
33 1577
1377 1578
275 1579
347 1580
1513 1581
932 1582
224 1583
55 1584
549 1585
1063 1586
1102 1587
1555 1588
202 1589
551 1590
630 1591
936 1592
1388 1593
174 1594
1553 1595
96 1596
974 1597
144 1598
743 1599
185 1600
782 1601
430 1602
1560 1603
244 1604
289 1605
1284 1606
496 1607
890 1608
656 1609
1181 1610
53 1611
1086 1612
48 1613
1173 1614
372 1615
1603 1616
1356 1617
560 1618
907 1619
1002 1620
665 1621
888 1622
200 1623
1421 1624
138 1625
684 1626
302 1627
166 1628
1256 1629
1282 1630
1492 1631
324 1632
1019 1633
380 1634
754 1635
638 1636
666 1637
871 1638
586 1639
72 1640
1572 1641
595 1642
622 1643
780 1644
464 1645
588 1646
1568 1647
957 1648
1587 1649
1049 1650
1011 1651
1304 1652
100 1653
1482 1654
61 1655
709 1656
165 1657
1506 1658
1175 1659
563 1660
1040 1661
1124 1662
1557 1663
996 1664
681 1665
110 1666
4 1667
1278 1668
1172 1669
471 1670
89 1671
604 1672
1039 1673
1086 1674
1605 1675
1291 1676
24 1677
863 1678
792 1679
1646 1680
872 1681
1183 1682
1288 1683
213 1684
1188 1685
1522 1686
293 1687
106 1688
55 1689
77 1690
95 1691
287 1692
1502 1693
391 1694
470 1695
1560 1696
1362 1697
135 1698
277 1699
1248 1700
1591 1701
1669 1702
545 1703
777 1704
1431 1705
1487 1706
430 1707
970 1708
964 1709
985 1710
1493 1711
645 1712
1460 1713
679 1714
169 1715
939 1716
365 1717
1068 1718
1635 1719
143 1720
401 1721
1296 1722
894 1723
1303 1724
1720 1725
663 1726
729 1727
1601 1728
1070 1729
1506 1730
458 1731
1695 1732
1018 1733
129 1734
1683 1735
46 1736
798 1737
407 1738
1000 1739
672 1740
648 1741
255 1742
1615 1743
905 1744
1236 1745
1538 1746
190 1747
1687 1748
1524 1749
657 1750
1599 1751
1267 1752
1656 1753
1385 1754
1317 1755
330 1756
71 1757
917 1758
1052 1759
1312 1760
143 1761
738 1762
1761 1763
906 1764
279 1765
1111 1766
717 1767
55 1768
850 1769
505 1770
1118 1771
1432 1772
1420 1773
1703 1774
1400 1775
1690 1776
222 1777
964 1778
35 1779
43 1780
934 1781
925 1782
716 1783
244 1784
1379 1785
1107 1786
1417 1787
857 1788
541 1789
859 1790
1175 1791
65 1792
1506 1793
887 1794
423 1795
1188 1796
1142 1797
1686 1798
696 1799
1135 1800
362 1801
136 1802
637 1803
1165 1804
1562 1805
348 1806
376 1807
239 1808
391 1809
356 1810
1125 1811
1474 1812
937 1813
1695 1814
1022 1815
664 1816
103 1817
1815 1818
1151 1819
970 1820
1383 1821
290 1822
1727 1823
926 1824
1092 1825
1376 1826
1275 1827
1758 1828
789 1829
1640 1830
1460 1831
604 1832
1625 1833
1474 1834
281 1835
157 1836
965 1837
674 1838
790 1839
1662 1840
802 1841
1396 1842
644 1843
1435 1844
496 1845
39 1846
1200 1847
1543 1848
681 1849
1444 1850
390 1851
94 1852
609 1853
1545 1854
1108 1855
1022 1856
1251 1857
650 1858
645 1859
1133 1860
830 1861
745 1862
1357 1863
1531 1864
543 1865
873 1866
1604 1867
668 1868
1169 1869
985 1870
1720 1871
1471 1872
1830 1873
1120 1874
1564 1875
1632 1876
706 1877
578 1878
1203 1879
1399 1880
492 1881
1080 1882
319 1883
950 1884
7 1885
1834 1886
1578 1887
176 1888
1460 1889
84 1890
1073 1891
1104 1892
958 1893
1034 1894
1465 1895
26 1896
563 1897
1536 1898
1444 1899
1402 1900
576 1901
161 1902
1330 1903
798 1904
1119 1905
951 1906
1107 1907
550 1908
865 1909
1860 1910
1116 1911
1649 1912
1368 1913
723 1914
1481 1915
1598 1916
1208 1917
1073 1918
774 1919
1388 1920
244 1921
1349 1922
142 1923
11 1924
97 1925
1709 1926
1605 1927
851 1928
241 1929
1317 1930
869 1931
7 1932
61 1933
1366 1934
405 1935
1675 1936
542 1937
18 1938
759 1939
208 1940
1359 1941
1617 1942
1384 1943
148 1944
226 1945
799 1946
1779 1947
1925 1948
934 1949
260 1950
268 1951
432 1952
470 1953
1616 1954
1830 1955
1655 1956
913 1957
872 1958
181 1959
272 1960
1661 1961
714 1962
583 1963
1601 1964
924 1965
1734 1966
906 1967
1441 1968
963 1969
699 1970
1730 1971
61 1972
272 1973
1134 1974
275 1975
1971 1976
1728 1977
891 1978
1575 1979
1867 1980
716 1981
1921 1982
1485 1983
1738 1984
1390 1985
1593 1986
874 1987
1227 1988
636 1989
18 1990
1928 1991
624 1992
1827 1993
1337 1994
857 1995
1562 1996
862 1997
717 1998
670 1999
606 2000
1151 2001
1575 2002
805 2003
1535 2004
1771 2005
24 2006
1027 2007
1287 2008
511 2009
1909 2010
852 2011
1999 2012
1435 2013
922 2014
1158 2015
620 2016
1175 2017
824 2018
448 2019
1751 2020
258 2021
98 2022
1597 2023
1650 2024
23 2025
217 2026
44 2027
1615 2028
1104 2029
1209 2030
1750 2031
1265 2032
1039 2033
618 2034
1024 2035
811 2036
401 2037
1295 2038
205 2039
833 2040
1264 2041
1049 2042
1293 2043
50 2044
642 2045
475 2046
318 2047
157 2048
753 2049
1620 2050
495 2051
1782 2052
90 2053
1688 2054
1330 2055
811 2056
717 2057
750 2058
1283 2059
428 2060
802 2061
547 2062
1401 2063
940 2064
357 2065
1180 2066
520 2067
1050 2068
525 2069
856 2070
873 2071
1392 2072
640 2073
792 2074
237 2075
1069 2076
1006 2077
1697 2078
56 2079
701 2080
9 2081
723 2082
505 2083
557 2084
288 2085
708 2086
1975 2087
1254 2088
2076 2089
2056 2090
1553 2091
239 2092
652 2093
1550 2094
2052 2095
772 2096
1969 2097
1757 2098
1767 2099
1111 2100
145 2101
415 2102
7 2103
57 2104
1506 2105
1269 2106
1064 2107
1271 2108
1369 2109
1538 2110
321 2111
1628 2112
19 2113
1507 2114
2037 2115
815 2116
1653 2117
119 2118
1124 2119
1889 2120
1901 2121
2107 2122
1674 2123
2028 2124
275 2125
1307 2126
185 2127
818 2128
1044 2129
1617 2130
302 2131
224 2132
161 2133
1958 2134
737 2135
497 2136
1705 2137
1841 2138
657 2139
1865 2140
1404 2141
590 2142
532 2143
430 2144
1199 2145
1562 2146
1409 2147
1832 2148
1365 2149
1561 2150
1457 2151
1049 2152
2119 2153
862 2154
565 2155
19 2156
198 2157
752 2158
854 2159
2085 2160
1300 2161
2034 2162
297 2163
1641 2164
2081 2165
1733 2166
1109 2167
2157 2168
410 2169
762 2170
441 2171
18 2172
1819 2173
319 2174
1396 2175
1125 2176
1526 2177
942 2178
1370 2179
1640 2180
680 2181
2075 2182
1639 2183
1104 2184
1205 2185
1473 2186
287 2187
1974 2188
484 2189
255 2190
1851 2191
337 2192
1424 2193
1526 2194
2145 2195
2044 2196
2115 2197
1996 2198
1965 2199
384 2200
668 2201
1284 2202
1979 2203
31 2204
1253 2205
654 2206
295 2207
682 2208
10 2209
1086 2210
1748 2211
762 2212
1961 2213
1816 2214
6 2215
185 2216
1736 2217
1429 2218
1820 2219
1329 2220
1715 2221
2074 2222
1076 2223
18 2224
1227 2225
144 2226
984 2227
1626 2228
785 2229
1128 2230
1581 2231
1948 2232
608 2233
1846 2234
2206 2235
261 2236
1598 2237
1184 2238
1774 2239
444 2240
1231 2241
14 2242
177 2243
1182 2244
1254 2245
1037 2246
262 2247
631 2248
881 2249
774 2250
437 2251
750 2252
1033 2253
2231 2254
1326 2255
942 2256
214 2257
1421 2258
321 2259
465 2260
1758 2261
2204 2262
659 2263
1470 2264
821 2265
849 2266
657 2267
2207 2268
1878 2269
257 2270
1307 2271
807 2272
2210 2273
1666 2274
322 2275
372 2276
1606 2277
1787 2278
640 2279
678 2280
1522 2281
1568 2282
1291 2283
368 2284
1210 2285
676 2286
1137 2287
2074 2288
649 2289
1161 2290
1664 2291
1383 2292
1709 2293
909 2294
992 2295
1376 2296
1748 2297
121 2298
145 2299
1862 2300
745 2301
203 2302
1040 2303
1826 2304
263 2305
632 2306
1333 2307
2240 2308
2076 2309
1750 2310
1921 2311
1134 2312
1796 2313
2225 2314
1797 2315
1782 2316
1772 2317
883 2318
1123 2319
1144 2320
801 2321
435 2322
492 2323
292 2324
1267 2325
11 2326
2147 2327
651 2328
1561 2329
1708 2330
1500 2331
1732 2332
1623 2333
1097 2334
474 2335
1151 2336
142 2337
1218 2338
712 2339
1445 2340
1317 2341
405 2342
1846 2343
270 2344
1904 2345
91 2346
99 2347
2282 2348
224 2349
2321 2350
839 2351
1948 2352
1558 2353
1701 2354
1163 2355
63 2356
1324 2357
1088 2358
1428 2359
916 2360
192 2361
1902 2362
808 2363
1691 2364
2010 2365
1458 2366
1324 2367
835 2368
690 2369
470 2370
975 2371
1989 2372
2296 2373
7 2374
188 2375
1958 2376
2090 2377
97 2378
1286 2379
2374 2380
570 2381
1440 2382
2043 2383
2160 2384
1383 2385
2357 2386
2229 2387
657 2388
730 2389
1276 2390
1412 2391
649 2392
124 2393
985 2394
1238 2395
2279 2396
1217 2397
496 2398
1898 2399
850 2400
1195 2401
220 2402
413 2403
333 2404
1773 2405
2153 2406
576 2407
1454 2408
154 2409
680 2410
1728 2411
419 2412
255 2413
2383 2414
1782 2415
1935 2416
2093 2417
1420 2418
633 2419
1272 2420
519 2421
100 2422
2138 2423
1999 2424
1254 2425
359 2426
1812 2427
56 2428
467 2429
1651 2430
1980 2431
2175 2432
430 2433
953 2434
728 2435
1823 2436
1975 2437
538 2438
98 2439
1218 2440
436 2441
1172 2442
1765 2443
1830 2444
1640 2445
585 2446
2050 2447
2214 2448
1053 2449
537 2450
1552 2451
1534 2452
1222 2453
970 2454
1916 2455
673 2456
489 2457
2226 2458
2429 2459
1399 2460
1376 2461
674 2462
1111 2463
995 2464
1613 2465
653 2466
640 2467
2121 2468
201 2469
2198 2470
1292 2471
2290 2472
2344 2473
1701 2474
1525 2475
1121 2476
377 2477
1072 2478
155 2479
470 2480
1531 2481
1953 2482
1698 2483
1690 2484
1425 2485
1166 2486
820 2487
598 2488
1067 2489
854 2490
313 2491
2077 2492
2306 2493
1700 2494
601 2495
1216 2496
2276 2497
932 2498
1071 2499
393 2500
1871 2501
1903 2502
11 2503
1606 2504
1588 2505
1233 2506
1904 2507
1730 2508
283 2509
1417 2510
193 2511
1270 2512
359 2513
1410 2514
1944 2515
1243 2516
1565 2517
312 2518
891 2519
2371 2520
2184 2521
280 2522
1091 2523
619 2524
733 2525
2114 2526
112 2527
1874 2528
387 2529
2188 2530
874 2531
1756 2532
1578 2533
1730 2534
1134 2535
159 2536
1185 2537
572 2538
1643 2539
316 2540
250 2541
2160 2542
1463 2543
807 2544
520 2545
2204 2546
492 2547
938 2548
829 2549
414 2550
662 2551
608 2552
2463 2553
148 2554
1200 2555
367 2556
587 2557
1938 2558
643 2559
529 2560
1653 2561
681 2562
568 2563
1571 2564
735 2565
363 2566
1095 2567
754 2568
1563 2569
385 2570
1101 2571
332 2572
1245 2573
59 2574
652 2575
1297 2576
1325 2577
2442 2578
1489 2579
352 2580
1016 2581
2217 2582
288 2583
1740 2584
1483 2585
1701 2586
1861 2587
2085 2588
1175 2589
2377 2590
1638 2591
303 2592
44 2593
75 2594
2205 2595
957 2596
94 2597
1981 2598
1095 2599
999 2600
761 2601
1586 2602
820 2603
1309 2604
152 2605
1228 2606
1579 2607
34 2608
2416 2609
8 2610
679 2611
969 2612
1860 2613
832 2614
249 2615
919 2616
1386 2617
2497 2618
1577 2619
302 2620
470 2621
170 2622
2277 2623
1741 2624
96 2625
1738 2626
220 2627
1802 2628
1499 2629
559 2630
875 2631
1541 2632
505 2633
1381 2634
812 2635
1684 2636
2322 2637
977 2638
1882 2639
672 2640
1451 2641
1510 2642
1400 2643
1574 2644
2459 2645
1111 2646
525 2647
2552 2648
1259 2649
1643 2650
1340 2651
363 2652
71 2653
2285 2654
1639 2655
1006 2656
1428 2657
1207 2658
58 2659
201 2660
2006 2661
2655 2662
1018 2663
128 2664
1102 2665
74 2666
2470 2667
1966 2668
1891 2669
791 2670
1229 2671
2434 2672
907 2673
11 2674
1931 2675
571 2676
613 2677
1692 2678
2654 2679
1929 2680
1634 2681
2251 2682
2270 2683
124 2684
341 2685
1708 2686
705 2687
2333 2688
2219 2689
183 2690
1898 2691
1056 2692
1394 2693
2167 2694
1317 2695
215 2696
701 2697
944 2698
1095 2699
2562 2700
636 2701
746 2702
2290 2703
2182 2704
1488 2705
294 2706
2474 2707
867 2708
1365 2709
1477 2710
281 2711
1184 2712
241 2713
2658 2714
2647 2715
1483 2716
873 2717
1661 2718
1650 2719
770 2720
2001 2721
2214 2722
2156 2723
1373 2724
1098 2725
1610 2726
595 2727
842 2728
1381 2729
854 2730
1754 2731
124 2732
2526 2733
322 2734
1787 2735
856 2736
961 2737
91 2738
2095 2739
2212 2740
876 2741
1609 2742
1759 2743
1945 2744
393 2745
2569 2746
1468 2747
751 2748
1482 2749
967 2750
1803 2751
89 2752
2251 2753
1336 2754
877 2755
1833 2756
52 2757
1860 2758
312 2759
1621 2760
1520 2761
1043 2762
306 2763
1058 2764
2565 2765
1349 2766
2012 2767
750 2768
969 2769
866 2770
1912 2771
1523 2772
2493 2773
2177 2774
2604 2775
509 2776
1384 2777
2148 2778
1882 2779
2035 2780
2642 2781
899 2782
2721 2783
214 2784
2228 2785
749 2786
490 2787
71 2788
1198 2789
514 2790
643 2791
2552 2792
1143 2793
416 2794
1127 2795
2333 2796
1525 2797
2133 2798
965 2799
705 2800
1133 2801
962 2802
2237 2803
221 2804
2340 2805
1114 2806
1479 2807
2464 2808
1696 2809
2044 2810
2526 2811
1366 2812
2556 2813
1790 2814
2742 2815
1835 2816
513 2817
619 2818
2381 2819
526 2820
668 2821
2185 2822
889 2823
975 2824
362 2825
879 2826
2509 2827
2511 2828
602 2829
1648 2830
154 2831
813 2832
236 2833
2238 2834
1032 2835
2289 2836
55 2837
1543 2838
2347 2839
813 2840
1083 2841
14 2842
47 2843
2661 2844
291 2845
990 2846
932 2847
198 2848
1664 2849
1739 2850
311 2851
462 2852
1472 2853
1782 2854
889 2855
1528 2856
2758 2857
385 2858
2337 2859
1014 2860
1813 2861
219 2862
1413 2863
1628 2864
1143 2865
987 2866
2383 2867
2634 2868
759 2869
654 2870
1469 2871
1687 2872
179 2873
2338 2874
1945 2875
1762 2876
2461 2877
2290 2878
1955 2879
112 2880
1331 2881
731 2882
401 2883
160 2884
821 2885
432 2886
105 2887
431 2888
721 2889
3 2890
985 2891
555 2892
970 2893
348 2894
1164 2895
2242 2896
2659 2897
20 2898
1108 2899
1022 2900
822 2901
401 2902
628 2903
2794 2904
952 2905
1267 2906
57 2907
2421 2908
2315 2909
2484 2910
2737 2911
644 2912
1706 2913
725 2914
974 2915
2053 2916
149 2917
850 2918
2290 2919
2287 2920
2781 2921
2518 2922
2133 2923
2110 2924
279 2925
680 2926
1846 2927
2845 2928
2738 2929
2282 2930
2834 2931
1266 2932
734 2933
1676 2934
2401 2935
620 2936
439 2937
1476 2938
2518 2939
568 2940
888 2941
1383 2942
836 2943
2282 2944
1641 2945
24 2946
293 2947
1113 2948
730 2949
1845 2950
142 2951
1226 2952
2952 2953
814 2954
944 2955
199 2956
2806 2957
350 2958
2427 2959
364 2960
2231 2961
621 2962
2741 2963
15 2964
1371 2965
915 2966
296 2967
829 2968
2305 2969
1839 2970
1150 2971
2720 2972
2258 2973
2016 2974
1796 2975
705 2976
75 2977
2674 2978
361 2979
1900 2980
1929 2981
1318 2982
2483 2983
778 2984
834 2985
1223 2986
112 2987
2086 2988
1180 2989
2794 2990
20 2991
604 2992
1163 2993
2025 2994
785 2995
609 2996
344 2997
1800 2998
2697 2999
941 3000
2811 3001
2934 3002
2803 3003
691 3004
325 3005
27 3006
1861 3007
1877 3008
906 3009
1116 3010
1044 3011
510 3012
442 3013
103 3014
1177 3015
453 3016
1700 3017
2500 3018
1464 3019
2030 3020
1570 3021
2632 3022
1357 3023
1558 3024
1302 3025
60 3026
2005 3027
1084 3028
1782 3029
2014 3030
448 3031
2764 3032
193 3033
307 3034
197 3035
1020 3036
1721 3037
170 3038
2580 3039
757 3040
270 3041
2212 3042
479 3043
2048 3044
2976 3045
138 3046
2846 3047
2550 3048
644 3049
1912 3050
200 3051
114 3052
1708 3053
758 3054
258 3055
565 3056
2446 3057
2386 3058
1640 3059
2376 3060
2590 3061
2104 3062
2537 3063
2273 3064
364 3065
1412 3066
2834 3067
985 3068
1171 3069
1961 3070
813 3071
2895 3072
1242 3073
3033 3074
2153 3075
3071 3076
992 3077
196 3078
1306 3079
1596 3080
126 3081
2171 3082
2098 3083
2678 3084
23 3085
1393 3086
609 3087
1822 3088
1697 3089
2803 3090
1265 3091
1845 3092
2582 3093
414 3094
2152 3095
1215 3096
1092 3097
756 3098
2510 3099
1484 3100
540 3101
2791 3102
254 3103
1897 3104
881 3105
2747 3106
2535 3107
562 3108
820 3109
883 3110
2141 3111
2213 3112
852 3113
2056 3114
730 3115
111 3116
1331 3117
1219 3118
1120 3119
1241 3120
2958 3121
108 3122
1947 3123
1793 3124
1964 3125
1532 3126
2840 3127
1440 3128
570 3129
2581 3130
2581 3131
2690 3132
1774 3133
2442 3134
48 3135
662 3136
2600 3137
1941 3138
994 3139
1743 3140
1490 3141
543 3142
1455 3143
627 3144
2623 3145
502 3146
798 3147
294 3148
3050 3149
466 3150
1338 3151
3140 3152
2930 3153
1417 3154
1440 3155
697 3156
1416 3157
1436 3158
1733 3159
1220 3160
2685 3161
975 3162
81 3163
1545 3164
1590 3165
966 3166
1083 3167
1357 3168
1724 3169
2026 3170
1381 3171
2308 3172
376 3173
2664 3174
905 3175
1082 3176
552 3177
810 3178
380 3179
660 3180
2955 3181
1322 3182
1674 3183
971 3184
2468 3185
2926 3186
751 3187
2257 3188
2539 3189
258 3190
3185 3191
1301 3192
426 3193
3001 3194
871 3195
548 3196
390 3197
1607 3198
320 3199
811 3200
1092 3201
2310 3202
1215 3203
2136 3204
2771 3205
2400 3206
1443 3207
2423 3208
1604 3209
265 3210
1835 3211
608 3212
196 3213
1142 3214
63 3215
126 3216
2944 3217
2870 3218
1663 3219
252 3220
3082 3221
1448 3222
1936 3223
128 3224
94 3225
1863 3226
1927 3227
3079 3228
2479 3229
2305 3230
3121 3231
507 3232
2269 3233
1850 3234
2215 3235
367 3236
239 3237
3043 3238
738 3239
1817 3240
838 3241
2717 3242
410 3243
720 3244
3221 3245
1712 3246
1374 3247
3105 3248
1486 3249
1466 3250
1379 3251
1159 3252
3019 3253
910 3254
936 3255
1717 3256
491 3257
1580 3258
2383 3259
2965 3260
856 3261
418 3262
1380 3263
556 3264
2841 3265
2452 3266
2857 3267
1510 3268
2644 3269
925 3270
250 3271
2944 3272
2024 3273
209 3274
1648 3275
2078 3276
1346 3277
2955 3278
327 3279
1283 3280
186 3281
2128 3282
3134 3283
1420 3284
900 3285
2598 3286
2711 3287
1970 3288
1298 3289
2754 3290
372 3291
3123 3292
2842 3293
286 3294
870 3295
1625 3296
1575 3297
3260 3298
3213 3299
2138 3300
1989 3301
1135 3302
673 3303
1371 3304
1011 3305
1017 3306
314 3307
1592 3308
2003 3309
1206 3310
1760 3311
104 3312
1527 3313
2931 3314
547 3315
1498 3316
1806 3317
1238 3318
187 3319
458 3320
476 3321
2087 3322
1459 3323
2681 3324
1285 3325
1058 3326
3286 3327
1525 3328
1192 3329
820 3330
2655 3331
1405 3332
3133 3333
309 3334
2046 3335
2425 3336
564 3337
345 3338
2405 3339
362 3340
215 3341
1115 3342
1899 3343
3223 3344
3256 3345
2916 3346
1828 3347
1497 3348
1182 3349
2087 3350
24 3351
1531 3352
1940 3353
160 3354
602 3355
2832 3356
1974 3357
3012 3358
80 3359
722 3360
2179 3361
455 3362
2692 3363
2893 3364
1826 3365
2054 3366
157 3367
2779 3368
2134 3369
2322 3370
1192 3371
530 3372
3199 3373
105 3374
516 3375
1060 3376
1454 3377
39 3378
996 3379
1869 3380
31 3381
415 3382
3337 3383
1320 3384
3375 3385
152 3386
401 3387
2368 3388
3127 3389
2233 3390
3049 3391
2053 3392
115 3393
1411 3394
2435 3395
1691 3396
55 3397
1970 3398
2093 3399
613 3400
2347 3401
260 3402
1109 3403
3091 3404
428 3405
2899 3406
1396 3407
1052 3408
1047 3409
900 3410
129 3411
2092 3412
133 3413
284 3414
2780 3415
903 3416
1002 3417
183 3418
1983 3419
3276 3420
1489 3421
357 3422
1857 3423
3069 3424
831 3425
838 3426
2342 3427
688 3428
1276 3429
1127 3430
2860 3431
488 3432
3039 3433
3087 3434
2221 3435
934 3436
1402 3437
3360 3438
2719 3439
174 3440
3173 3441
1623 3442
28 3443
2668 3444
2712 3445
954 3446
2690 3447
1183 3448
3091 3449
2484 3450
1062 3451
938 3452
1265 3453
2643 3454
3173 3455
3237 3456
2948 3457
1405 3458
2748 3459
403 3460
2200 3461
2944 3462
3017 3463
2117 3464
642 3465
3413 3466
281 3467
2182 3468
3314 3469
373 3470
1784 3471
1214 3472
3301 3473
38 3474
1770 3475
504 3476
245 3477
3416 3478
3139 3479
472 3480
2951 3481
2068 3482
3318 3483
1966 3484
455 3485
2857 3486
2021 3487
2482 3488
900 3489
1026 3490
1111 3491
727 3492
2685 3493
2249 3494
263 3495
2409 3496
1682 3497
2422 3498
1721 3499
3112 3500
1712 3501
1994 3502
2278 3503
2189 3504
112 3505
3028 3506
464 3507
1260 3508
590 3509
303 3510
2557 3511
1722 3512
1905 3513
714 3514
2618 3515
574 3516
1805 3517
1663 3518
1523 3519
2856 3520
2123 3521
1939 3522
3420 3523
2911 3524
12 3525
1237 3526
713 3527
347 3528
60 3529
371 3530
726 3531
1028 3532
1093 3533
226 3534
1876 3535
2854 3536
2794 3537
1510 3538
1434 3539
621 3540
3164 3541
216 3542
432 3543
1385 3544
1437 3545
1646 3546
1105 3547
860 3548
3264 3549
513 3550
296 3551
713 3552
2133 3553
3073 3554
1103 3555
847 3556
665 3557
2862 3558
2738 3559
2218 3560
1469 3561
1699 3562
2547 3563
669 3564
1082 3565
3329 3566
2915 3567
2687 3568
1008 3569
1394 3570
2197 3571
838 3572
3242 3573
1828 3574
1875 3575
828 3576
1340 3577
1402 3578
3303 3579
734 3580
3011 3581
3024 3582
755 3583
645 3584
1735 3585
2947 3586
1936 3587
2838 3588
1064 3589
1987 3590
94 3591
652 3592
1565 3593
1974 3594
2923 3595
2209 3596
3110 3597
934 3598
3207 3599
3254 3600
231 3601
2429 3602
2413 3603
1639 3604
754 3605
3362 3606
2396 3607
1449 3608
2153 3609
3214 3610
1283 3611
66 3612
1899 3613
2240 3614
889 3615
429 3616
1286 3617
3550 3618
1872 3619
3276 3620
1758 3621
2131 3622
3047 3623
1443 3624
1438 3625
19 3626
177 3627
2072 3628
2194 3629
1828 3630
2740 3631
1026 3632
338 3633
229 3634
3171 3635
376 3636
637 3637
1017 3638
2092 3639
965 3640
2189 3641
2718 3642
2780 3643
1100 3644
3135 3645
1928 3646
1796 3647
3424 3648
52 3649
3582 3650
851 3651
1443 3652
1911 3653
1008 3654
1527 3655
874 3656
2204 3657
1114 3658
904 3659
2815 3660
2447 3661
857 3662
1296 3663
98 3664
1865 3665
2594 3666
2018 3667
219 3668
2208 3669
3137 3670
1455 3671
3235 3672
3363 3673
1801 3674
1343 3675
712 3676
1881 3677
2633 3678
543 3679
943 3680
801 3681
585 3682
3119 3683
3258 3684
2422 3685
1795 3686
2907 3687
832 3688
2600 3689
2861 3690
902 3691
882 3692
2792 3693
3130 3694
1436 3695
1498 3696
2566 3697
1966 3698
517 3699
1909 3700
2743 3701
3470 3702
221 3703
815 3704
113 3705
1724 3706
521 3707
2540 3708
459 3709
1143 3710
1053 3711
1742 3712
2350 3713
1905 3714
3327 3715
2958 3716
1259 3717
83 3718
3311 3719
3515 3720
2537 3721
1905 3722
1610 3723
763 3724
2709 3725
988 3726
1944 3727
1927 3728
1930 3729
3230 3730
1941 3731
80 3732
1199 3733
844 3734
2609 3735
277 3736
629 3737
2843 3738
48 3739
707 3740
2105 3741
2013 3742
321 3743
91 3744
2070 3745
371 3746
2382 3747
145 3748
3696 3749
1013 3750
2516 3751
3464 3752
2520 3753
262 3754
354 3755
2466 3756
845 3757
3442 3758
3732 3759
2126 3760
467 3761
2990 3762
139 3763
693 3764
2289 3765
1112 3766
1569 3767
2852 3768
1999 3769
2017 3770
1104 3771
3028 3772
155 3773
603 3774
541 3775
3290 3776
2875 3777
140 3778
2591 3779
2305 3780
1904 3781
860 3782
1199 3783
2743 3784
3057 3785
2042 3786
2400 3787
2358 3788
1778 3789
46 3790
1602 3791
2486 3792
2363 3793
2838 3794
902 3795
3060 3796
3013 3797
100 3798
2539 3799
943 3800
1236 3801
2609 3802
3444 3803
2822 3804
2226 3805
28 3806
2408 3807
2917 3808
3223 3809
2588 3810
1164 3811
2344 3812
2589 3813
1734 3814
2439 3815
458 3816
2960 3817
914 3818
1415 3819
3233 3820
1698 3821
2904 3822
2047 3823
2888 3824
883 3825
2139 3826
177 3827
3081 3828
3225 3829
874 3830
2490 3831
3688 3832
3488 3833
613 3834
530 3835
2177 3836
1730 3837
2165 3838
3127 3839
1561 3840
3456 3841
2655 3842
3469 3843
735 3844
2216 3845
2072 3846
2068 3847
1596 3848
2670 3849
1043 3850
1287 3851
382 3852
1747 3853
1422 3854
1433 3855
3548 3856
759 3857
1590 3858
1125 3859
300 3860
1395 3861
1548 3862
2640 3863
1580 3864
3598 3865
595 3866
1306 3867
1391 3868
3005 3869
1916 3870
1501 3871
2149 3872
3574 3873
521 3874
3263 3875
190 3876
2036 3877
81 3878
618 3879
3183 3880
711 3881
2702 3882
2118 3883
1042 3884
1677 3885
2420 3886
3527 3887
179 3888
3558 3889
1194 3890
3398 3891
1334 3892
3277 3893
778 3894
571 3895
1937 3896
2404 3897
935 3898
2482 3899
2627 3900
593 3901
1896 3902
3526 3903
3164 3904
3552 3905
2474 3906
2688 3907
1990 3908
1580 3909
1628 3910
1089 3911
1711 3912
2828 3913
3061 3914
53 3915
633 3916
397 3917
2386 3918
1925 3919
3285 3920
701 3921
1750 3922
1792 3923
3469 3924
534 3925
864 3926
277 3927
3329 3928
2149 3929
3009 3930
762 3931
3524 3932
1307 3933
3788 3934
767 3935
2200 3936
1210 3937
1631 3938
949 3939
2654 3940
663 3941
242 3942
3471 3943
3522 3944
1187 3945
1659 3946
3068 3947
2855 3948
3535 3949
3619 3950
745 3951
946 3952
1150 3953
2242 3954
1290 3955
1740 3956
1754 3957
2411 3958
3044 3959
1640 3960
248 3961
2537 3962
3375 3963
2007 3964
1836 3965
2835 3966
1774 3967
1699 3968
1048 3969
1554 3970
3271 3971
3725 3972
2924 3973
3687 3974
1389 3975
2266 3976
3182 3977
1539 3978
3504 3979
3539 3980
3934 3981
2517 3982
276 3983
269 3984
504 3985
3467 3986
2352 3987
404 3988
454 3989
1422 3990
2615 3991
2501 3992
3784 3993
3143 3994
1307 3995
3918 3996
3331 3997
3693 3998
3058 3999
3004 4000
1023 4001
2797 4002
989 4003
1901 4004
272 4005
2344 4006
3653 4007
1324 4008
2061 4009
581 4010
3775 4011
3685 4012
3174 4013
1384 4014
784 4015
1446 4016
1994 4017
380 4018
1070 4019
2717 4020
3472 4021
666 4022
2765 4023
2342 4024
3494 4025
2473 4026
2033 4027
3715 4028
69 4029
3347 4030
3608 4031
2885 4032
1167 4033
3351 4034
1185 4035
2436 4036
3661 4037
3820 4038
3345 4039
613 4040
477 4041
3398 4042
907 4043
3706 4044
1621 4045
3660 4046
847 4047
2814 4048
2562 4049
2330 4050
3515 4051
2571 4052
2834 4053
2990 4054
2227 4055
190 4056
2439 4057
844 4058
2986 4059
3003 4060
3443 4061
3255 4062
3045 4063
790 4064
1763 4065
257 4066
2053 4067
2344 4068
2260 4069
3283 4070
2742 4071
1032 4072
509 4073
2408 4074
1900 4075
2806 4076
3161 4077
2445 4078
2099 4079
403 4080
2285 4081
3112 4082
2257 4083
2044 4084
4001 4085
3256 4086
3880 4087
3742 4088
2031 4089
1814 4090
2004 4091
3790 4092
3077 4093
2144 4094
1938 4095
2084 4096
1917 4097
3549 4098
345 4099
1409 4100
2147 4101
1915 4102
3031 4103
3834 4104
1278 4105
162 4106
1282 4107
372 4108
376 4109
3254 4110
3595 4111
3618 4112
170 4113
3417 4114
3553 4115
3641 4116
1295 4117
2553 4118
1105 4119
4088 4120
2703 4121
1496 4122
3235 4123
2565 4124
546 4125
2130 4126
285 4127
1452 4128
2660 4129
366 4130
3567 4131
2290 4132
4091 4133
1435 4134
3349 4135
3933 4136
1486 4137
3068 4138
2154 4139
1546 4140
1660 4141
2886 4142
3358 4143
913 4144
3465 4145
2377 4146
1818 4147
3098 4148
3451 4149
43 4150
1967 4151
1430 4152
238 4153
532 4154
282 4155
3834 4156
3627 4157
1137 4158
3444 4159
3077 4160
1770 4161
3566 4162
1525 4163
2966 4164
1945 4165
1193 4166
2106 4167
261 4168
2014 4169
61 4170
1711 4171
3629 4172
3821 4173
79 4174
568 4175
1772 4176
2567 4177
3510 4178
598 4179
856 4180
1563 4181
2937 4182
3 4183
4070 4184
82 4185
68 4186
3479 4187
2407 4188
4173 4189
904 4190
485 4191
3838 4192
3909 4193
3646 4194
3599 4195
2788 4196
994 4197
2271 4198
340 4199
2953 4200
3778 4201
1011 4202
1775 4203
603 4204
2144 4205
1840 4206
1884 4207
82 4208
11 4209
3635 4210
2056 4211
2865 4212
2599 4213
1069 4214
3210 4215
2146 4216
3896 4217
3979 4218
4030 4219
3222 4220
235 4221
301 4222
3077 4223
3232 4224
843 4225
2852 4226
2684 4227
3632 4228
3189 4229
3958 4230
2525 4231
3713 4232
1140 4233
4167 4234
2665 4235
2826 4236
2700 4237
866 4238
3811 4239
1518 4240
2499 4241
381 4242
828 4243
804 4244
401 4245
3258 4246
1121 4247
1088 4248
2302 4249
1315 4250
12 4251
3612 4252
3193 4253
2933 4254
4217 4255
3146 4256
3102 4257
3105 4258
165 4259
2226 4260
3230 4261
836 4262
2049 4263
1693 4264
406 4265
4002 4266
2985 4267
1696 4268
1351 4269
206 4270
358 4271
1893 4272
300 4273
3660 4274
2188 4275
1694 4276
1663 4277
118 4278
3682 4279
133 4280
1111 4281
2724 4282
3301 4283
3929 4284
3341 4285
3680 4286
1532 4287
3208 4288
3207 4289
3158 4290
52 4291
2617 4292
2785 4293
3399 4294
191 4295
1630 4296
3518 4297
44 4298
2135 4299
1767 4300
3846 4301
2762 4302
2814 4303
2037 4304
1010 4305
4109 4306
3769 4307
1068 4308
3680 4309
4150 4310
279 4311
2168 4312
3406 4313
544 4314
1426 4315
1932 4316
286 4317
3561 4318
2856 4319
2043 4320
3926 4321
1491 4322
1328 4323
1907 4324
2205 4325
2704 4326
1286 4327
3321 4328
1364 4329
460 4330
2108 4331
3868 4332
4028 4333
1303 4334
2448 4335
2299 4336
1892 4337
2899 4338
1936 4339
188 4340
2763 4341
3524 4342
3168 4343
1938 4344
2642 4345
2894 4346
3180 4347
756 4348
1575 4349
3432 4350
6 4351
2013 4352
2199 4353
3935 4354
423 4355
860 4356
760 4357
2200 4358
3159 4359
1028 4360
1590 4361
517 4362
2155 4363
3297 4364
3583 4365
2478 4366
2155 4367
500 4368
646 4369
4296 4370
2665 4371
183 4372
4043 4373
4095 4374
3644 4375
771 4376
893 4377
1271 4378
1118 4379
424 4380
668 4381
2208 4382
1729 4383
3470 4384
1878 4385
367 4386
3321 4387
3587 4388
574 4389
717 4390
3053 4391
2614 4392
1292 4393
1173 4394
1563 4395
1910 4396
1815 4397
2210 4398
3778 4399
4171 4400
1030 4401
527 4402
4091 4403
617 4404
4361 4405
610 4406
3902 4407
1681 4408
2662 4409
4140 4410
2160 4411
293 4412
3878 4413
1298 4414
4071 4415
2249 4416
3997 4417
2136 4418
725 4419
3521 4420
3336 4421
224 4422
769 4423
2291 4424
172 4425
383 4426
4107 4427
1174 4428
2595 4429
4279 4430
1446 4431
2668 4432
1544 4433
516 4434
1441 4435
402 4436
2793 4437
869 4438
4297 4439
2682 4440
3632 4441
2427 4442
3819 4443
1192 4444
3705 4445
2779 4446
1453 4447
2014 4448
269 4449
1530 4450
3820 4451
2357 4452
3895 4453
1934 4454
1905 4455
162 4456
4276 4457
371 4458
3925 4459
885 4460
2953 4461
1430 4462
2293 4463
521 4464
682 4465
495 4466
3023 4467
1652 4468
1314 4469
4152 4470
2651 4471
1057 4472
727 4473
1649 4474
1566 4475
3159 4476
2793 4477
594 4478
4150 4479
219 4480
2446 4481
2092 4482
4051 4483
2179 4484
4199 4485
553 4486
1560 4487
1284 4488
1851 4489
1800 4490
591 4491
1604 4492
4188 4493
3106 4494
193 4495
3774 4496
3172 4497
2024 4498
4255 4499
4290 4500
3067 4501
2580 4502
1525 4503
4500 4504
3552 4505
1693 4506
1960 4507
1798 4508
59 4509
2983 4510
3441 4511
651 4512
2962 4513
3988 4514
3700 4515
4317 4516
2676 4517
4379 4518
739 4519
1849 4520
1892 4521
3004 4522
3663 4523
2535 4524
1632 4525
792 4526
2274 4527
2361 4528
2274 4529
3674 4530
1237 4531
1457 4532
4124 4533
282 4534
898 4535
624 4536
524 4537
2610 4538
4035 4539
3999 4540
4116 4541
3884 4542
1773 4543
449 4544
4289 4545
3951 4546
1591 4547
2273 4548
1885 4549
1673 4550
2588 4551
2850 4552
2854 4553
1115 4554
566 4555
3991 4556
922 4557
1222 4558
4059 4559
4068 4560
4108 4561
3683 4562
339 4563
187 4564
2994 4565
2774 4566
341 4567
3929 4568
4208 4569
310 4570
2215 4571
3678 4572
641 4573
1300 4574
2045 4575
3267 4576
1507 4577
4259 4578
2380 4579
2074 4580
2521 4581
3343 4582
2467 4583
2121 4584
2868 4585
1406 4586
900 4587
3673 4588
2998 4589
3289 4590
2704 4591
3670 4592
1589 4593
5 4594
2165 4595
4576 4596
2189 4597
4129 4598
1737 4599
1379 4600
2957 4601
1968 4602
1120 4603
750 4604
3667 4605
4422 4606
2073 4607
3309 4608
1060 4609
2744 4610
1417 4611
2423 4612
2576 4613
4224 4614
4374 4615
2241 4616
471 4617
3502 4618
1887 4619
71 4620
3268 4621
271 4622
3382 4623
1264 4624
1099 4625
3124 4626
2463 4627
4476 4628
1691 4629
778 4630
2501 4631
3284 4632
885 4633
3113 4634
2451 4635
1193 4636
3029 4637
2162 4638
37 4639
1313 4640
1601 4641
4016 4642
170 4643
2576 4644
2687 4645
1577 4646
4024 4647
347 4648
2954 4649
2359 4650
3 4651
2200 4652
3839 4653
2654 4654
1379 4655
4296 4656
433 4657
1539 4658
3543 4659
4597 4660
2998 4661
1623 4662
2241 4663
3275 4664
932 4665
809 4666
2295 4667
2305 4668
915 4669
2698 4670
2437 4671
1784 4672
1745 4673
1335 4674
509 4675
4528 4676
3461 4677
323 4678
2793 4679
2559 4680
424 4681
540 4682
157 4683
4468 4684
3684 4685
1390 4686
2440 4687
747 4688
2060 4689
3606 4690
1336 4691
2872 4692
1 4693
1417 4694
3314 4695
3134 4696
1258 4697
2698 4698
581 4699
3880 4700
3456 4701
1064 4702
41 4703
1964 4704
3511 4705
4030 4706
3824 4707
2601 4708
2212 4709
1666 4710
2825 4711
1749 4712
1735 4713
659 4714
3451 4715
2844 4716
2629 4717
4387 4718
3671 4719
4524 4720
3655 4721
3774 4722
163 4723
2536 4724
4000 4725
3058 4726
3563 4727
4683 4728
3461 4729
2212 4730
358 4731
3493 4732
2159 4733
4177 4734
4347 4735
3328 4736
3166 4737
2449 4738
2930 4739
2954 4740
2393 4741
323 4742
186 4743
179 4744
2648 4745
4261 4746
3336 4747
125 4748
1290 4749
924 4750
2278 4751
1843 4752
280 4753
1235 4754
2137 4755
517 4756
2435 4757
2819 4758
1261 4759
1713 4760
1437 4761
967 4762
1433 4763
2363 4764
2125 4765
1231 4766
3022 4767
4459 4768
3261 4769
943 4770
2540 4771
4646 4772
715 4773
1223 4774
485 4775
413 4776
2693 4777
2976 4778
4167 4779
2070 4780
148 4781
1616 4782
881 4783
4066 4784
4461 4785
1121 4786
270 4787
360 4788
1872 4789
3008 4790
1719 4791
3612 4792
2507 4793
4169 4794
2580 4795
2435 4796
895 4797
3618 4798
4674 4799
17 4800
605 4801
930 4802
4291 4803
2209 4804
3148 4805
2854 4806
1717 4807
2253 4808
3218 4809
517 4810
888 4811
4639 4812
2577 4813
3181 4814
3189 4815
3195 4816
3305 4817
3908 4818
3422 4819
2603 4820
2017 4821
3712 4822
1560 4823
3476 4824
1061 4825
1192 4826
79 4827
774 4828
4105 4829
2295 4830
1055 4831
4143 4832
3087 4833
2319 4834
4546 4835
4108 4836
2901 4837
2914 4838
1949 4839
4638 4840
1841 4841
768 4842
4170 4843
2726 4844
3784 4845
2948 4846
4213 4847
4130 4848
939 4849
1676 4850
3435 4851
3021 4852
4560 4853
4419 4854
3091 4855
3856 4856
2788 4857
3656 4858
1338 4859
4117 4860
1307 4861
2428 4862
2195 4863
4852 4864
3524 4865
3286 4866
2333 4867
1954 4868
2987 4869
2062 4870
3197 4871
1822 4872
2494 4873
1169 4874
4619 4875
2016 4876
4742 4877
889 4878
2143 4879
469 4880
1019 4881
4398 4882
2135 4883
1535 4884
335 4885
359 4886
823 4887
1336 4888
2926 4889
3141 4890
1920 4891
1467 4892
2405 4893
3385 4894
954 4895
3089 4896
4118 4897
3030 4898
536 4899
3095 4900
1632 4901
3110 4902
1956 4903
4414 4904
2543 4905
1751 4906
2004 4907
3991 4908
2925 4909
3320 4910
757 4911
2542 4912
4763 4913
3502 4914
4236 4915
2950 4916
1949 4917
1527 4918
4876 4919
1803 4920
1438 4921
1013 4922
1973 4923
3480 4924
1557 4925
392 4926
1572 4927
145 4928
2768 4929
2385 4930
1213 4931
4088 4932
4168 4933
503 4934
3888 4935
4262 4936
1246 4937
3479 4938
3517 4939
1287 4940
1288 4941
3467 4942
681 4943
1418 4944
4758 4945
1457 4946
2694 4947
947 4948
3097 4949
701 4950
3002 4951
435 4952
494 4953
1392 4954
1362 4955
855 4956
1682 4957
130 4958
2617 4959
4041 4960
2712 4961
3777 4962
1317 4963
1916 4964
3800 4965
404 4966
4937 4967
649 4968
465 4969
3771 4970
3347 4971
349 4972
4026 4973
3454 4974
3708 4975
3597 4976
1631 4977
2201 4978
3263 4979
3712 4980
2617 4981
2155 4982
722 4983
1135 4984
1031 4985
1636 4986
4812 4987
3284 4988
4899 4989
2010 4990
109 4991
1086 4992
1482 4993
4565 4994
1712 4995
3749 4996
1131 4997
4242 4998
2198 4999
3105 5000
