5000
1 2
1 3
1 4
4 5
3 6
5 7
4 8
4 9
7 10
4 11
6 12
12 13
9 14
5 15
9 16
14 17
4 18
12 19
8 20
16 21
20 22
1 23
20 24
24 25
9 26
5 27
23 28
25 29
20 30
29 31
12 32
22 33
17 34
1 35
12 36
1 37
29 38
29 39
30 40
38 41
27 42
8 43
14 44
38 45
9 46
23 47
37 48
2 49
19 50
29 51
35 52
32 53
23 54
2 55
21 56
3 57
7 58
6 59
58 60
34 61
21 62
33 63
31 64
55 65
34 66
43 67
27 68
16 69
43 70
49 71
18 72
19 73
64 74
47 75
31 76
76 77
6 78
21 79
20 80
53 81
76 82
8 83
66 84
23 85
16 86
61 87
66 88
45 89
23 90
87 91
17 92
91 93
55 94
41 95
56 96
81 97
31 98
94 99
27 100
53 101
45 102
73 103
85 104
94 105
48 106
88 107
22 108
35 109
59 110
36 111
58 112
94 113
2 114
22 115
24 116
20 117
56 118
69 119
52 120
87 121
74 122
75 123
67 124
80 125
85 126
117 127
82 128
104 129
45 130
17 131
77 132
132 133
8 134
34 135
99 136
95 137
19 138
8 139
27 140
101 141
107 142
90 143
111 144
61 145
128 146
126 147
37 148
70 149
105 150
43 151
64 152
52 153
149 154
86 155
62 156
56 157
45 158
45 159
44 160
39 161
71 162
99 163
104 164
59 165
160 166
23 167
72 168
45 169
2 170
156 171
64 172
57 173
76 174
86 175
32 176
145 177
72 178
29 179
17 180
179 181
94 182
102 183
30 184
105 185
124 186
185 187
29 188
90 189
167 190
129 191
167 192
34 193
145 194
113 195
89 196
165 197
81 198
81 199
123 200
80 201
27 202
113 203
63 204
199 205
25 206
189 207
127 208
48 209
143 210
176 211
26 212
89 213
113 214
148 215
170 216
70 217
119 218
195 219
7 220
172 221
158 222
35 223
199 224
146 225
214 226
205 227
65 228
69 229
37 230
199 231
211 232
12 233
66 234
131 235
183 236
224 237
198 238
227 239
173 240
72 241
21 242
16 243
143 244
140 245
122 246
99 247
78 248
55 249
233 250
182 251
165 252
131 253
211 254
37 255
234 256
164 257
5 258
178 259
223 260
209 261
20 262
169 263
174 264
79 265
53 266
139 267
53 268
41 269
133 270
39 271
226 272
260 273
171 274
222 275
57 276
146 277
184 278
10 279
212 280
37 281
42 282
200 283
94 284
26 285
128 286
80 287
88 288
27 289
226 290
203 291
172 292
285 293
107 294
282 295
5 296
287 297
225 298
44 299
139 300
30 301
134 302
294 303
266 304
170 305
257 306
306 307
163 308
132 309
179 310
201 311
116 312
179 313
278 314
283 315
211 316
303 317
89 318
162 319
269 320
144 321
293 322
59 323
204 324
260 325
213 326
293 327
31 328
14 329
259 330
171 331
175 332
142 333
307 334
303 335
54 336
249 337
270 338
85 339
264 340
269 341
285 342
99 343
50 344
87 345
236 346
79 347
266 348
142 349
82 350
265 351
206 352
347 353
241 354
82 355
76 356
289 357
10 358
137 359
148 360
171 361
269 362
319 363
183 364
85 365
69 366
260 367
84 368
204 369
216 370
178 371
205 372
30 373
134 374
88 375
276 376
40 377
158 378
143 379
46 380
210 381
240 382
350 383
230 384
99 385
16 386
202 387
332 388
382 389
92 390
263 391
25 392
121 393
360 394
138 395
272 396
149 397
139 398
46 399
253 400
131 401
299 402
82 403
34 404
6 405
276 406
34 407
118 408
189 409
335 410
338 411
403 412
379 413
140 414
37 415
366 416
397 417
195 418
306 419
18 420
65 421
274 422
133 423
346 424
221 425
396 426
411 427
425 428
20 429
8 430
66 431
123 432
389 433
224 434
138 435
286 436
10 437
292 438
280 439
37 440
4 441
333 442
286 443
259 444
246 445
377 446
50 447
122 448
270 449
167 450
226 451
406 452
291 453
323 454
310 455
406 456
62 457
122 458
3 459
15 460
412 461
391 462
358 463
9 464
18 465
387 466
352 467
329 468
51 469
221 470
27 471
235 472
168 473
224 474
70 475
400 476
50 477
226 478
360 479
31 480
28 481
470 482
297 483
81 484
86 485
278 486
408 487
440 488
345 489
116 490
196 491
347 492
420 493
184 494
243 495
70 496
413 497
157 498
332 499
291 500
42 501
150 502
417 503
170 504
269 505
209 506
82 507
453 508
303 509
82 510
64 511
5 512
149 513
427 514
63 515
137 516
49 517
43 518
451 519
64 520
143 521
65 522
200 523
146 524
56 525
153 526
273 527
496 528
189 529
161 530
254 531
272 532
46 533
341 534
203 535
290 536
446 537
174 538
442 539
198 540
223 541
19 542
512 543
414 544
386 545
477 546
76 547
290 548
373 549
403 550
47 551
488 552
401 553
82 554
120 555
309 556
555 557
95 558
245 559
30 560
324 561
321 562
420 563
390 564
536 565
239 566
368 567
429 568
250 569
519 570
177 571
543 572
205 573
443 574
259 575
268 576
330 577
503 578
371 579
521 580
326 581
166 582
284 583
568 584
4 585
179 586
189 587
180 588
356 589
111 590
90 591
389 592
320 593
254 594
341 595
428 596
585 597
441 598
310 599
237 600
189 601
26 602
586 603
392 604
586 605
328 606
96 607
358 608
249 609
491 610
408 611
393 612
340 613
167 614
14 615
489 616
75 617
179 618
585 619
471 620
225 621
247 622
105 623
175 624
112 625
315 626
541 627
94 628
87 629
290 630
192 631
595 632
466 633
242 634
241 635
585 636
146 637
473 638
318 639
569 640
550 641
588 642
233 643
370 644
399 645
191 646
110 647
33 648
134 649
13 650
270 651
487 652
16 653
488 654
604 655
542 656
87 657
593 658
427 659
37 660
637 661
353 662
137 663
452 664
153 665
290 666
127 667
70 668
248 669
522 670
200 671
13 672
391 673
243 674
347 675
185 676
297 677
666 678
433 679
89 680
426 681
333 682
359 683
475 684
515 685
186 686
118 687
590 688
179 689
645 690
448 691
436 692
543 693
319 694
420 695
691 696
235 697
111 698
447 699
66 700
300 701
653 702
388 703
98 704
327 705
17 706
448 707
83 708
339 709
582 710
496 711
554 712
103 713
415 714
691 715
3 716
93 717
217 718
51 719
95 720
67 721
9 722
574 723
606 724
610 725
515 726
193 727
163 728
532 729
487 730
648 731
188 732
18 733
720 734
655 735
283 736
480 737
443 738
192 739
144 740
160 741
406 742
716 743
357 744
659 745
129 746
740 747
745 748
539 749
241 750
621 751
185 752
29 753
343 754
257 755
591 756
318 757
424 758
516 759
161 760
728 761
231 762
652 763
69 764
760 765
177 766
485 767
537 768
598 769
623 770
276 771
406 772
234 773
123 774
762 775
664 776
238 777
490 778
134 779
199 780
655 781
773 782
385 783
74 784
3 785
491 786
729 787
680 788
232 789
438 790
410 791
53 792
720 793
294 794
497 795
527 796
49 797
712 798
626 799
465 800
117 801
277 802
146 803
654 804
766 805
633 806
569 807
622 808
411 809
129 810
288 811
2 812
770 813
213 814
280 815
755 816
612 817
452 818
100 819
55 820
813 821
532 822
799 823
788 824
57 825
795 826
569 827
98 828
218 829
83 830
458 831
448 832
48 833
530 834
456 835
171 836
204 837
96 838
749 839
728 840
729 841
83 842
109 843
438 844
259 845
276 846
562 847
275 848
573 849
212 850
577 851
613 852
651 853
295 854
282 855
586 856
506 857
226 858
349 859
777 860
800 861
591 862
325 863
513 864
820 865
38 866
55 867
151 868
264 869
173 870
676 871
520 872
674 873
359 874
428 875
384 876
521 877
125 878
358 879
591 880
96 881
211 882
843 883
813 884
376 885
219 886
187 887
71 888
586 889
611 890
458 891
374 892
475 893
192 894
348 895
778 896
468 897
7 898
168 899
609 900
332 901
789 902
516 903
411 904
177 905
132 906
902 907
847 908
289 909
510 910
103 911
893 912
610 913
139 914
13 915
336 916
114 917
743 918
675 919
276 920
633 921
430 922
913 923
106 924
727 925
399 926
53 927
872 928
181 929
420 930
891 931
173 932
129 933
423 934
455 935
327 936
60 937
105 938
718 939
594 940
856 941
99 942
688 943
13 944
498 945
677 946
472 947
749 948
744 949
623 950
358 951
393 952
564 953
484 954
42 955
717 956
629 957
2 958
354 959
531 960
914 961
159 962
353 963
728 964
517 965
896 966
185 967
466 968
518 969
264 970
709 971
40 972
888 973
719 974
952 975
685 976
325 977
84 978
827 979
823 980
792 981
355 982
29 983
500 984
815 985
96 986
658 987
780 988
496 989
468 990
852 991
562 992
164 993
487 994
350 995
929 996
641 997
523 998
502 999
740 1000
61 1001
27 1002
70 1003
620 1004
391 1005
490 1006
913 1007
877 1008
342 1009
348 1010
139 1011
370 1012
561 1013
635 1014
1002 1015
223 1016
211 1017
43 1018
974 1019
233 1020
669 1021
174 1022
302 1023
478 1024
17 1025
249 1026
91 1027
551 1028
190 1029
870 1030
309 1031
690 1032
183 1033
524 1034
775 1035
736 1036
603 1037
623 1038
723 1039
478 1040
29 1041
801 1042
113 1043
743 1044
784 1045
1016 1046
239 1047
948 1048
759 1049
786 1050
948 1051
934 1052
867 1053
952 1054
424 1055
506 1056
482 1057
515 1058
531 1059
555 1060
91 1061
945 1062
82 1063
949 1064
253 1065
604 1066
319 1067
1045 1068
257 1069
308 1070
973 1071
738 1072
173 1073
461 1074
40 1075
65 1076
126 1077
567 1078
137 1079
395 1080
708 1081
1070 1082
443 1083
557 1084
407 1085
559 1086
585 1087
452 1088
150 1089
983 1090
714 1091
91 1092
914 1093
564 1094
754 1095
55 1096
1063 1097
124 1098
465 1099
42 1100
388 1101
1041 1102
447 1103
698 1104
426 1105
1060 1106
737 1107
756 1108
235 1109
929 1110
521 1111
146 1112
806 1113
1074 1114
822 1115
551 1116
129 1117
304 1118
53 1119
772 1120
97 1121
520 1122
685 1123
263 1124
521 1125
404 1126
454 1127
174 1128
844 1129
677 1130
711 1131
643 1132
711 1133
804 1134
831 1135
799 1136
855 1137
605 1138
411 1139
404 1140
180 1141
210 1142
87 1143
229 1144
81 1145
1120 1146
721 1147
350 1148
6 1149
927 1150
665 1151
1068 1152
801 1153
93 1154
169 1155
465 1156
765 1157
797 1158
250 1159
984 1160
782 1161
166 1162
86 1163
972 1164
753 1165
653 1166
335 1167
1008 1168
55 1169
939 1170
1045 1171
887 1172
238 1173
52 1174
1155 1175
1163 1176
39 1177
627 1178
273 1179
1148 1180
1142 1181
489 1182
805 1183
333 1184
673 1185
829 1186
428 1187
72 1188
513 1189
965 1190
360 1191
245 1192
772 1193
570 1194
1115 1195
697 1196
1018 1197
560 1198
109 1199
309 1200
774 1201
1182 1202
1054 1203
272 1204
393 1205
300 1206
6 1207
547 1208
861 1209
760 1210
230 1211
636 1212
303 1213
9 1214
638 1215
703 1216
164 1217
321 1218
613 1219
842 1220
673 1221
1217 1222
1081 1223
394 1224
1107 1225
1037 1226
712 1227
613 1228
657 1229
1111 1230
406 1231
499 1232
805 1233
156 1234
485 1235
52 1236
148 1237
233 1238
597 1239
1189 1240
176 1241
1134 1242
24 1243
1213 1244
699 1245
174 1246
307 1247
865 1248
756 1249
522 1250
1108 1251
396 1252
10 1253
501 1254
627 1255
733 1256
1161 1257
453 1258
826 1259
373 1260
1211 1261
750 1262
872 1263
676 1264
946 1265
399 1266
568 1267
525 1268
575 1269
827 1270
57 1271
122 1272
786 1273
1152 1274
392 1275
1050 1276
18 1277
198 1278
339 1279
976 1280
1111 1281
121 1282
406 1283
899 1284
1232 1285
862 1286
728 1287
364 1288
204 1289
489 1290
519 1291
888 1292
497 1293
935 1294
143 1295
1156 1296
657 1297
390 1298
495 1299
696 1300
331 1301
864 1302
994 1303
484 1304
1076 1305
911 1306
528 1307
420 1308
1148 1309
637 1310
1143 1311
475 1312
774 1313
406 1314
875 1315
442 1316
477 1317
1010 1318
98 1319
498 1320
1160 1321
319 1322
742 1323
1230 1324
21 1325
641 1326
803 1327
973 1328
457 1329
554 1330
1221 1331
7 1332
546 1333
1139 1334
1317 1335
821 1336
133 1337
279 1338
320 1339
1257 1340
1056 1341
885 1342
628 1343
1242 1344
846 1345
27 1346
657 1347
187 1348
574 1349
607 1350
687 1351
401 1352
11 1353
289 1354
1264 1355
1119 1356
694 1357
466 1358
756 1359
492 1360
45 1361
1117 1362
295 1363
456 1364
189 1365
350 1366
103 1367
1365 1368
368 1369
748 1370
1287 1371
283 1372
537 1373
151 1374
962 1375
1363 1376
1371 1377
1332 1378
1103 1379
132 1380
791 1381
617 1382
343 1383
640 1384
952 1385
1019 1386
1329 1387
553 1388
1371 1389
1116 1390
598 1391
320 1392
294 1393
202 1394
1390 1395
153 1396
597 1397
865 1398
562 1399
67 1400
1375 1401
634 1402
954 1403
725 1404
1075 1405
1235 1406
863 1407
1024 1408
248 1409
394 1410
800 1411
424 1412
1175 1413
310 1414
199 1415
256 1416
1413 1417
521 1418
977 1419
257 1420
59 1421
672 1422
342 1423
362 1424
903 1425
519 1426
1155 1427
470 1428
1270 1429
1101 1430
237 1431
679 1432
605 1433
960 1434
1414 1435
42 1436
1352 1437
885 1438
264 1439
273 1440
278 1441
750 1442
448 1443
1171 1444
1294 1445
75 1446
990 1447
434 1448
1312 1449
545 1450
729 1451
700 1452
229 1453
879 1454
78 1455
715 1456
427 1457
741 1458
1293 1459
987 1460
856 1461
37 1462
686 1463
734 1464
418 1465
240 1466
1346 1467
634 1468
1345 1469
558 1470
924 1471
1443 1472
856 1473
1255 1474
1302 1475
984 1476
901 1477
506 1478
888 1479
873 1480
898 1481
974 1482
1338 1483
1406 1484
376 1485
920 1486
258 1487
219 1488
1350 1489
923 1490
1166 1491
1432 1492
216 1493
888 1494
237 1495
653 1496
1082 1497
414 1498
214 1499
788 1500
1396 1501
255 1502
304 1503
1001 1504
1162 1505
166 1506
193 1507
918 1508
571 1509
1329 1510
582 1511
807 1512
1237 1513
114 1514
165 1515
1461 1516
454 1517
132 1518
1187 1519
166 1520
970 1521
919 1522
1248 1523
984 1524
1282 1525
650 1526
770 1527
1498 1528
352 1529
203 1530
300 1531
641 1532
1485 1533
1241 1534
1475 1535
772 1536
337 1537
160 1538
316 1539
623 1540
433 1541
638 1542
76 1543
794 1544
835 1545
1256 1546
809 1547
705 1548
1266 1549
875 1550
124 1551
1500 1552
817 1553
661 1554
277 1555
1208 1556
721 1557
600 1558
544 1559
591 1560
341 1561
22 1562
1092 1563
1324 1564
203 1565
1291 1566
460 1567
928 1568
1050 1569
389 1570
13 1571
1175 1572
1379 1573
807 1574
1406 1575
134 1576
1574 1577
539 1578
1022 1579
729 1580
724 1581
125 1582
1271 1583
1574 1584
37 1585
1030 1586
1363 1587
226 1588
1506 1589
688 1590
325 1591
195 1592
1083 1593
872 1594
175 1595
656 1596
543 1597
1158 1598
341 1599
473 1600
763 1601
719 1602
1158 1603
681 1604
55 1605
1205 1606
1141 1607
1286 1608
541 1609
410 1610
811 1611
486 1612
662 1613
38 1614
106 1615
286 1616
1567 1617
141 1618
379 1619
142 1620
700 1621
194 1622
1320 1623
97 1624
717 1625
701 1626
404 1627
736 1628
1090 1629
715 1630
881 1631
103 1632
513 1633
566 1634
80 1635
1115 1636
177 1637
627 1638
829 1639
1203 1640
1087 1641
26 1642
653 1643
585 1644
797 1645
31 1646
89 1647
993 1648
1267 1649
1518 1650
236 1651
1502 1652
943 1653
434 1654
290 1655
975 1656
1563 1657
970 1658
1334 1659
731 1660
830 1661
731 1662
1109 1663
1567 1664
439 1665
972 1666
1100 1667
1556 1668
41 1669
1645 1670
43 1671
1087 1672
161 1673
1041 1674
1498 1675
35 1676
756 1677
314 1678
839 1679
1416 1680
920 1681
463 1682
978 1683
1124 1684
485 1685
1052 1686
381 1687
202 1688
353 1689
927 1690
1459 1691
1133 1692
440 1693
361 1694
75 1695
948 1696
1686 1697
1520 1698
1015 1699
76 1700
953 1701
1529 1702
1152 1703
501 1704
222 1705
11 1706
117 1707
1225 1708
1494 1709
1556 1710
916 1711
1635 1712
1612 1713
1509 1714
1579 1715
1279 1716
781 1717
1239 1718
1339 1719
366 1720
1062 1721
1331 1722
77 1723
294 1724
38 1725
407 1726
938 1727
199 1728
1473 1729
1720 1730
1199 1731
564 1732
1537 1733
672 1734
1445 1735
1566 1736
606 1737
1682 1738
1060 1739
783 1740
1189 1741
1156 1742
816 1743
443 1744
914 1745
538 1746
308 1747
871 1748
643 1749
1424 1750
619 1751
1250 1752
706 1753
1293 1754
1330 1755
61 1756
181 1757
1491 1758
63 1759
1246 1760
1373 1761
1458 1762
684 1763
608 1764
1142 1765
322 1766
277 1767
205 1768
1426 1769
1393 1770
336 1771
92 1772
1503 1773
900 1774
1454 1775
853 1776
242 1777
884 1778
507 1779
447 1780
1292 1781
1547 1782
557 1783
204 1784
1595 1785
252 1786
740 1787
729 1788
1782 1789
1390 1790
1462 1791
514 1792
1134 1793
343 1794
1662 1795
1248 1796
375 1797
1651 1798
94 1799
671 1800
958 1801
175 1802
1293 1803
130 1804
1553 1805
286 1806
1717 1807
1291 1808
535 1809
1247 1810
343 1811
736 1812
1623 1813
586 1814
300 1815
630 1816
422 1817
1113 1818
1632 1819
714 1820
833 1821
1470 1822
419 1823
389 1824
1770 1825
1210 1826
750 1827
114 1828
1527 1829
942 1830
1412 1831
1445 1832
1812 1833
1225 1834
1504 1835
1116 1836
817 1837
513 1838
22 1839
312 1840
1730 1841
807 1842
822 1843
211 1844
959 1845
1549 1846
595 1847
1595 1848
1622 1849
120 1850
42 1851
714 1852
558 1853
1794 1854
938 1855
465 1856
1126 1857
26 1858
1818 1859
1652 1860
1075 1861
1101 1862
156 1863
1475 1864
221 1865
738 1866
373 1867
605 1868
1712 1869
436 1870
1368 1871
828 1872
936 1873
1051 1874
27 1875
637 1876
1515 1877
1173 1878
1379 1879
735 1880
1454 1881
750 1882
1207 1883
1395 1884
821 1885
1588 1886
1419 1887
1851 1888
48 1889
1199 1890
239 1891
546 1892
26 1893
1595 1894
417 1895
1894 1896
1119 1897
240 1898
1040 1899
1609 1900
1547 1901
1794 1902
1770 1903
264 1904
169 1905
1885 1906
1455 1907
443 1908
467 1909
1247 1910
1403 1911
772 1912
314 1913
1079 1914
1732 1915
108 1916
1180 1917
929 1918
320 1919
777 1920
676 1921
1688 1922
447 1923
942 1924
1586 1925
1779 1926
1272 1927
711 1928
627 1929
997 1930
323 1931
461 1932
1432 1933
219 1934
1436 1935
243 1936
188 1937
1169 1938
1446 1939
1039 1940
63 1941
1925 1942
951 1943
48 1944
1472 1945
27 1946
1471 1947
1101 1948
1669 1949
569 1950
1746 1951
211 1952
961 1953
100 1954
497 1955
966 1956
1613 1957
1369 1958
288 1959
1651 1960
1834 1961
1710 1962
87 1963
1240 1964
998 1965
1706 1966
108 1967
1086 1968
1295 1969
914 1970
1566 1971
1202 1972
675 1973
1336 1974
1384 1975
720 1976
1570 1977
34 1978
743 1979
391 1980
436 1981
1401 1982
1844 1983
1902 1984
1620 1985
294 1986
1500 1987
372 1988
1636 1989
905 1990
1361 1991
645 1992
78 1993
1161 1994
230 1995
989 1996
1461 1997
698 1998
1014 1999
1490 2000
926 2001
1184 2002
1950 2003
1736 2004
1333 2005
1472 2006
1082 2007
1615 2008
130 2009
24 2010
1497 2011
240 2012
254 2013
1923 2014
906 2015
1093 2016
1452 2017
207 2018
502 2019
1063 2020
554 2021
2018 2022
823 2023
742 2024
1071 2025
1779 2026
1773 2027
923 2028
1726 2029
1843 2030
1883 2031
552 2032
966 2033
1075 2034
1252 2035
502 2036
1706 2037
20 2038
1085 2039
617 2040
1993 2041
932 2042
64 2043
427 2044
1980 2045
478 2046
2020 2047
1156 2048
115 2049
964 2050
2038 2051
1487 2052
191 2053
402 2054
1808 2055
338 2056
864 2057
1742 2058
1116 2059
282 2060
2047 2061
1753 2062
441 2063
2031 2064
256 2065
475 2066
1449 2067
1079 2068
372 2069
303 2070
566 2071
1193 2072
389 2073
1460 2074
1469 2075
1647 2076
1161 2077
1238 2078
1038 2079
1548 2080
1938 2081
765 2082
159 2083
1983 2084
267 2085
557 2086
644 2087
1001 2088
1669 2089
1636 2090
785 2091
1550 2092
2008 2093
161 2094
78 2095
831 2096
555 2097
1926 2098
1545 2099
296 2100
1491 2101
996 2102
638 2103
612 2104
553 2105
1924 2106
303 2107
1553 2108
510 2109
1757 2110
1203 2111
418 2112
559 2113
1132 2114
577 2115
1927 2116
804 2117
1367 2118
898 2119
587 2120
620 2121
966 2122
1003 2123
248 2124
1657 2125
794 2126
6 2127
153 2128
1719 2129
1667 2130
2032 2131
487 2132
54 2133
1819 2134
551 2135
1583 2136
2048 2137
1080 2138
844 2139
2123 2140
108 2141
314 2142
1082 2143
1240 2144
1106 2145
238 2146
1205 2147
306 2148
1433 2149
1821 2150
1442 2151
618 2152
645 2153
510 2154
119 2155
1642 2156
2058 2157
1666 2158
1835 2159
510 2160
1607 2161
1864 2162
1170 2163
333 2164
544 2165
1834 2166
136 2167
1019 2168
269 2169
1579 2170
1750 2171
217 2172
369 2173
26 2174
549 2175
730 2176
1149 2177
948 2178
902 2179
1053 2180
560 2181
2018 2182
332 2183
229 2184
271 2185
2152 2186
1019 2187
430 2188
1031 2189
298 2190
890 2191
1631 2192
1998 2193
1183 2194
191 2195
1736 2196
428 2197
1394 2198
1926 2199
1229 2200
1565 2201
2075 2202
732 2203
841 2204
895 2205
1243 2206
1171 2207
1897 2208
1589 2209
1152 2210
1733 2211
1991 2212
577 2213
393 2214
1702 2215
2042 2216
536 2217
1695 2218
665 2219
1295 2220
1792 2221
948 2222
849 2223
984 2224
1842 2225
433 2226
2085 2227
772 2228
738 2229
1887 2230
1021 2231
1290 2232
1996 2233
2098 2234
548 2235
638 2236
1258 2237
539 2238
69 2239
677 2240
1370 2241
977 2242
1599 2243
1488 2244
1367 2245
657 2246
1995 2247
404 2248
708 2249
1841 2250
885 2251
334 2252
728 2253
1906 2254
1465 2255
1684 2256
1351 2257
954 2258
414 2259
1463 2260
1132 2261
1132 2262
1689 2263
447 2264
1212 2265
1386 2266
2072 2267
1938 2268
502 2269
1027 2270
1560 2271
944 2272
637 2273
561 2274
1975 2275
1350 2276
152 2277
1132 2278
2048 2279
1964 2280
398 2281
790 2282
1721 2283
1388 2284
1555 2285
2116 2286
1397 2287
2062 2288
257 2289
154 2290
584 2291
578 2292
2090 2293
521 2294
1310 2295
552 2296
245 2297
1777 2298
974 2299
288 2300
992 2301
855 2302
2206 2303
245 2304
344 2305
2121 2306
1058 2307
381 2308
2237 2309
705 2310
2304 2311
698 2312
1430 2313
221 2314
1103 2315
1171 2316
828 2317
1877 2318
1697 2319
1384 2320
1771 2321
983 2322
458 2323
471 2324
270 2325
22 2326
1218 2327
1363 2328
552 2329
2292 2330
599 2331
813 2332
814 2333
178 2334
415 2335
1740 2336
2155 2337
207 2338
2173 2339
1324 2340
1485 2341
654 2342
312 2343
1865 2344
1320 2345
565 2346
105 2347
1107 2348
90 2349
1410 2350
283 2351
918 2352
1987 2353
1935 2354
830 2355
2065 2356
872 2357
714 2358
355 2359
2132 2360
315 2361
774 2362
1424 2363
2 2364
1915 2365
946 2366
1444 2367
725 2368
2074 2369
537 2370
981 2371
752 2372
843 2373
2007 2374
918 2375
872 2376
1219 2377
1448 2378
1227 2379
167 2380
1880 2381
1031 2382
1574 2383
2315 2384
1037 2385
1527 2386
2345 2387
1997 2388
1166 2389
2282 2390
426 2391
944 2392
2257 2393
1984 2394
1456 2395
1542 2396
1144 2397
1807 2398
2385 2399
1607 2400
2126 2401
724 2402
1867 2403
693 2404
1968 2405
1357 2406
1530 2407
478 2408
1802 2409
101 2410
223 2411
1692 2412
1571 2413
2037 2414
163 2415
952 2416
845 2417
1131 2418
729 2419
1098 2420
2358 2421
767 2422
1784 2423
1023 2424
581 2425
335 2426
410 2427
1017 2428
1259 2429
1080 2430
2022 2431
2073 2432
2280 2433
1041 2434
2389 2435
346 2436
205 2437
888 2438
1321 2439
523 2440
406 2441
699 2442
467 2443
2433 2444
858 2445
1375 2446
136 2447
911 2448
79 2449
1224 2450
803 2451
2115 2452
716 2453
2199 2454
113 2455
1889 2456
2121 2457
96 2458
283 2459
99 2460
12 2461
1381 2462
259 2463
2336 2464
1886 2465
1410 2466
1609 2467
1355 2468
2033 2469
352 2470
878 2471
711 2472
1480 2473
2391 2474
913 2475
985 2476
991 2477
1920 2478
105 2479
719 2480
1033 2481
1844 2482
1156 2483
1124 2484
2028 2485
1142 2486
1683 2487
358 2488
477 2489
2128 2490
1765 2491
1604 2492
663 2493
1772 2494
1180 2495
1438 2496
2478 2497
28 2498
2396 2499
2002 2500
1972 2501
1903 2502
2472 2503
1581 2504
1387 2505
1612 2506
307 2507
1300 2508
1056 2509
1127 2510
129 2511
985 2512
2375 2513
1988 2514
124 2515
759 2516
2095 2517
1107 2518
180 2519
279 2520
702 2521
1028 2522
2494 2523
125 2524
2489 2525
393 2526
1607 2527
257 2528
1009 2529
259 2530
496 2531
557 2532
922 2533
2254 2534
627 2535
2063 2536
1591 2537
2064 2538
1422 2539
740 2540
2287 2541
909 2542
863 2543
607 2544
242 2545
2186 2546
631 2547
1844 2548
1495 2549
114 2550
2331 2551
1629 2552
1341 2553
1413 2554
2481 2555
952 2556
1442 2557
1149 2558
1807 2559
2096 2560
173 2561
399 2562
1987 2563
1994 2564
962 2565
1571 2566
618 2567
2555 2568
719 2569
1308 2570
1279 2571
2068 2572
2263 2573
1749 2574
703 2575
1907 2576
898 2577
2568 2578
1340 2579
205 2580
1157 2581
1385 2582
2321 2583
1872 2584
78 2585
1446 2586
1076 2587
1915 2588
654 2589
2449 2590
1168 2591
1948 2592
152 2593
2351 2594
1255 2595
1931 2596
835 2597
2344 2598
1897 2599
824 2600
1723 2601
573 2602
2578 2603
1046 2604
2044 2605
1341 2606
1972 2607
82 2608
1094 2609
1889 2610
1691 2611
1405 2612
1091 2613
640 2614
124 2615
2260 2616
854 2617
1951 2618
714 2619
2098 2620
1214 2621
2184 2622
2188 2623
598 2624
631 2625
335 2626
852 2627
2263 2628
1402 2629
1953 2630
1451 2631
2342 2632
1417 2633
2143 2634
1659 2635
2635 2636
2579 2637
2606 2638
348 2639
1849 2640
50 2641
92 2642
1823 2643
942 2644
2441 2645
2055 2646
997 2647
2287 2648
1737 2649
1743 2650
2162 2651
1304 2652
1880 2653
961 2654
2037 2655
1209 2656
2158 2657
1322 2658
54 2659
1170 2660
252 2661
224 2662
1665 2663
874 2664
1925 2665
109 2666
2565 2667
1252 2668
1291 2669
1557 2670
2008 2671
149 2672
48 2673
2195 2674
2025 2675
1892 2676
902 2677
2572 2678
1414 2679
412 2680
1859 2681
127 2682
85 2683
2312 2684
2567 2685
2291 2686
2306 2687
2249 2688
1720 2689
1340 2690
2018 2691
41 2692
2398 2693
2015 2694
992 2695
599 2696
1952 2697
779 2698
2142 2699
2409 2700
1467 2701
1919 2702
418 2703
2462 2704
2582 2705
2346 2706
796 2707
1261 2708
2510 2709
1012 2710
651 2711
2064 2712
2367 2713
428 2714
1339 2715
1941 2716
960 2717
1691 2718
2078 2719
1264 2720
773 2721
2632 2722
2078 2723
2044 2724
1288 2725
2342 2726
702 2727
2071 2728
1910 2729
881 2730
1480 2731
433 2732
712 2733
2379 2734
135 2735
1810 2736
1887 2737
1273 2738
453 2739
1628 2740
1733 2741
367 2742
2140 2743
527 2744
163 2745
2361 2746
553 2747
1565 2748
1742 2749
1882 2750
561 2751
1354 2752
783 2753
2587 2754
106 2755
2524 2756
134 2757
2124 2758
1111 2759
37 2760
2678 2761
226 2762
2356 2763
1108 2764
1880 2765
2340 2766
2538 2767
1932 2768
1635 2769
2032 2770
706 2771
288 2772
990 2773
1019 2774
1427 2775
312 2776
2370 2777
2354 2778
1703 2779
2250 2780
856 2781
1319 2782
63 2783
2071 2784
1429 2785
711 2786
1046 2787
2301 2788
1491 2789
200 2790
2645 2791
290 2792
1587 2793
141 2794
2501 2795
1561 2796
2351 2797
156 2798
2465 2799
1616 2800
267 2801
134 2802
20 2803
2669 2804
863 2805
427 2806
432 2807
2056 2808
619 2809
300 2810
2284 2811
2148 2812
2143 2813
2538 2814
1244 2815
2193 2816
1443 2817
1273 2818
2511 2819
2214 2820
1236 2821
2137 2822
435 2823
1499 2824
1903 2825
169 2826
2780 2827
2342 2828
226 2829
933 2830
150 2831
744 2832
858 2833
1411 2834
1111 2835
1794 2836
653 2837
775 2838
2425 2839
555 2840
1091 2841
1896 2842
1229 2843
2797 2844
728 2845
2162 2846
2251 2847
918 2848
2011 2849
2784 2850
1742 2851
440 2852
577 2853
1043 2854
998 2855
1066 2856
170 2857
2271 2858
1286 2859
938 2860
2323 2861
1692 2862
995 2863
1121 2864
2706 2865
816 2866
2321 2867
2479 2868
1301 2869
2747 2870
307 2871
2581 2872
1031 2873
2170 2874
1557 2875
1019 2876
567 2877
1284 2878
2183 2879
1570 2880
86 2881
2442 2882
1374 2883
343 2884
2166 2885
1228 2886
1338 2887
2161 2888
1627 2889
1774 2890
2443 2891
2206 2892
1177 2893
1811 2894
1912 2895
1622 2896
207 2897
2671 2898
864 2899
1663 2900
295 2901
215 2902
784 2903
2813 2904
1356 2905
1643 2906
1053 2907
1032 2908
2175 2909
2787 2910
1808 2911
2309 2912
78 2913
1887 2914
1968 2915
2206 2916
486 2917
2009 2918
2171 2919
88 2920
2067 2921
204 2922
1236 2923
1374 2924
1386 2925
413 2926
1602 2927
2456 2928
2318 2929
2413 2930
2031 2931
392 2932
388 2933
2048 2934
119 2935
2505 2936
848 2937
2072 2938
140 2939
2175 2940
2407 2941
230 2942
2115 2943
2677 2944
2080 2945
293 2946
2376 2947
797 2948
2726 2949
2685 2950
516 2951
1782 2952
2554 2953
1024 2954
462 2955
475 2956
1362 2957
2809 2958
136 2959
1462 2960
64 2961
33 2962
910 2963
330 2964
614 2965
1349 2966
1175 2967
1946 2968
1740 2969
2036 2970
2680 2971
2889 2972
127 2973
2612 2974
2451 2975
1787 2976
2557 2977
993 2978
794 2979
1478 2980
1399 2981
1862 2982
2828 2983
750 2984
2637 2985
2606 2986
2962 2987
918 2988
331 2989
622 2990
1791 2991
835 2992
686 2993
49 2994
353 2995
2918 2996
479 2997
2778 2998
481 2999
1602 3000
2470 3001
1122 3002
2509 3003
2239 3004
1333 3005
2518 3006
1167 3007
2681 3008
363 3009
402 3010
2557 3011
1924 3012
2453 3013
2746 3014
2953 3015
2081 3016
1239 3017
1052 3018
174 3019
1454 3020
2468 3021
583 3022
2843 3023
2513 3024
1204 3025
1594 3026
337 3027
897 3028
2085 3029
1307 3030
2780 3031
2739 3032
1366 3033
1612 3034
1149 3035
2196 3036
2144 3037
819 3038
1510 3039
93 3040
1868 3041
2770 3042
2827 3043
171 3044
533 3045
891 3046
1938 3047
2733 3048
1580 3049
2091 3050
2531 3051
1809 3052
906 3053
1807 3054
1451 3055
2383 3056
382 3057
1273 3058
1748 3059
349 3060
813 3061
941 3062
1982 3063
2019 3064
2148 3065
2766 3066
2145 3067
572 3068
3062 3069
1099 3070
2469 3071
2609 3072
1954 3073
1055 3074
366 3075
1894 3076
2407 3077
2049 3078
2115 3079
3010 3080
2065 3081
2808 3082
375 3083
2275 3084
1116 3085
2099 3086
2349 3087
1731 3088
1311 3089
55 3090
295 3091
254 3092
1675 3093
1443 3094
679 3095
1402 3096
2811 3097
2042 3098
2664 3099
674 3100
1772 3101
1707 3102
678 3103
390 3104
972 3105
2979 3106
2963 3107
928 3108
63 3109
2458 3110
965 3111
441 3112
2 3113
315 3114
2328 3115
2612 3116
702 3117
1808 3118
1379 3119
1920 3120
2426 3121
994 3122
403 3123
2063 3124
1782 3125
1980 3126
2096 3127
1845 3128
375 3129
823 3130
1631 3131
1493 3132
2847 3133
1549 3134
1077 3135
2322 3136
139 3137
254 3138
1911 3139
1400 3140
1482 3141
2094 3142
2248 3143
539 3144
1712 3145
2490 3146
956 3147
1126 3148
2954 3149
1612 3150
869 3151
3051 3152
3108 3153
527 3154
1374 3155
1041 3156
719 3157
986 3158
2272 3159
1310 3160
2355 3161
3087 3162
2137 3163
908 3164
1993 3165
1296 3166
692 3167
2680 3168
2467 3169
780 3170
2619 3171
166 3172
2431 3173
749 3174
1877 3175
428 3176
2494 3177
2182 3178
2045 3179
1486 3180
1281 3181
2439 3182
1652 3183
774 3184
1645 3185
2071 3186
1769 3187
115 3188
697 3189
2332 3190
2957 3191
1509 3192
579 3193
509 3194
171 3195
2131 3196
2159 3197
2460 3198
1528 3199
587 3200
351 3201
664 3202
2574 3203
1824 3204
1800 3205
3023 3206
2719 3207
2492 3208
1784 3209
2433 3210
16 3211
915 3212
993 3213
1251 3214
2347 3215
2265 3216
2987 3217
3008 3218
2328 3219
815 3220
2308 3221
2309 3222
1635 3223
2892 3224
1948 3225
2560 3226
3060 3227
1897 3228
289 3229
810 3230
175 3231
1256 3232
2315 3233
2157 3234
1983 3235
341 3236
2061 3237
2556 3238
116 3239
13 3240
1093 3241
1876 3242
1740 3243
1565 3244
1110 3245
2265 3246
1257 3247
2432 3248
979 3249
744 3250
949 3251
2645 3252
2324 3253
1651 3254
105 3255
2393 3256
1532 3257
1321 3258
1519 3259
542 3260
1710 3261
2552 3262
1987 3263
2378 3264
2751 3265
1760 3266
1735 3267
2543 3268
1644 3269
784 3270
1327 3271
575 3272
502 3273
1237 3274
2221 3275
2178 3276
1482 3277
2049 3278
2800 3279
1288 3280
3104 3281
2807 3282
2137 3283
131 3284
3185 3285
1449 3286
2736 3287
1848 3288
2276 3289
1533 3290
1944 3291
530 3292
1654 3293
857 3294
1353 3295
1859 3296
247 3297
2869 3298
640 3299
623 3300
2890 3301
3067 3302
2267 3303
2344 3304
2624 3305
1526 3306
2120 3307
139 3308
1098 3309
38 3310
2670 3311
134 3312
1551 3313
111 3314
724 3315
2730 3316
427 3317
2068 3318
2642 3319
62 3320
255 3321
460 3322
1608 3323
1677 3324
1386 3325
860 3326
167 3327
954 3328
1966 3329
669 3330
1692 3331
20 3332
1847 3333
711 3334
2685 3335
1710 3336
1152 3337
2014 3338
1870 3339
1536 3340
548 3341
3268 3342
2497 3343
2135 3344
2207 3345
1736 3346
1362 3347
1676 3348
2729 3349
3176 3350
2942 3351
2257 3352
968 3353
3170 3354
849 3355
1052 3356
1140 3357
2269 3358
2120 3359
3267 3360
1218 3361
565 3362
1189 3363
2818 3364
1997 3365
91 3366
941 3367
545 3368
1468 3369
2727 3370
1786 3371
2581 3372
3372 3373
2943 3374
1478 3375
702 3376
1339 3377
1471 3378
2521 3379
2737 3380
2627 3381
3005 3382
735 3383
797 3384
963 3385
3068 3386
3093 3387
1681 3388
3360 3389
960 3390
1550 3391
562 3392
2273 3393
3066 3394
1990 3395
3197 3396
593 3397
367 3398
505 3399
1739 3400
2036 3401
3341 3402
1945 3403
2460 3404
2660 3405
535 3406
965 3407
3361 3408
398 3409
381 3410
1267 3411
1114 3412
3093 3413
3212 3414
320 3415
1627 3416
315 3417
1295 3418
214 3419
1221 3420
1007 3421
1876 3422
1799 3423
1678 3424
3164 3425
375 3426
2155 3427
3136 3428
1601 3429
725 3430
2428 3431
1165 3432
3169 3433
2106 3434
1465 3435
2415 3436
1919 3437
2998 3438
1658 3439
2529 3440
1859 3441
1396 3442
1998 3443
3277 3444
791 3445
751 3446
2347 3447
2427 3448
940 3449
1233 3450
2730 3451
459 3452
3328 3453
2344 3454
267 3455
2738 3456
512 3457
1161 3458
1479 3459
3114 3460
656 3461
1682 3462
3212 3463
3428 3464
1342 3465
2811 3466
2938 3467
2073 3468
1751 3469
54 3470
1659 3471
1865 3472
1283 3473
1723 3474
1015 3475
1685 3476
1584 3477
2585 3478
2542 3479
98 3480
1881 3481
2420 3482
104 3483
1430 3484
690 3485
1806 3486
1013 3487
3113 3488
3328 3489
353 3490
806 3491
2366 3492
1481 3493
971 3494
2148 3495
1915 3496
1294 3497
1348 3498
2533 3499
2389 3500
2950 3501
2247 3502
3179 3503
1373 3504
2857 3505
2734 3506
3399 3507
2459 3508
1506 3509
690 3510
1879 3511
1949 3512
1890 3513
2572 3514
752 3515
3316 3516
2221 3517
1665 3518
3177 3519
2013 3520
104 3521
1606 3522
2976 3523
3091 3524
3019 3525
2901 3526
2261 3527
1375 3528
763 3529
1077 3530
1620 3531
1803 3532
530 3533
425 3534
162 3535
1985 3536
1118 3537
2988 3538
311 3539
2916 3540
2125 3541
498 3542
1628 3543
475 3544
1594 3545
640 3546
2656 3547
1080 3548
3547 3549
895 3550
1439 3551
833 3552
531 3553
2746 3554
2794 3555
964 3556
3424 3557
3520 3558
1898 3559
189 3560
339 3561
406 3562
3463 3563
472 3564
402 3565
3055 3566
326 3567
1332 3568
2313 3569
779 3570
2517 3571
802 3572
2330 3573
1742 3574
1920 3575
3079 3576
2066 3577
1694 3578
2131 3579
3415 3580
3436 3581
2546 3582
2285 3583
334 3584
2899 3585
2706 3586
569 3587
2515 3588
3134 3589
389 3590
1545 3591
2208 3592
3246 3593
595 3594
2655 3595
2077 3596
1651 3597
1744 3598
1317 3599
3321 3600
3346 3601
1971 3602
1970 3603
3212 3604
2843 3605
3274 3606
3254 3607
2874 3608
1507 3609
1315 3610
785 3611
541 3612
710 3613
1656 3614
1971 3615
2988 3616
385 3617
895 3618
1420 3619
2807 3620
3600 3621
3381 3622
483 3623
2172 3624
3594 3625
790 3626
534 3627
3598 3628
3610 3629
1640 3630
661 3631
1846 3632
2313 3633
2841 3634
1117 3635
2568 3636
2410 3637
407 3638
153 3639
3136 3640
1489 3641
3520 3642
2952 3643
2270 3644
548 3645
1609 3646
2777 3647
605 3648
1667 3649
1372 3650
2491 3651
690 3652
2068 3653
783 3654
3401 3655
719 3656
873 3657
2983 3658
3152 3659
2959 3660
1813 3661
1960 3662
1926 3663
957 3664
36 3665
1106 3666
2753 3667
86 3668
2928 3669
3269 3670
2947 3671
1170 3672
2678 3673
365 3674
3367 3675
2399 3676
1464 3677
3595 3678
1684 3679
2174 3680
3264 3681
2878 3682
1836 3683
2360 3684
2191 3685
429 3686
2673 3687
850 3688
2269 3689
1878 3690
1816 3691
696 3692
1154 3693
2980 3694
3610 3695
2182 3696
3318 3697
1796 3698
2448 3699
2507 3700
1959 3701
1340 3702
284 3703
2176 3704
697 3705
3218 3706
33 3707
3429 3708
3246 3709
3471 3710
516 3711
111 3712
2448 3713
1441 3714
2989 3715
3460 3716
2167 3717
3185 3718
2111 3719
321 3720
629 3721
3502 3722
3530 3723
1730 3724
2403 3725
1510 3726
3314 3727
2690 3728
642 3729
1410 3730
1725 3731
2345 3732
2229 3733
1130 3734
1762 3735
339 3736
1852 3737
153 3738
326 3739
3700 3740
3539 3741
221 3742
2228 3743
427 3744
1163 3745
3422 3746
734 3747
341 3748
825 3749
2121 3750
662 3751
3619 3752
1124 3753
2535 3754
1707 3755
938 3756
2059 3757
624 3758
1593 3759
3679 3760
2780 3761
134 3762
2562 3763
3136 3764
2608 3765
2781 3766
568 3767
2232 3768
2067 3769
3748 3770
991 3771
1157 3772
1030 3773
299 3774
3009 3775
1595 3776
3342 3777
3655 3778
1697 3779
2633 3780
677 3781
2879 3782
1999 3783
870 3784
2873 3785
3466 3786
2731 3787
1115 3788
3335 3789
1592 3790
3373 3791
131 3792
140 3793
1995 3794
1066 3795
3469 3796
320 3797
542 3798
1817 3799
884 3800
1044 3801
598 3802
653 3803
1117 3804
1388 3805
1193 3806
2332 3807
226 3808
1175 3809
3742 3810
1902 3811
3503 3812
1326 3813
573 3814
849 3815
2937 3816
803 3817
1715 3818
3528 3819
1188 3820
1642 3821
806 3822
3638 3823
356 3824
3111 3825
3096 3826
2279 3827
3692 3828
1542 3829
3036 3830
1567 3831
1164 3832
74 3833
674 3834
3663 3835
1277 3836
1966 3837
3507 3838
181 3839
1206 3840
808 3841
3821 3842
1395 3843
3614 3844
694 3845
3144 3846
1469 3847
2502 3848
1184 3849
1753 3850
2016 3851
28 3852
146 3853
1766 3854
388 3855
3841 3856
3680 3857
1248 3858
1293 3859
3419 3860
2093 3861
2194 3862
2629 3863
2307 3864
2491 3865
2978 3866
2992 3867
2127 3868
3137 3869
1622 3870
318 3871
1011 3872
21 3873
871 3874
2507 3875
3442 3876
2581 3877
1652 3878
593 3879
2435 3880
2941 3881
2917 3882
3596 3883
204 3884
2169 3885
820 3886
2087 3887
675 3888
2105 3889
3065 3890
3586 3891
1418 3892
3834 3893
1737 3894
1240 3895
2008 3896
3299 3897
3288 3898
805 3899
2698 3900
2145 3901
1764 3902
2270 3903
35 3904
903 3905
2272 3906
2851 3907
2521 3908
3887 3909
1133 3910
3047 3911
664 3912
2438 3913
1241 3914
3073 3915
2293 3916
898 3917
1054 3918
1720 3919
3560 3920
1807 3921
1985 3922
853 3923
1045 3924
1315 3925
686 3926
2670 3927
536 3928
1454 3929
3768 3930
365 3931
2221 3932
2156 3933
3392 3934
1637 3935
182 3936
1460 3937
3584 3938
1185 3939
220 3940
1095 3941
2499 3942
1428 3943
3732 3944
1619 3945
2746 3946
2203 3947
3837 3948
3436 3949
1915 3950
2470 3951
2946 3952
2639 3953
711 3954
356 3955
1647 3956
1080 3957
3828 3958
606 3959
1367 3960
397 3961
3178 3962
1835 3963
1051 3964
1534 3965
1699 3966
1485 3967
2510 3968
2188 3969
2028 3970
2811 3971
875 3972
3195 3973
2388 3974
3606 3975
1206 3976
2669 3977
311 3978
2254 3979
267 3980
2934 3981
2742 3982
1836 3983
194 3984
3299 3985
1500 3986
3703 3987
3682 3988
2969 3989
1422 3990
1200 3991
141 3992
3242 3993
2215 3994
3571 3995
782 3996
1141 3997
1655 3998
2124 3999
2555 4000
2854 4001
879 4002
2831 4003
2718 4004
2850 4005
691 4006
1167 4007
1640 4008
3318 4009
1938 4010
1038 4011
1486 4012
1652 4013
894 4014
3449 4015
2478 4016
1091 4017
501 4018
522 4019
730 4020
2672 4021
830 4022
1756 4023
1424 4024
3915 4025
3634 4026
1310 4027
645 4028
2676 4029
660 4030
2725 4031
2977 4032
27 4033
773 4034
2432 4035
643 4036
3129 4037
2668 4038
3839 4039
3957 4040
533 4041
3344 4042
2070 4043
244 4044
2834 4045
3496 4046
3755 4047
150 4048
3701 4049
178 4050
303 4051
1430 4052
2302 4053
1966 4054
3235 4055
3444 4056
1236 4057
3609 4058
3474 4059
1861 4060
1715 4061
1291 4062
2946 4063
2165 4064
1460 4065
2046 4066
2418 4067
1056 4068
3777 4069
869 4070
3138 4071
211 4072
2158 4073
1155 4074
1987 4075
3930 4076
1563 4077
2200 4078
2818 4079
513 4080
931 4081
3071 4082
1918 4083
1321 4084
4030 4085
1556 4086
3229 4087
3989 4088
3033 4089
2441 4090
3022 4091
3014 4092
3197 4093
3381 4094
1382 4095
3912 4096
2508 4097
38 4098
2376 4099
1358 4100
3721 4101
3712 4102
1632 4103
3673 4104
2565 4105
685 4106
491 4107
3008 4108
2343 4109
2269 4110
2706 4111
824 4112
2443 4113
3367 4114
3660 4115
1755 4116
2846 4117
2620 4118
3052 4119
2607 4120
1238 4121
2063 4122
2117 4123
2258 4124
2931 4125
3610 4126
1182 4127
3155 4128
3289 4129
3362 4130
1792 4131
1858 4132
3692 4133
3780 4134
2034 4135
135 4136
1251 4137
3095 4138
1340 4139
302 4140
1600 4141
758 4142
2293 4143
1759 4144
1995 4145
3546 4146
2378 4147
2738 4148
366 4149
2994 4150
1411 4151
1945 4152
2105 4153
418 4154
3442 4155
949 4156
368 4157
2286 4158
167 4159
3345 4160
1549 4161
3865 4162
1607 4163
2072 4164
3866 4165
1553 4166
2724 4167
3978 4168
1490 4169
3871 4170
3750 4171
1607 4172
3263 4173
2068 4174
1097 4175
3659 4176
3179 4177
735 4178
1320 4179
871 4180
613 4181
2237 4182
1092 4183
2229 4184
2834 4185
3514 4186
3330 4187
1721 4188
992 4189
1057 4190
334 4191
1348 4192
393 4193
249 4194
2747 4195
3243 4196
495 4197
3137 4198
1557 4199
4126 4200
966 4201
1470 4202
2983 4203
436 4204
1667 4205
3462 4206
3061 4207
1089 4208
2962 4209
1729 4210
3008 4211
2812 4212
979 4213
877 4214
366 4215
3035 4216
788 4217
2974 4218
1539 4219
2737 4220
1962 4221
220 4222
2077 4223
2384 4224
2856 4225
3744 4226
1271 4227
2369 4228
554 4229
2983 4230
4025 4231
835 4232
3683 4233
1218 4234
1620 4235
800 4236
1987 4237
2578 4238
636 4239
2298 4240
3280 4241
1837 4242
51 4243
1930 4244
3410 4245
1410 4246
3767 4247
622 4248
1149 4249
1463 4250
2501 4251
3309 4252
1161 4253
2518 4254
422 4255
3862 4256
2169 4257
3485 4258
3593 4259
1993 4260
2649 4261
461 4262
967 4263
2071 4264
1106 4265
1379 4266
4087 4267
321 4268
3316 4269
2634 4270
3554 4271
1301 4272
2466 4273
1903 4274
697 4275
706 4276
3316 4277
2600 4278
1101 4279
311 4280
3648 4281
2845 4282
1828 4283
162 4284
440 4285
4159 4286
137 4287
3931 4288
3212 4289
2603 4290
4252 4291
2930 4292
2153 4293
3513 4294
3178 4295
3451 4296
1020 4297
1983 4298
1263 4299
4092 4300
205 4301
1019 4302
1672 4303
3277 4304
3405 4305
2998 4306
4278 4307
4203 4308
1410 4309
3239 4310
410 4311
545 4312
1089 4313
3690 4314
4204 4315
1635 4316
1308 4317
2246 4318
4141 4319
1563 4320
2247 4321
1167 4322
2093 4323
4153 4324
272 4325
2299 4326
1043 4327
1211 4328
3219 4329
1536 4330
3207 4331
1010 4332
2641 4333
1791 4334
3977 4335
2765 4336
2972 4337
2860 4338
3723 4339
4100 4340
1549 4341
58 4342
2175 4343
2025 4344
144 4345
594 4346
1020 4347
607 4348
2965 4349
2859 4350
250 4351
1610 4352
757 4353
3454 4354
83 4355
4125 4356
4238 4357
4286 4358
1979 4359
2042 4360
1056 4361
2549 4362
659 4363
2315 4364
152 4365
1359 4366
1059 4367
1500 4368
4155 4369
1969 4370
206 4371
2729 4372
3572 4373
3328 4374
2337 4375
2401 4376
2328 4377
3759 4378
4245 4379
511 4380
1749 4381
2137 4382
3856 4383
1184 4384
836 4385
4373 4386
2645 4387
725 4388
2999 4389
2255 4390
1039 4391
821 4392
1977 4393
594 4394
3873 4395
413 4396
2093 4397
1357 4398
4334 4399
2699 4400
3858 4401
540 4402
3872 4403
245 4404
1537 4405
3937 4406
2109 4407
2895 4408
1877 4409
3324 4410
1723 4411
2555 4412
2585 4413
811 4414
3551 4415
373 4416
2865 4417
3115 4418
3339 4419
1625 4420
4234 4421
1060 4422
2469 4423
2821 4424
3423 4425
508 4426
3180 4427
3799 4428
741 4429
2536 4430
2635 4431
3680 4432
1513 4433
4015 4434
2368 4435
387 4436
833 4437
754 4438
1712 4439
2776 4440
4128 4441
4000 4442
278 4443
3050 4444
3997 4445
879 4446
2204 4447
2508 4448
1702 4449
2248 4450
864 4451
2905 4452
2461 4453
2515 4454
318 4455
3573 4456
544 4457
1110 4458
4328 4459
1801 4460
1420 4461
552 4462
3999 4463
2914 4464
1948 4465
451 4466
3624 4467
2365 4468
369 4469
2121 4470
4125 4471
3899 4472
1325 4473
283 4474
752 4475
3957 4476
1137 4477
3369 4478
3688 4479
4037 4480
3964 4481
2743 4482
2045 4483
4403 4484
3925 4485
402 4486
3153 4487
4262 4488
1420 4489
824 4490
1552 4491
2292 4492
2619 4493
4318 4494
3434 4495
548 4496
1551 4497
1099 4498
1119 4499
750 4500
1352 4501
3864 4502
3439 4503
1231 4504
684 4505
1717 4506
913 4507
939 4508
4323 4509
3881 4510
989 4511
1379 4512
398 4513
1312 4514
3773 4515
2625 4516
4423 4517
1603 4518
3570 4519
4235 4520
333 4521
4235 4522
3490 4523
1524 4524
983 4525
3311 4526
4142 4527
2006 4528
1309 4529
3660 4530
3198 4531
1168 4532
2883 4533
3099 4534
1066 4535
2022 4536
1288 4537
2316 4538
3433 4539
2617 4540
3035 4541
2564 4542
770 4543
3934 4544
1540 4545
1534 4546
474 4547
1598 4548
4262 4549
508 4550
4212 4551
2418 4552
139 4553
2126 4554
4548 4555
1214 4556
748 4557
4481 4558
173 4559
917 4560
3814 4561
2869 4562
2392 4563
4355 4564
3518 4565
3541 4566
663 4567
3395 4568
3960 4569
2720 4570
4455 4571
1276 4572
3911 4573
3489 4574
2417 4575
2173 4576
542 4577
891 4578
923 4579
4460 4580
775 4581
2735 4582
4016 4583
2183 4584
2022 4585
409 4586
1306 4587
884 4588
835 4589
845 4590
2014 4591
3687 4592
3321 4593
2941 4594
4417 4595
64 4596
2545 4597
3768 4598
968 4599
3550 4600
2945 4601
4287 4602
2145 4603
2635 4604
2608 4605
1474 4606
1367 4607
929 4608
1801 4609
32 4610
4049 4611
1619 4612
1828 4613
1427 4614
3959 4615
4446 4616
1833 4617
3608 4618
4534 4619
2300 4620
4019 4621
810 4622
3563 4623
4192 4624
4222 4625
2553 4626
2229 4627
1906 4628
3903 4629
4163 4630
2422 4631
4447 4632
4105 4633
133 4634
938 4635
559 4636
411 4637
3848 4638
2865 4639
749 4640
1373 4641
2538 4642
1449 4643
15 4644
4049 4645
4002 4646
4556 4647
306 4648
707 4649
3161 4650
2646 4651
4188 4652
3530 4653
3330 4654
682 4655
1238 4656
1613 4657
1403 4658
339 4659
933 4660
3425 4661
324 4662
3152 4663
305 4664
1698 4665
23 4666
2315 4667
2055 4668
1534 4669
4160 4670
791 4671
2358 4672
3012 4673
2274 4674
2490 4675
4026 4676
3842 4677
255 4678
3115 4679
1676 4680
1776 4681
4520 4682
1728 4683
1274 4684
792 4685
295 4686
3868 4687
2933 4688
3416 4689
1757 4690
4260 4691
1504 4692
51 4693
2624 4694
3620 4695
3197 4696
2867 4697
4650 4698
3726 4699
958 4700
1105 4701
2567 4702
3586 4703
1669 4704
1269 4705
4233 4706
1982 4707
4081 4708
235 4709
3721 4710
648 4711
497 4712
2162 4713
4176 4714
2675 4715
4018 4716
722 4717
3271 4718
3577 4719
4300 4720
2030 4721
1078 4722
969 4723
1496 4724
4143 4725
2611 4726
2988 4727
1750 4728
2656 4729
3554 4730
4561 4731
93 4732
2002 4733
4465 4734
472 4735
3148 4736
2518 4737
2607 4738
1433 4739
2540 4740
1740 4741
3602 4742
1812 4743
1480 4744
36 4745
2092 4746
2218 4747
1031 4748
4503 4749
3465 4750
4106 4751
2232 4752
1373 4753
3710 4754
640 4755
93 4756
107 4757
2666 4758
4233 4759
217 4760
2553 4761
3067 4762
1462 4763
4611 4764
371 4765
1385 4766
4631 4767
3893 4768
53 4769
2447 4770
3510 4771
3617 4772
4530 4773
2617 4774
82 4775
2626 4776
3747 4777
1862 4778
2781 4779
4339 4780
464 4781
3329 4782
748 4783
3297 4784
1987 4785
846 4786
4315 4787
3888 4788
2304 4789
503 4790
2238 4791
2496 4792
2196 4793
400 4794
1456 4795
1688 4796
3045 4797
2299 4798
4657 4799
3895 4800
1059 4801
1375 4802
3695 4803
3698 4804
3438 4805
2511 4806
398 4807
3746 4808
4356 4809
699 4810
1774 4811
4005 4812
2257 4813
2608 4814
4352 4815
4035 4816
974 4817
2744 4818
916 4819
3937 4820
3328 4821
1163 4822
933 4823
1936 4824
2462 4825
1847 4826
3030 4827
458 4828
1886 4829
635 4830
3743 4831
2819 4832
2457 4833
2558 4834
2811 4835
946 4836
3921 4837
2812 4838
1360 4839
3634 4840
928 4841
2437 4842
1552 4843
772 4844
4141 4845
3043 4846
2006 4847
4487 4848
309 4849
955 4850
1546 4851
1940 4852
3264 4853
2602 4854
3680 4855
4572 4856
1576 4857
2375 4858
3443 4859
2263 4860
1252 4861
4711 4862
4653 4863
881 4864
3905 4865
4510 4866
170 4867
4795 4868
2911 4869
4076 4870
1408 4871
3181 4872
2361 4873
1086 4874
3199 4875
1439 4876
2551 4877
2672 4878
4095 4879
869 4880
207 4881
1135 4882
1900 4883
3007 4884
4504 4885
2016 4886
3414 4887
2768 4888
4263 4889
4272 4890
2678 4891
742 4892
716 4893
786 4894
180 4895
1399 4896
3286 4897
4148 4898
3376 4899
487 4900
1276 4901
4077 4902
1253 4903
2424 4904
1529 4905
3207 4906
2742 4907
355 4908
2487 4909
1782 4910
313 4911
8 4912
1867 4913
429 4914
856 4915
830 4916
2509 4917
2827 4918
452 4919
999 4920
1656 4921
2079 4922
3923 4923
2572 4924
4021 4925
4118 4926
1263 4927
2419 4928
2177 4929
4840 4930
4807 4931
2933 4932
2593 4933
3289 4934
398 4935
455 4936
4499 4937
4648 4938
1917 4939
1451 4940
2878 4941
4745 4942
492 4943
4156 4944
4165 4945
3072 4946
1708 4947
3425 4948
3586 4949
3371 4950
875 4951
4042 4952
3618 4953
4753 4954
4592 4955
3928 4956
1248 4957
2260 4958
4026 4959
606 4960
609 4961
2045 4962
3039 4963
570 4964
2388 4965
2609 4966
2059 4967
1936 4968
3649 4969
3410 4970
2442 4971
3023 4972
1933 4973
481 4974
1561 4975
4421 4976
4238 4977
1494 4978
4584 4979
4681 4980
1641 4981
2508 4982
4126 4983
274 4984
1654 4985
2424 4986
2236 4987
1881 4988
2024 4989
2062 4990
124 4991
882 4992
4156 4993
2831 4994
2531 4995
605 4996
403 4997
2897 4998
4542 4999
4056 5000
