5000
1 2
2 3
1 4
3 5
1 6
5 7
5 8
1 9
4 10
1 11
10 12
2 13
2 14
14 15
12 16
10 17
6 18
8 19
10 20
14 21
17 22
10 23
17 24
9 25
19 26
1 27
3 28
28 29
16 30
18 31
31 32
6 33
9 34
18 35
7 36
20 37
14 38
31 39
38 40
28 41
34 42
1 43
22 44
27 45
33 46
3 47
46 48
29 49
9 50
1 51
14 52
24 53
24 54
39 55
24 56
4 57
16 58
20 59
29 60
55 61
57 62
50 63
50 64
61 65
43 66
59 67
8 68
66 69
56 70
50 71
27 72
9 73
65 74
3 75
35 76
21 77
55 78
45 79
74 80
23 81
1 82
66 83
24 84
81 85
48 86
11 87
56 88
61 89
39 90
5 91
12 92
87 93
60 94
18 95
49 96
32 97
56 98
4 99
32 100
99 101
12 102
28 103
32 104
104 105
58 106
23 107
102 108
84 109
33 110
55 111
87 112
9 113
56 114
114 115
78 116
85 117
100 118
51 119
57 120
14 121
47 122
55 123
16 124
64 125
120 126
73 127
15 128
37 129
50 130
111 131
61 132
61 133
54 134
72 135
43 136
136 137
114 138
101 139
23 140
78 141
26 142
106 143
29 144
24 145
131 146
111 147
126 148
12 149
144 150
114 151
124 152
84 153
13 154
33 155
37 156
5 157
73 158
52 159
121 160
131 161
60 162
94 163
149 164
158 165
162 166
98 167
42 168
76 169
164 170
94 171
115 172
40 173
153 174
129 175
44 176
123 177
150 178
29 179
102 180
74 181
87 182
172 183
102 184
51 185
65 186
184 187
117 188
129 189
22 190
139 191
14 192
35 193
85 194
78 195
83 196
100 197
13 198
163 199
196 200
121 201
90 202
92 203
15 204
74 205
64 206
86 207
150 208
152 209
204 210
90 211
149 212
84 213
125 214
15 215
198 216
70 217
123 218
117 219
56 220
173 221
216 222
10 223
89 224
167 225
126 226
53 227
61 228
165 229
213 230
75 231
131 232
163 233
116 234
198 235
8 236
28 237
209 238
121 239
9 240
96 241
222 242
104 243
168 244
224 245
156 246
242 247
93 248
85 249
227 250
32 251
13 252
146 253
194 254
111 255
16 256
48 257
255 258
1 259
248 260
230 261
116 262
35 263
33 264
161 265
109 266
8 267
113 268
198 269
157 270
113 271
101 272
222 273
259 274
218 275
189 276
38 277
179 278
33 279
104 280
7 281
174 282
193 283
242 284
135 285
23 286
128 287
176 288
143 289
159 290
33 291
177 292
74 293
289 294
263 295
234 296
160 297
95 298
278 299
285 300
149 301
282 302
212 303
14 304
75 305
208 306
148 307
8 308
229 309
233 310
197 311
64 312
242 313
35 314
280 315
289 316
134 317
144 318
243 319
259 320
222 321
170 322
289 323
112 324
59 325
245 326
264 327
172 328
147 329
262 330
162 331
155 332
82 333
19 334
184 335
55 336
281 337
249 338
62 339
242 340
283 341
129 342
87 343
178 344
210 345
306 346
125 347
170 348
140 349
146 350
305 351
300 352
93 353
43 354
65 355
351 356
114 357
292 358
298 359
353 360
128 361
63 362
218 363
232 364
200 365
359 366
156 367
126 368
39 369
138 370
2 371
298 372
195 373
261 374
57 375
244 376
276 377
44 378
101 379
339 380
39 381
325 382
116 383
230 384
122 385
37 386
102 387
193 388
278 389
57 390
233 391
300 392
125 393
233 394
12 395
35 396
196 397
383 398
140 399
97 400
235 401
81 402
290 403
28 404
120 405
276 406
291 407
343 408
240 409
253 410
255 411
257 412
341 413
138 414
197 415
121 416
335 417
347 418
100 419
370 420
62 421
375 422
290 423
306 424
302 425
51 426
246 427
259 428
191 429
46 430
328 431
273 432
215 433
46 434
399 435
191 436
37 437
78 438
368 439
165 440
311 441
189 442
381 443
302 444
337 445
237 446
126 447
22 448
155 449
253 450
369 451
362 452
403 453
264 454
137 455
44 456
31 457
35 458
423 459
293 460
5 461
122 462
18 463
3 464
225 465
39 466
262 467
134 468
195 469
465 470
470 471
44 472
451 473
299 474
151 475
134 476
446 477
165 478
284 479
43 480
54 481
302 482
161 483
201 484
286 485
266 486
240 487
216 488
24 489
460 490
354 491
32 492
450 493
166 494
6 495
288 496
331 497
211 498
77 499
255 500
277 501
210 502
88 503
87 504
379 505
377 506
460 507
334 508
133 509
346 510
497 511
68 512
486 513
370 514
300 515
361 516
229 517
92 518
177 519
23 520
316 521
483 522
189 523
299 524
142 525
183 526
494 527
116 528
409 529
87 530
229 531
85 532
397 533
480 534
381 535
131 536
215 537
255 538
264 539
496 540
43 541
2 542
217 543
342 544
95 545
370 546
126 547
292 548
89 549
548 550
192 551
436 552
336 553
275 554
61 555
258 556
356 557
486 558
319 559
241 560
492 561
475 562
121 563
347 564
212 565
269 566
150 567
494 568
514 569
524 570
388 571
343 572
72 573
169 574
146 575
104 576
205 577
250 578
81 579
251 580
272 581
360 582
478 583
33 584
38 585
51 586
544 587
4 588
479 589
526 590
480 591
417 592
557 593
236 594
343 595
289 596
108 597
434 598
156 599
46 600
350 601
577 602
255 603
214 604
265 605
370 606
524 607
274 608
556 609
181 610
177 611
530 612
89 613
493 614
494 615
332 616
497 617
469 618
84 619
189 620
192 621
151 622
316 623
163 624
113 625
344 626
11 627
31 628
167 629
109 630
419 631
430 632
174 633
83 634
471 635
386 636
326 637
563 638
363 639
388 640
496 641
262 642
78 643
223 644
322 645
449 646
58 647
548 648
94 649
450 650
236 651
326 652
37 653
460 654
479 655
52 656
545 657
577 658
509 659
442 660
579 661
626 662
412 663
175 664
555 665
649 666
72 667
221 668
453 669
79 670
89 671
273 672
188 673
326 674
376 675
149 676
141 677
261 678
170 679
597 680
520 681
624 682
13 683
588 684
408 685
64 686
63 687
169 688
357 689
133 690
468 691
360 692
286 693
586 694
269 695
320 696
187 697
249 698
54 699
333 700
7 701
108 702
274 703
622 704
473 705
677 706
690 707
282 708
217 709
433 710
9 711
299 712
211 713
70 714
162 715
702 716
393 717
157 718
610 719
80 720
85 721
298 722
379 723
688 724
688 725
718 726
385 727
711 728
108 729
189 730
620 731
373 732
583 733
26 734
694 735
35 736
181 737
511 738
330 739
698 740
516 741
632 742
497 743
149 744
516 745
256 746
335 747
688 748
191 749
246 750
473 751
736 752
573 753
295 754
589 755
169 756
237 757
405 758
173 759
604 760
160 761
687 762
557 763
682 764
438 765
435 766
220 767
242 768
380 769
156 770
291 771
731 772
159 773
5 774
750 775
618 776
536 777
110 778
358 779
522 780
434 781
156 782
310 783
727 784
21 785
522 786
366 787
481 788
23 789
394 790
71 791
585 792
77 793
463 794
586 795
695 796
267 797
553 798
674 799
668 800
76 801
232 802
679 803
287 804
614 805
519 806
163 807
104 808
113 809
789 810
252 811
733 812
461 813
662 814
619 815
236 816
270 817
382 818
610 819
17 820
299 821
89 822
763 823
514 824
734 825
516 826
72 827
51 828
290 829
281 830
458 831
823 832
772 833
79 834
452 835
71 836
812 837
338 838
244 839
26 840
730 841
134 842
411 843
337 844
303 845
582 846
241 847
583 848
506 849
129 850
437 851
478 852
220 853
727 854
182 855
271 856
67 857
93 858
819 859
45 860
375 861
306 862
691 863
550 864
645 865
734 866
169 867
48 868
416 869
482 870
689 871
343 872
264 873
186 874
672 875
359 876
713 877
659 878
285 879
854 880
149 881
93 882
786 883
378 884
25 885
160 886
716 887
48 888
178 889
143 890
206 891
883 892
787 893
590 894
447 895
111 896
183 897
491 898
861 899
727 900
624 901
283 902
554 903
700 904
369 905
723 906
813 907
540 908
203 909
639 910
216 911
158 912
385 913
511 914
910 915
346 916
168 917
397 918
42 919
330 920
505 921
18 922
817 923
756 924
759 925
668 926
544 927
429 928
580 929
380 930
378 931
231 932
304 933
869 934
643 935
28 936
833 937
428 938
8 939
849 940
124 941
472 942
166 943
399 944
749 945
700 946
334 947
25 948
625 949
809 950
46 951
226 952
666 953
126 954
685 955
81 956
815 957
757 958
627 959
92 960
249 961
189 962
866 963
653 964
660 965
451 966
353 967
823 968
923 969
569 970
679 971
843 972
349 973
742 974
667 975
783 976
748 977
273 978
392 979
366 980
236 981
42 982
134 983
310 984
339 985
763 986
182 987
930 988
326 989
732 990
317 991
799 992
37 993
40 994
364 995
739 996
368 997
153 998
235 999
635 1000
915 1001
223 1002
645 1003
578 1004
489 1005
147 1006
428 1007
378 1008
678 1009
963 1010
986 1011
157 1012
80 1013
116 1014
683 1015
872 1016
649 1017
567 1018
687 1019
908 1020
928 1021
615 1022
985 1023
980 1024
728 1025
460 1026
327 1027
732 1028
493 1029
876 1030
365 1031
847 1032
715 1033
384 1034
837 1035
986 1036
595 1037
590 1038
847 1039
384 1040
1 1041
173 1042
669 1043
7 1044
549 1045
896 1046
287 1047
805 1048
693 1049
1037 1050
818 1051
603 1052
87 1053
865 1054
555 1055
869 1056
795 1057
758 1058
454 1059
813 1060
546 1061
966 1062
513 1063
108 1064
897 1065
896 1066
353 1067
698 1068
1063 1069
280 1070
335 1071
957 1072
505 1073
260 1074
478 1075
921 1076
170 1077
673 1078
132 1079
508 1080
646 1081
953 1082
739 1083
383 1084
1014 1085
363 1086
529 1087
297 1088
126 1089
912 1090
952 1091
570 1092
66 1093
255 1094
458 1095
833 1096
565 1097
546 1098
1062 1099
87 1100
104 1101
450 1102
764 1103
131 1104
70 1105
261 1106
868 1107
354 1108
1010 1109
69 1110
602 1111
414 1112
1024 1113
702 1114
40 1115
122 1116
230 1117
837 1118
722 1119
914 1120
1059 1121
799 1122
637 1123
487 1124
246 1125
440 1126
632 1127
1041 1128
1044 1129
534 1130
723 1131
661 1132
291 1133
911 1134
772 1135
889 1136
1072 1137
223 1138
354 1139
753 1140
67 1141
306 1142
454 1143
576 1144
414 1145
216 1146
638 1147
956 1148
91 1149
687 1150
177 1151
742 1152
577 1153
288 1154
163 1155
1140 1156
568 1157
181 1158
718 1159
790 1160
73 1161
242 1162
364 1163
1151 1164
692 1165
749 1166
333 1167
774 1168
987 1169
191 1170
865 1171
892 1172
336 1173
27 1174
1030 1175
902 1176
151 1177
456 1178
1100 1179
1143 1180
473 1181
687 1182
211 1183
1001 1184
230 1185
1058 1186
1070 1187
761 1188
1160 1189
231 1190
151 1191
218 1192
276 1193
469 1194
52 1195
316 1196
602 1197
998 1198
25 1199
847 1200
731 1201
204 1202
1139 1203
1033 1204
955 1205
528 1206
748 1207
808 1208
250 1209
873 1210
986 1211
66 1212
155 1213
804 1214
1055 1215
271 1216
691 1217
562 1218
708 1219
907 1220
1011 1221
619 1222
825 1223
367 1224
333 1225
1048 1226
1207 1227
523 1228
359 1229
691 1230
63 1231
606 1232
556 1233
512 1234
867 1235
180 1236
364 1237
63 1238
404 1239
720 1240
204 1241
1205 1242
578 1243
409 1244
175 1245
130 1246
1003 1247
227 1248
1010 1249
14 1250
289 1251
708 1252
913 1253
370 1254
558 1255
1085 1256
1094 1257
799 1258
990 1259
30 1260
1242 1261
766 1262
892 1263
415 1264
34 1265
602 1266
1045 1267
1096 1268
322 1269
722 1270
635 1271
428 1272
286 1273
479 1274
381 1275
329 1276
1105 1277
235 1278
497 1279
1206 1280
739 1281
265 1282
1010 1283
1278 1284
530 1285
112 1286
1188 1287
1155 1288
249 1289
30 1290
1199 1291
800 1292
840 1293
884 1294
140 1295
292 1296
526 1297
47 1298
509 1299
54 1300
400 1301
59 1302
804 1303
195 1304
643 1305
810 1306
1090 1307
659 1308
1159 1309
361 1310
724 1311
626 1312
772 1313
532 1314
662 1315
75 1316
517 1317
1296 1318
948 1319
350 1320
83 1321
637 1322
1266 1323
436 1324
887 1325
1068 1326
1076 1327
921 1328
116 1329
285 1330
972 1331
1082 1332
447 1333
110 1334
299 1335
664 1336
757 1337
620 1338
926 1339
198 1340
723 1341
394 1342
603 1343
860 1344
139 1345
654 1346
1295 1347
962 1348
628 1349
1146 1350
762 1351
1290 1352
312 1353
1227 1354
1056 1355
753 1356
118 1357
487 1358
59 1359
946 1360
279 1361
533 1362
649 1363
365 1364
1160 1365
602 1366
492 1367
207 1368
133 1369
860 1370
297 1371
459 1372
736 1373
223 1374
948 1375
727 1376
489 1377
953 1378
222 1379
792 1380
199 1381
492 1382
476 1383
1383 1384
203 1385
384 1386
333 1387
1009 1388
1200 1389
677 1390
622 1391
396 1392
1128 1393
260 1394
1164 1395
220 1396
487 1397
712 1398
469 1399
198 1400
1249 1401
1249 1402
1343 1403
980 1404
208 1405
789 1406
832 1407
1291 1408
805 1409
723 1410
1216 1411
1177 1412
808 1413
955 1414
1067 1415
70 1416
580 1417
1027 1418
1317 1419
904 1420
671 1421
1148 1422
236 1423
1302 1424
897 1425
1339 1426
578 1427
954 1428
1393 1429
935 1430
962 1431
635 1432
884 1433
923 1434
756 1435
1139 1436
978 1437
291 1438
131 1439
210 1440
860 1441
1267 1442
1353 1443
993 1444
636 1445
1359 1446
190 1447
1143 1448
455 1449
660 1450
792 1451
73 1452
284 1453
1265 1454
700 1455
872 1456
777 1457
1009 1458
964 1459
727 1460
436 1461
267 1462
949 1463
310 1464
202 1465
312 1466
474 1467
1405 1468
837 1469
535 1470
1333 1471
816 1472
295 1473
217 1474
955 1475
523 1476
552 1477
1180 1478
1085 1479
1363 1480
769 1481
385 1482
131 1483
565 1484
1132 1485
156 1486
788 1487
1364 1488
542 1489
433 1490
791 1491
632 1492
1382 1493
784 1494
222 1495
789 1496
1156 1497
1341 1498
410 1499
692 1500
269 1501
13 1502
1100 1503
650 1504
462 1505
317 1506
1134 1507
749 1508
1496 1509
616 1510
1326 1511
393 1512
826 1513
595 1514
1437 1515
374 1516
736 1517
332 1518
1073 1519
71 1520
658 1521
1368 1522
1436 1523
1190 1524
853 1525
188 1526
533 1527
1287 1528
267 1529
625 1530
1318 1531
1097 1532
204 1533
599 1534
764 1535
1229 1536
971 1537
621 1538
745 1539
77 1540
1221 1541
196 1542
844 1543
1160 1544
1363 1545
161 1546
356 1547
1467 1548
79 1549
562 1550
1119 1551
264 1552
468 1553
456 1554
1250 1555
361 1556
301 1557
1538 1558
40 1559
1122 1560
186 1561
1559 1562
809 1563
1401 1564
794 1565
513 1566
1441 1567
130 1568
1433 1569
1062 1570
38 1571
336 1572
1173 1573
1008 1574
1105 1575
1347 1576
211 1577
1064 1578
107 1579
156 1580
570 1581
773 1582
750 1583
1052 1584
1318 1585
557 1586
512 1587
716 1588
399 1589
7 1590
575 1591
991 1592
269 1593
545 1594
1366 1595
275 1596
443 1597
386 1598
97 1599
1028 1600
150 1601
1179 1602
1056 1603
467 1604
472 1605
150 1606
1046 1607
1445 1608
473 1609
458 1610
1320 1611
1055 1612
14 1613
415 1614
1291 1615
1016 1616
1060 1617
1403 1618
172 1619
629 1620
71 1621
1218 1622
200 1623
1476 1624
612 1625
434 1626
728 1627
122 1628
673 1629
1611 1630
678 1631
1309 1632
922 1633
55 1634
39 1635
238 1636
368 1637
1301 1638
561 1639
911 1640
9 1641
1530 1642
1199 1643
703 1644
1554 1645
149 1646
939 1647
1170 1648
183 1649
1162 1650
1500 1651
1221 1652
1333 1653
82 1654
727 1655
756 1656
1085 1657
750 1658
1160 1659
706 1660
1484 1661
1228 1662
73 1663
791 1664
745 1665
1165 1666
1160 1667
1518 1668
85 1669
1596 1670
1635 1671
1033 1672
534 1673
1159 1674
567 1675
350 1676
1319 1677
279 1678
1372 1679
249 1680
52 1681
475 1682
1454 1683
1123 1684
1032 1685
681 1686
1384 1687
1200 1688
820 1689
167 1690
1543 1691
667 1692
552 1693
913 1694
415 1695
583 1696
901 1697
757 1698
655 1699
1658 1700
1192 1701
465 1702
1511 1703
1170 1704
933 1705
40 1706
111 1707
534 1708
832 1709
390 1710
1018 1711
1168 1712
1320 1713
918 1714
393 1715
1119 1716
538 1717
365 1718
1718 1719
994 1720
314 1721
629 1722
913 1723
345 1724
1456 1725
639 1726
1540 1727
912 1728
568 1729
417 1730
1586 1731
746 1732
1311 1733
603 1734
832 1735
674 1736
1494 1737
1304 1738
228 1739
1600 1740
572 1741
847 1742
301 1743
1027 1744
46 1745
764 1746
724 1747
602 1748
838 1749
1720 1750
1184 1751
1315 1752
1650 1753
28 1754
75 1755
1572 1756
242 1757
1711 1758
835 1759
815 1760
1032 1761
1581 1762
779 1763
1328 1764
1041 1765
1292 1766
269 1767
538 1768
1296 1769
669 1770
827 1771
370 1772
1036 1773
896 1774
483 1775
349 1776
378 1777
1427 1778
999 1779
1170 1780
1726 1781
268 1782
978 1783
1649 1784
468 1785
997 1786
35 1787
1541 1788
793 1789
39 1790
1414 1791
708 1792
1655 1793
1756 1794
1351 1795
1667 1796
72 1797
59 1798
330 1799
43 1800
1587 1801
308 1802
836 1803
130 1804
811 1805
703 1806
1774 1807
340 1808
11 1809
1192 1810
793 1811
556 1812
402 1813
1625 1814
81 1815
983 1816
158 1817
1609 1818
1247 1819
1156 1820
1026 1821
913 1822
1820 1823
1205 1824
1394 1825
189 1826
1345 1827
1543 1828
1576 1829
1652 1830
1012 1831
1427 1832
520 1833
373 1834
203 1835
1653 1836
1339 1837
1523 1838
1437 1839
492 1840
925 1841
928 1842
1515 1843
220 1844
195 1845
1303 1846
435 1847
1360 1848
429 1849
745 1850
594 1851
886 1852
731 1853
143 1854
468 1855
1182 1856
1150 1857
549 1858
938 1859
165 1860
65 1861
1138 1862
1101 1863
1502 1864
1180 1865
797 1866
352 1867
931 1868
446 1869
443 1870
909 1871
492 1872
918 1873
1253 1874
937 1875
496 1876
465 1877
1333 1878
504 1879
722 1880
718 1881
1284 1882
1111 1883
972 1884
912 1885
421 1886
895 1887
856 1888
365 1889
801 1890
1121 1891
799 1892
1407 1893
1210 1894
1045 1895
547 1896
662 1897
1245 1898
655 1899
1326 1900
651 1901
1075 1902
234 1903
1867 1904
434 1905
1294 1906
415 1907
21 1908
245 1909
1845 1910
336 1911
1329 1912
1489 1913
169 1914
1331 1915
1394 1916
1186 1917
748 1918
1056 1919
1697 1920
980 1921
1800 1922
710 1923
1443 1924
1386 1925
339 1926
1514 1927
313 1928
1914 1929
279 1930
141 1931
991 1932
1906 1933
1163 1934
1882 1935
65 1936
1479 1937
290 1938
181 1939
1795 1940
1311 1941
201 1942
1861 1943
1476 1944
1136 1945
871 1946
566 1947
1389 1948
952 1949
618 1950
1543 1951
1472 1952
39 1953
734 1954
491 1955
1314 1956
671 1957
257 1958
1311 1959
307 1960
1862 1961
1250 1962
328 1963
882 1964
1491 1965
1730 1966
1312 1967
1129 1968
265 1969
286 1970
738 1971
1358 1972
1846 1973
81 1974
687 1975
841 1976
723 1977
1050 1978
1178 1979
1040 1980
1421 1981
184 1982
18 1983
1922 1984
1722 1985
633 1986
1355 1987
448 1988
975 1989
1341 1990
1569 1991
1902 1992
531 1993
1981 1994
495 1995
1078 1996
377 1997
299 1998
1985 1999
628 2000
1973 2001
1550 2002
807 2003
924 2004
984 2005
647 2006
1834 2007
1746 2008
683 2009
1445 2010
1350 2011
659 2012
1563 2013
487 2014
602 2015
156 2016
1969 2017
154 2018
1863 2019
750 2020
1704 2021
1173 2022
1690 2023
858 2024
1513 2025
217 2026
1339 2027
977 2028
1178 2029
1925 2030
87 2031
1178 2032
1572 2033
1253 2034
321 2035
499 2036
1257 2037
801 2038
1317 2039
1670 2040
1628 2041
466 2042
1476 2043
742 2044
371 2045
1050 2046
1624 2047
1075 2048
1092 2049
1534 2050
1284 2051
1271 2052
1871 2053
1939 2054
1753 2055
32 2056
1990 2057
1939 2058
1113 2059
607 2060
1928 2061
1345 2062
1970 2063
2060 2064
3 2065
1632 2066
950 2067
1510 2068
144 2069
864 2070
1577 2071
784 2072
987 2073
357 2074
2 2075
467 2076
434 2077
924 2078
1786 2079
1061 2080
799 2081
1977 2082
617 2083
331 2084
1436 2085
643 2086
1436 2087
1574 2088
737 2089
241 2090
1837 2091
360 2092
914 2093
102 2094
970 2095
1358 2096
261 2097
1003 2098
1282 2099
208 2100
780 2101
843 2102
1291 2103
777 2104
664 2105
400 2106
1810 2107
1663 2108
1837 2109
1390 2110
931 2111
16 2112
366 2113
24 2114
32 2115
329 2116
207 2117
879 2118
2107 2119
862 2120
51 2121
357 2122
864 2123
1351 2124
1781 2125
840 2126
871 2127
572 2128
611 2129
1783 2130
843 2131
737 2132
760 2133
604 2134
1579 2135
873 2136
723 2137
520 2138
2071 2139
306 2140
1198 2141
180 2142
102 2143
33 2144
1902 2145
1795 2146
843 2147
686 2148
587 2149
968 2150
1462 2151
2105 2152
1510 2153
2002 2154
1286 2155
990 2156
978 2157
557 2158
1513 2159
489 2160
134 2161
1907 2162
396 2163
98 2164
1069 2165
1656 2166
97 2167
273 2168
905 2169
1209 2170
449 2171
1073 2172
1745 2173
1969 2174
554 2175
1203 2176
181 2177
640 2178
828 2179
1631 2180
1211 2181
907 2182
20 2183
1255 2184
1137 2185
1858 2186
1342 2187
466 2188
1043 2189
624 2190
2110 2191
1498 2192
892 2193
157 2194
1769 2195
1196 2196
1795 2197
1043 2198
179 2199
208 2200
1623 2201
537 2202
942 2203
172 2204
2170 2205
2010 2206
698 2207
1973 2208
1496 2209
717 2210
2147 2211
96 2212
1638 2213
1478 2214
889 2215
261 2216
2191 2217
524 2218
412 2219
402 2220
395 2221
88 2222
74 2223
1977 2224
504 2225
110 2226
298 2227
938 2228
1088 2229
1603 2230
1993 2231
2189 2232
1175 2233
233 2234
1152 2235
1461 2236
1633 2237
2206 2238
347 2239
280 2240
1249 2241
2022 2242
2211 2243
1369 2244
2103 2245
453 2246
540 2247
2147 2248
69 2249
795 2250
1764 2251
1773 2252
633 2253
1437 2254
1954 2255
2092 2256
1149 2257
154 2258
136 2259
173 2260
193 2261
1763 2262
300 2263
376 2264
1179 2265
1668 2266
196 2267
1084 2268
2065 2269
873 2270
279 2271
1829 2272
2258 2273
424 2274
1664 2275
78 2276
1931 2277
1818 2278
1271 2279
977 2280
578 2281
1972 2282
1397 2283
2097 2284
119 2285
879 2286
2047 2287
1687 2288
1351 2289
2098 2290
1187 2291
1784 2292
828 2293
1313 2294
535 2295
108 2296
1558 2297
642 2298
419 2299
1610 2300
426 2301
1408 2302
650 2303
2070 2304
2274 2305
1576 2306
458 2307
356 2308
687 2309
1269 2310
2018 2311
2136 2312
1533 2313
26 2314
2277 2315
72 2316
1723 2317
1091 2318
595 2319
1428 2320
1533 2321
509 2322
2092 2323
1381 2324
2147 2325
1171 2326
2169 2327
538 2328
1564 2329
1051 2330
319 2331
965 2332
1512 2333
833 2334
2276 2335
1408 2336
1131 2337
2086 2338
839 2339
161 2340
2197 2341
739 2342
83 2343
904 2344
932 2345
41 2346
2015 2347
1293 2348
213 2349
1034 2350
2118 2351
1025 2352
1437 2353
2159 2354
1714 2355
1391 2356
2328 2357
17 2358
1450 2359
1199 2360
1729 2361
196 2362
1774 2363
1367 2364
2038 2365
1201 2366
620 2367
885 2368
86 2369
1820 2370
2346 2371
1619 2372
1671 2373
565 2374
506 2375
1466 2376
2169 2377
175 2378
1316 2379
980 2380
178 2381
1416 2382
1094 2383
1294 2384
1596 2385
43 2386
1561 2387
894 2388
762 2389
993 2390
1678 2391
1840 2392
382 2393
1981 2394
2029 2395
953 2396
947 2397
1710 2398
1573 2399
680 2400
2400 2401
2295 2402
713 2403
967 2404
1721 2405
1447 2406
1998 2407
2105 2408
1098 2409
1587 2410
1793 2411
1677 2412
280 2413
2057 2414
1147 2415
427 2416
1339 2417
1356 2418
686 2419
588 2420
1042 2421
755 2422
542 2423
1122 2424
2157 2425
2280 2426
1720 2427
2377 2428
124 2429
1225 2430
642 2431
1917 2432
241 2433
861 2434
1385 2435
909 2436
1858 2437
902 2438
806 2439
2395 2440
475 2441
1634 2442
2151 2443
759 2444
2251 2445
863 2446
1085 2447
695 2448
1488 2449
1798 2450
716 2451
836 2452
1605 2453
289 2454
2037 2455
2139 2456
1994 2457
1821 2458
163 2459
1052 2460
2232 2461
1170 2462
1747 2463
2184 2464
1249 2465
419 2466
192 2467
819 2468
2000 2469
1813 2470
595 2471
534 2472
1541 2473
2085 2474
2460 2475
1541 2476
1967 2477
1982 2478
2150 2479
1208 2480
2462 2481
1987 2482
1573 2483
40 2484
2091 2485
978 2486
294 2487
2430 2488
410 2489
2267 2490
1691 2491
1029 2492
436 2493
2288 2494
2334 2495
1240 2496
188 2497
1619 2498
2180 2499
1499 2500
2485 2501
746 2502
678 2503
466 2504
2488 2505
1401 2506
904 2507
2433 2508
989 2509
1717 2510
383 2511
593 2512
997 2513
97 2514
2098 2515
1208 2516
122 2517
798 2518
2382 2519
61 2520
2442 2521
2445 2522
1317 2523
2131 2524
1287 2525
1922 2526
2109 2527
1540 2528
2151 2529
589 2530
995 2531
1077 2532
1461 2533
1033 2534
1023 2535
56 2536
2119 2537
1574 2538
1573 2539
1451 2540
2238 2541
1648 2542
1775 2543
1551 2544
1007 2545
1564 2546
2340 2547
767 2548
52 2549
2527 2550
2070 2551
599 2552
462 2553
518 2554
769 2555
1613 2556
25 2557
6 2558
2039 2559
505 2560
782 2561
1839 2562
2145 2563
2370 2564
904 2565
2167 2566
315 2567
449 2568
2008 2569
207 2570
234 2571
2212 2572
1380 2573
2075 2574
2051 2575
1869 2576
2332 2577
1960 2578
1752 2579
117 2580
1952 2581
101 2582
1205 2583
131 2584
1242 2585
1626 2586
589 2587
1091 2588
90 2589
1953 2590
2396 2591
2026 2592
1358 2593
799 2594
397 2595
26 2596
975 2597
977 2598
1931 2599
1824 2600
1942 2601
1082 2602
2467 2603
2568 2604
227 2605
1423 2606
2254 2607
504 2608
1558 2609
1813 2610
992 2611
1388 2612
1802 2613
1411 2614
875 2615
1034 2616
1479 2617
344 2618
2484 2619
2288 2620
1868 2621
906 2622
1273 2623
2134 2624
1596 2625
940 2626
2023 2627
806 2628
2027 2629
870 2630
799 2631
301 2632
1381 2633
2391 2634
2044 2635
110 2636
2485 2637
595 2638
2302 2639
45 2640
1771 2641
1578 2642
1268 2643
1579 2644
1137 2645
1180 2646
347 2647
11 2648
1205 2649
1305 2650
415 2651
1246 2652
1717 2653
1976 2654
5 2655
724 2656
232 2657
908 2658
2579 2659
2108 2660
121 2661
1996 2662
136 2663
831 2664
758 2665
2350 2666
153 2667
2183 2668
1481 2669
1507 2670
1370 2671
1599 2672
190 2673
700 2674
2128 2675
2482 2676
1483 2677
384 2678
2256 2679
1722 2680
1588 2681
177 2682
365 2683
797 2684
2614 2685
413 2686
2204 2687
656 2688
1883 2689
59 2690
783 2691
1603 2692
2474 2693
716 2694
1018 2695
2508 2696
1430 2697
1797 2698
112 2699
34 2700
395 2701
385 2702
887 2703
1418 2704
689 2705
1854 2706
2082 2707
2634 2708
603 2709
2239 2710
1802 2711
1365 2712
1936 2713
1172 2714
882 2715
388 2716
2128 2717
505 2718
2658 2719
1869 2720
235 2721
2418 2722
2030 2723
799 2724
1688 2725
1161 2726
1940 2727
1604 2728
2225 2729
528 2730
2031 2731
2421 2732
2336 2733
2468 2734
1373 2735
2054 2736
2450 2737
2340 2738
2012 2739
2050 2740
349 2741
1355 2742
2145 2743
1636 2744
574 2745
62 2746
2308 2747
843 2748
763 2749
2047 2750
260 2751
1901 2752
2690 2753
139 2754
1530 2755
320 2756
967 2757
1483 2758
2058 2759
2296 2760
1512 2761
1497 2762
1452 2763
1015 2764
2622 2765
1613 2766
1309 2767
2618 2768
1265 2769
740 2770
1629 2771
1250 2772
383 2773
2456 2774
2668 2775
761 2776
271 2777
1732 2778
741 2779
1710 2780
2143 2781
469 2782
1987 2783
1188 2784
1303 2785
2138 2786
387 2787
2114 2788
258 2789
1788 2790
334 2791
2061 2792
217 2793
1289 2794
2030 2795
1816 2796
402 2797
2706 2798
2086 2799
189 2800
2743 2801
1548 2802
621 2803
2223 2804
1495 2805
2096 2806
2399 2807
1760 2808
1521 2809
572 2810
1271 2811
1013 2812
2791 2813
562 2814
2343 2815
2540 2816
963 2817
820 2818
584 2819
2359 2820
905 2821
1264 2822
957 2823
150 2824
1096 2825
1690 2826
224 2827
2790 2828
2450 2829
1148 2830
1931 2831
1535 2832
1353 2833
593 2834
369 2835
395 2836
2062 2837
2246 2838
666 2839
2837 2840
1949 2841
1328 2842
1320 2843
2480 2844
322 2845
2071 2846
567 2847
945 2848
1456 2849
1848 2850
772 2851
1319 2852
892 2853
1861 2854
699 2855
2815 2856
340 2857
1715 2858
1709 2859
2027 2860
618 2861
2589 2862
984 2863
1829 2864
540 2865
185 2866
2081 2867
1056 2868
2688 2869
157 2870
2044 2871
2338 2872
2307 2873
2287 2874
1255 2875
32 2876
2278 2877
1151 2878
1757 2879
2680 2880
1488 2881
696 2882
2502 2883
335 2884
1396 2885
397 2886
1905 2887
1194 2888
1926 2889
2719 2890
1093 2891
428 2892
1148 2893
392 2894
953 2895
1171 2896
2364 2897
2792 2898
2749 2899
2608 2900
25 2901
2018 2902
2586 2903
1134 2904
2190 2905
1001 2906
1908 2907
2570 2908
1413 2909
2424 2910
1118 2911
891 2912
1691 2913
721 2914
1546 2915
487 2916
617 2917
2524 2918
1817 2919
1287 2920
187 2921
398 2922
1383 2923
440 2924
1749 2925
1560 2926
1972 2927
1869 2928
2109 2929
849 2930
1263 2931
340 2932
2356 2933
2773 2934
1435 2935
1697 2936
1898 2937
2722 2938
1368 2939
576 2940
1795 2941
2490 2942
2861 2943
2901 2944
511 2945
1243 2946
1925 2947
2915 2948
2884 2949
377 2950
1690 2951
49 2952
481 2953
13 2954
1341 2955
1179 2956
2298 2957
2101 2958
1669 2959
286 2960
2494 2961
1591 2962
589 2963
1001 2964
814 2965
2682 2966
1747 2967
1221 2968
310 2969
147 2970
2334 2971
625 2972
867 2973
1429 2974
2850 2975
908 2976
899 2977
2618 2978
1649 2979
2304 2980
1281 2981
362 2982
1867 2983
2897 2984
2015 2985
745 2986
2828 2987
1012 2988
2517 2989
485 2990
2157 2991
1542 2992
1449 2993
215 2994
924 2995
1335 2996
2533 2997
698 2998
2654 2999
2414 3000
2295 3001
1455 3002
1325 3003
1071 3004
1399 3005
597 3006
934 3007
1286 3008
548 3009
87 3010
1918 3011
587 3012
2697 3013
2410 3014
1618 3015
852 3016
2819 3017
2350 3018
2018 3019
1332 3020
2958 3021
2594 3022
367 3023
1600 3024
2160 3025
322 3026
777 3027
1387 3028
1481 3029
1466 3030
2484 3031
634 3032
2891 3033
1653 3034
2279 3035
530 3036
1814 3037
2913 3038
952 3039
2487 3040
1881 3041
2077 3042
2320 3043
1856 3044
1559 3045
2028 3046
436 3047
2160 3048
2766 3049
605 3050
2764 3051
2780 3052
2630 3053
1598 3054
1415 3055
556 3056
2824 3057
1215 3058
2449 3059
2238 3060
460 3061
1350 3062
612 3063
867 3064
257 3065
2782 3066
2570 3067
267 3068
1083 3069
1610 3070
178 3071
2520 3072
607 3073
1706 3074
2638 3075
2145 3076
2204 3077
1430 3078
3041 3079
1442 3080
1186 3081
822 3082
1984 3083
2418 3084
69 3085
1838 3086
3057 3087
359 3088
1189 3089
1553 3090
1 3091
1985 3092
1413 3093
1244 3094
2628 3095
1651 3096
1797 3097
2586 3098
432 3099
704 3100
612 3101
1870 3102
1279 3103
1601 3104
1166 3105
2698 3106
3065 3107
2010 3108
112 3109
2330 3110
2219 3111
2716 3112
310 3113
1962 3114
1699 3115
2521 3116
1929 3117
384 3118
1731 3119
2484 3120
1659 3121
1721 3122
740 3123
1038 3124
651 3125
478 3126
1678 3127
1611 3128
986 3129
1987 3130
1785 3131
343 3132
108 3133
1198 3134
602 3135
3042 3136
2802 3137
1420 3138
1440 3139
1274 3140
1924 3141
2686 3142
2911 3143
3118 3144
2440 3145
2827 3146
905 3147
740 3148
933 3149
1619 3150
1197 3151
1881 3152
1735 3153
2209 3154
253 3155
509 3156
268 3157
2640 3158
239 3159
193 3160
1520 3161
2535 3162
1905 3163
373 3164
1306 3165
2618 3166
484 3167
2005 3168
2121 3169
1686 3170
2981 3171
1513 3172
237 3173
2926 3174
1561 3175
1047 3176
2287 3177
900 3178
1532 3179
2204 3180
1261 3181
1635 3182
2010 3183
1993 3184
165 3185
1332 3186
1740 3187
2980 3188
1142 3189
2441 3190
2492 3191
2448 3192
1506 3193
74 3194
1946 3195
2154 3196
1336 3197
942 3198
2180 3199
1812 3200
567 3201
2779 3202
613 3203
2593 3204
2232 3205
1384 3206
173 3207
1701 3208
276 3209
1873 3210
2948 3211
1085 3212
1395 3213
1102 3214
2966 3215
2200 3216
2918 3217
652 3218
2121 3219
632 3220
1588 3221
993 3222
2726 3223
849 3224
2385 3225
897 3226
2074 3227
3203 3228
599 3229
1554 3230
418 3231
1320 3232
2127 3233
1515 3234
558 3235
799 3236
3122 3237
2060 3238
2147 3239
41 3240
1984 3241
1077 3242
1114 3243
328 3244
1533 3245
2765 3246
1194 3247
1515 3248
1796 3249
1333 3250
1611 3251
42 3252
2973 3253
1790 3254
1425 3255
2568 3256
1509 3257
940 3258
1657 3259
912 3260
725 3261
2946 3262
3213 3263
2342 3264
607 3265
1440 3266
2505 3267
3097 3268
1961 3269
1101 3270
6 3271
2581 3272
2102 3273
1124 3274
1698 3275
214 3276
3065 3277
829 3278
3018 3279
468 3280
773 3281
2765 3282
1764 3283
1650 3284
2298 3285
160 3286
871 3287
3250 3288
2045 3289
2344 3290
1896 3291
430 3292
1098 3293
104 3294
2992 3295
583 3296
440 3297
1656 3298
2713 3299
125 3300
1545 3301
2352 3302
519 3303
99 3304
1710 3305
3172 3306
1569 3307
507 3308
1227 3309
2536 3310
424 3311
3239 3312
2529 3313
2951 3314
3120 3315
2962 3316
672 3317
1677 3318
2045 3319
2842 3320
2348 3321
498 3322
2478 3323
1706 3324
1216 3325
437 3326
1886 3327
1759 3328
2839 3329
1540 3330
639 3331
2404 3332
1600 3333
1327 3334
1458 3335
2470 3336
1246 3337
2915 3338
795 3339
722 3340
2459 3341
2602 3342
1940 3343
2017 3344
1478 3345
1425 3346
1640 3347
2355 3348
638 3349
903 3350
1006 3351
3240 3352
2819 3353
1281 3354
1445 3355
367 3356
2047 3357
763 3358
2281 3359
146 3360
3154 3361
399 3362
2841 3363
406 3364
2415 3365
2391 3366
1248 3367
1598 3368
1922 3369
3244 3370
1824 3371
2785 3372
1069 3373
2249 3374
1377 3375
2784 3376
2833 3377
333 3378
3216 3379
577 3380
2229 3381
2528 3382
1267 3383
2551 3384
1114 3385
2817 3386
373 3387
3161 3388
2488 3389
3248 3390
623 3391
1703 3392
2469 3393
595 3394
2931 3395
240 3396
2029 3397
893 3398
1323 3399
1297 3400
3276 3401
1110 3402
1873 3403
3291 3404
2829 3405
1248 3406
3021 3407
2873 3408
2476 3409
1923 3410
1393 3411
376 3412
3225 3413
3121 3414
1477 3415
1513 3416
600 3417
1384 3418
1127 3419
1733 3420
2877 3421
1193 3422
2083 3423
2419 3424
2355 3425
1709 3426
795 3427
3260 3428
1247 3429
2782 3430
402 3431
1318 3432
2088 3433
1216 3434
218 3435
84 3436
1606 3437
21 3438
501 3439
354 3440
3182 3441
1785 3442
2224 3443
699 3444
1518 3445
1920 3446
3375 3447
1711 3448
1785 3449
356 3450
320 3451
1901 3452
2703 3453
907 3454
2918 3455
1573 3456
3329 3457
2889 3458
978 3459
2550 3460
294 3461
3455 3462
602 3463
499 3464
81 3465
106 3466
1192 3467
1877 3468
2294 3469
551 3470
3441 3471
1074 3472
898 3473
3208 3474
765 3475
1199 3476
643 3477
820 3478
484 3479
1920 3480
2931 3481
2812 3482
1141 3483
3441 3484
3176 3485
729 3486
2972 3487
1080 3488
1197 3489
2906 3490
2001 3491
32 3492
2331 3493
2642 3494
3154 3495
1293 3496
3094 3497
2450 3498
2287 3499
3126 3500
229 3501
2717 3502
3361 3503
258 3504
1525 3505
1608 3506
1987 3507
2161 3508
227 3509
2770 3510
121 3511
2244 3512
2049 3513
2788 3514
466 3515
3500 3516
2468 3517
107 3518
1605 3519
3405 3520
757 3521
977 3522
1732 3523
699 3524
184 3525
2801 3526
2288 3527
1978 3528
2290 3529
2517 3530
831 3531
1804 3532
1534 3533
836 3534
2302 3535
624 3536
1501 3537
1577 3538
2354 3539
2791 3540
1037 3541
3469 3542
2664 3543
668 3544
2003 3545
2842 3546
416 3547
995 3548
2814 3549
574 3550
2548 3551
2433 3552
2701 3553
2295 3554
218 3555
366 3556
961 3557
323 3558
3193 3559
3097 3560
204 3561
1487 3562
1357 3563
2183 3564
2612 3565
3392 3566
238 3567
1764 3568
191 3569
3504 3570
2587 3571
1059 3572
1464 3573
281 3574
2593 3575
2531 3576
412 3577
2644 3578
2066 3579
550 3580
356 3581
3078 3582
3180 3583
1755 3584
1039 3585
2466 3586
547 3587
838 3588
2919 3589
1134 3590
1518 3591
1519 3592
941 3593
897 3594
3057 3595
3062 3596
114 3597
1221 3598
1495 3599
789 3600
2133 3601
1872 3602
104 3603
465 3604
2365 3605
2133 3606
1309 3607
1065 3608
838 3609
2961 3610
3271 3611
358 3612
3562 3613
2180 3614
2593 3615
3534 3616
2080 3617
1719 3618
3321 3619
2905 3620
2241 3621
2152 3622
809 3623
1019 3624
1988 3625
1815 3626
1835 3627
2207 3628
873 3629
1858 3630
2829 3631
2899 3632
360 3633
87 3634
2753 3635
2483 3636
926 3637
1172 3638
2714 3639
2828 3640
1983 3641
2927 3642
378 3643
1719 3644
2350 3645
689 3646
1805 3647
1902 3648
1401 3649
871 3650
3335 3651
2704 3652
2762 3653
2583 3654
3591 3655
189 3656
1292 3657
2030 3658
444 3659
3624 3660
870 3661
642 3662
27 3663
501 3664
1581 3665
3424 3666
1817 3667
3617 3668
192 3669
1776 3670
1189 3671
1200 3672
1323 3673
1942 3674
829 3675
1271 3676
739 3677
305 3678
1847 3679
275 3680
2138 3681
2615 3682
7 3683
76 3684
1584 3685
31 3686
1434 3687
3511 3688
2456 3689
1000 3690
1539 3691
1366 3692
793 3693
1179 3694
215 3695
2723 3696
2269 3697
2552 3698
3014 3699
2198 3700
1891 3701
1566 3702
535 3703
1011 3704
408 3705
1691 3706
2871 3707
1566 3708
2266 3709
2462 3710
116 3711
2913 3712
1241 3713
2985 3714
927 3715
2251 3716
1581 3717
44 3718
2532 3719
2501 3720
515 3721
3141 3722
644 3723
2808 3724
3578 3725
2226 3726
1435 3727
1786 3728
1928 3729
550 3730
1419 3731
2820 3732
3318 3733
301 3734
695 3735
3583 3736
1463 3737
1309 3738
3309 3739
984 3740
1743 3741
763 3742
2801 3743
3536 3744
1170 3745
125 3746
2456 3747
1679 3748
564 3749
2172 3750
101 3751
1231 3752
1281 3753
3302 3754
3679 3755
1381 3756
1068 3757
1526 3758
1532 3759
3301 3760
48 3761
676 3762
1804 3763
3466 3764
2019 3765
1649 3766
2209 3767
1051 3768
532 3769
1138 3770
3123 3771
2299 3772
2214 3773
1465 3774
290 3775
259 3776
3100 3777
2472 3778
2106 3779
1675 3780
769 3781
3010 3782
2327 3783
2634 3784
1554 3785
1491 3786
95 3787
2675 3788
2822 3789
424 3790
1557 3791
1479 3792
3082 3793
1512 3794
1131 3795
1764 3796
1477 3797
423 3798
1772 3799
2611 3800
1299 3801
893 3802
3100 3803
411 3804
2763 3805
2706 3806
2630 3807
2942 3808
1889 3809
2978 3810
177 3811
1589 3812
3199 3813
3673 3814
1521 3815
2030 3816
1630 3817
2642 3818
3713 3819
3205 3820
1255 3821
3815 3822
430 3823
397 3824
1580 3825
2271 3826
1350 3827
45 3828
1791 3829
1014 3830
3255 3831
711 3832
3675 3833
2506 3834
2268 3835
1393 3836
2281 3837
547 3838
577 3839
3290 3840
1502 3841
1640 3842
456 3843
879 3844
805 3845
1408 3846
3366 3847
542 3848
585 3849
2558 3850
686 3851
1271 3852
1618 3853
287 3854
798 3855
244 3856
2130 3857
1301 3858
3037 3859
2806 3860
1614 3861
2400 3862
1361 3863
2986 3864
520 3865
2568 3866
1531 3867
3728 3868
3725 3869
2951 3870
3832 3871
3010 3872
2868 3873
3560 3874
1444 3875
2148 3876
1219 3877
2224 3878
2047 3879
2609 3880
2850 3881
248 3882
1229 3883
1692 3884
1783 3885
3043 3886
2511 3887
1272 3888
1068 3889
927 3890
3209 3891
3337 3892
430 3893
2833 3894
1744 3895
718 3896
383 3897
351 3898
1400 3899
3742 3900
2299 3901
952 3902
3184 3903
2772 3904
2783 3905
2140 3906
1656 3907
161 3908
3324 3909
3041 3910
1831 3911
3619 3912
798 3913
1144 3914
2732 3915
1152 3916
2514 3917
1084 3918
218 3919
1040 3920
3248 3921
2497 3922
3609 3923
1173 3924
1062 3925
2793 3926
2083 3927
3038 3928
1890 3929
2970 3930
1124 3931
2946 3932
1464 3933
2601 3934
2686 3935
17 3936
1473 3937
1961 3938
3134 3939
1217 3940
2766 3941
935 3942
3650 3943
3913 3944
326 3945
282 3946
3457 3947
3849 3948
3475 3949
1363 3950
2334 3951
1869 3952
3709 3953
1872 3954
3505 3955
2133 3956
2844 3957
1172 3958
482 3959
1280 3960
1104 3961
2284 3962
777 3963
1253 3964
2837 3965
3549 3966
1079 3967
516 3968
2845 3969
1540 3970
1523 3971
3489 3972
699 3973
2677 3974
1897 3975
1082 3976
247 3977
143 3978
3519 3979
3294 3980
24 3981
802 3982
3785 3983
814 3984
833 3985
1428 3986
1984 3987
2898 3988
1956 3989
2343 3990
3230 3991
1884 3992
1007 3993
824 3994
3115 3995
1347 3996
2170 3997
583 3998
1380 3999
1117 4000
541 4001
2398 4002
1667 4003
2606 4004
3886 4005
1456 4006
494 4007
1670 4008
507 4009
1174 4010
3120 4011
3765 4012
3578 4013
3718 4014
1085 4015
3673 4016
97 4017
1057 4018
453 4019
2791 4020
2403 4021
777 4022
399 4023
801 4024
949 4025
583 4026
3585 4027
2068 4028
125 4029
891 4030
3889 4031
3763 4032
3132 4033
3400 4034
1356 4035
377 4036
3530 4037
1891 4038
3017 4039
3382 4040
1834 4041
1647 4042
783 4043
2717 4044
3611 4045
391 4046
3400 4047
2726 4048
992 4049
2748 4050
185 4051
1679 4052
819 4053
521 4054
229 4055
2580 4056
2509 4057
1753 4058
3979 4059
1137 4060
2606 4061
2348 4062
3977 4063
257 4064
248 4065
3603 4066
3453 4067
1741 4068
2944 4069
3385 4070
436 4071
2450 4072
2649 4073
3531 4074
2638 4075
1561 4076
1964 4077
2349 4078
2322 4079
3826 4080
1545 4081
1842 4082
2426 4083
2491 4084
50 4085
1471 4086
1316 4087
3765 4088
1919 4089
3261 4090
3781 4091
1097 4092
3350 4093
2498 4094
3728 4095
2058 4096
3006 4097
1205 4098
2900 4099
1608 4100
3921 4101
311 4102
2636 4103
2754 4104
1985 4105
657 4106
1243 4107
2872 4108
891 4109
556 4110
769 4111
545 4112
3135 4113
1477 4114
1016 4115
4064 4116
2799 4117
2962 4118
275 4119
1675 4120
2178 4121
3000 4122
2375 4123
666 4124
1823 4125
3274 4126
2674 4127
1407 4128
3965 4129
852 4130
3932 4131
2934 4132
1274 4133
1882 4134
803 4135
4062 4136
342 4137
2368 4138
1899 4139
1886 4140
2150 4141
2129 4142
3043 4143
1984 4144
2228 4145
938 4146
2635 4147
787 4148
2773 4149
91 4150
838 4151
3921 4152
1092 4153
3495 4154
1548 4155
1820 4156
3683 4157
4035 4158
3086 4159
2528 4160
2066 4161
528 4162
538 4163
1894 4164
2974 4165
1380 4166
683 4167
2665 4168
3587 4169
2356 4170
2954 4171
3981 4172
655 4173
3304 4174
3194 4175
3318 4176
472 4177
3678 4178
445 4179
3794 4180
3199 4181
331 4182
301 4183
3634 4184
701 4185
747 4186
3136 4187
3384 4188
3079 4189
933 4190
3588 4191
1000 4192
842 4193
1606 4194
1254 4195
1531 4196
3586 4197
2824 4198
2947 4199
2254 4200
4096 4201
145 4202
3043 4203
3219 4204
386 4205
1981 4206
2081 4207
2337 4208
1033 4209
2309 4210
3172 4211
1374 4212
3450 4213
3702 4214
2144 4215
72 4216
252 4217
1636 4218
1525 4219
765 4220
698 4221
134 4222
1302 4223
1931 4224
2189 4225
3743 4226
3376 4227
3143 4228
974 4229
3450 4230
3015 4231
2153 4232
28 4233
4093 4234
10 4235
1706 4236
3025 4237
2358 4238
2339 4239
4131 4240
3652 4241
306 4242
896 4243
3259 4244
1205 4245
3794 4246
1020 4247
4123 4248
3065 4249
3296 4250
3664 4251
3135 4252
2151 4253
1237 4254
1098 4255
671 4256
2385 4257
100 4258
463 4259
3449 4260
1613 4261
2441 4262
2938 4263
4163 4264
3203 4265
3367 4266
2289 4267
1688 4268
4224 4269
3737 4270
134 4271
2272 4272
2886 4273
3921 4274
3082 4275
2990 4276
2453 4277
2175 4278
2216 4279
3534 4280
431 4281
563 4282
297 4283
16 4284
1 4285
1788 4286
3826 4287
2291 4288
1477 4289
781 4290
1719 4291
3711 4292
3482 4293
216 4294
3713 4295
2378 4296
3338 4297
3678 4298
1723 4299
3035 4300
1900 4301
3177 4302
1691 4303
1551 4304
2918 4305
3423 4306
2554 4307
714 4308
3021 4309
3573 4310
1000 4311
659 4312
3619 4313
4175 4314
148 4315
2880 4316
3841 4317
923 4318
285 4319
2289 4320
2678 4321
3358 4322
1778 4323
2066 4324
310 4325
1478 4326
2281 4327
1357 4328
2533 4329
1570 4330
1540 4331
2405 4332
870 4333
981 4334
3018 4335
4198 4336
1709 4337
1284 4338
2398 4339
2556 4340
777 4341
1761 4342
4252 4343
2486 4344
1202 4345
3000 4346
680 4347
3561 4348
1300 4349
3033 4350
3474 4351
397 4352
1095 4353
1207 4354
1935 4355
3900 4356
69 4357
2075 4358
830 4359
571 4360
2199 4361
3378 4362
674 4363
504 4364
2445 4365
2013 4366
3186 4367
175 4368
3306 4369
3482 4370
2930 4371
217 4372
432 4373
2800 4374
61 4375
876 4376
2493 4377
3270 4378
145 4379
4250 4380
225 4381
265 4382
3834 4383
2223 4384
3457 4385
3050 4386
2274 4387
3567 4388
1065 4389
64 4390
3423 4391
699 4392
723 4393
3142 4394
2019 4395
300 4396
1768 4397
3688 4398
1557 4399
1205 4400
1800 4401
2208 4402
4280 4403
2523 4404
2070 4405
3377 4406
2949 4407
2539 4408
1757 4409
1617 4410
2441 4411
2338 4412
2914 4413
1014 4414
3384 4415
2558 4416
2159 4417
527 4418
91 4419
1617 4420
487 4421
3885 4422
2122 4423
1450 4424
1537 4425
1 4426
2295 4427
1103 4428
3764 4429
2436 4430
1600 4431
3337 4432
2273 4433
38 4434
2964 4435
2597 4436
1332 4437
1113 4438
4108 4439
3691 4440
1871 4441
2254 4442
3146 4443
3367 4444
2040 4445
4416 4446
732 4447
3491 4448
341 4449
3274 4450
2174 4451
4389 4452
3347 4453
1177 4454
101 4455
3052 4456
2958 4457
1858 4458
155 4459
965 4460
4194 4461
3937 4462
3817 4463
1487 4464
3477 4465
655 4466
2411 4467
1905 4468
2502 4469
4357 4470
4345 4471
1815 4472
2201 4473
1606 4474
999 4475
290 4476
3756 4477
509 4478
1989 4479
1286 4480
2324 4481
1553 4482
3234 4483
3069 4484
1476 4485
1055 4486
2125 4487
2537 4488
1948 4489
3868 4490
1623 4491
3638 4492
1211 4493
3247 4494
1672 4495
1287 4496
199 4497
326 4498
1427 4499
3680 4500
2553 4501
3162 4502
868 4503
3683 4504
2772 4505
1714 4506
1444 4507
2072 4508
1242 4509
242 4510
1609 4511
600 4512
1773 4513
534 4514
4453 4515
3277 4516
1392 4517
2527 4518
2682 4519
1568 4520
105 4521
4092 4522
1971 4523
3665 4524
3845 4525
1011 4526
1330 4527
166 4528
344 4529
1942 4530
1086 4531
2793 4532
840 4533
720 4534
3430 4535
1879 4536
256 4537
238 4538
1264 4539
58 4540
2383 4541
17 4542
3052 4543
2864 4544
2610 4545
2093 4546
586 4547
12 4548
3934 4549
1215 4550
3631 4551
2020 4552
3233 4553
927 4554
1363 4555
1309 4556
1268 4557
4406 4558
3168 4559
257 4560
3803 4561
3882 4562
3126 4563
1570 4564
159 4565
1445 4566
3014 4567
3346 4568
1010 4569
877 4570
1123 4571
1976 4572
2115 4573
371 4574
1221 4575
3808 4576
2433 4577
866 4578
2804 4579
2611 4580
4058 4581
1717 4582
2788 4583
1441 4584
1812 4585
827 4586
3340 4587
3951 4588
3622 4589
641 4590
1955 4591
2750 4592
3714 4593
4089 4594
3466 4595
1042 4596
3585 4597
4247 4598
2531 4599
167 4600
3938 4601
3663 4602
2861 4603
1111 4604
3446 4605
53 4606
2390 4607
1134 4608
333 4609
381 4610
4533 4611
585 4612
240 4613
3368 4614
3591 4615
1394 4616
2609 4617
3355 4618
996 4619
1665 4620
2079 4621
4045 4622
1819 4623
1736 4624
899 4625
3289 4626
2660 4627
1886 4628
768 4629
32 4630
3850 4631
3796 4632
3830 4633
764 4634
1496 4635
82 4636
755 4637
2756 4638
221 4639
2887 4640
643 4641
1619 4642
2620 4643
2931 4644
1408 4645
4291 4646
4137 4647
1800 4648
3100 4649
777 4650
2708 4651
4311 4652
4302 4653
3489 4654
327 4655
196 4656
3397 4657
111 4658
1325 4659
893 4660
3274 4661
1106 4662
884 4663
100 4664
1303 4665
3730 4666
2446 4667
285 4668
4168 4669
4462 4670
1870 4671
1964 4672
940 4673
3889 4674
1744 4675
1694 4676
2405 4677
1677 4678
3446 4679
1270 4680
3220 4681
2461 4682
4269 4683
2599 4684
1591 4685
2157 4686
593 4687
1803 4688
564 4689
671 4690
3015 4691
2310 4692
4185 4693
4325 4694
1849 4695
3594 4696
4305 4697
3506 4698
268 4699
470 4700
1470 4701
1531 4702
2893 4703
4495 4704
2759 4705
3661 4706
100 4707
4260 4708
1978 4709
2038 4710
2456 4711
1581 4712
851 4713
3846 4714
946 4715
3305 4716
580 4717
2687 4718
2797 4719
1911 4720
2588 4721
2630 4722
1099 4723
1975 4724
4024 4725
1326 4726
1398 4727
2415 4728
1799 4729
3131 4730
3560 4731
1819 4732
2948 4733
3804 4734
1666 4735
4729 4736
1494 4737
99 4738
2362 4739
2683 4740
3644 4741
2166 4742
601 4743
1612 4744
1924 4745
652 4746
1371 4747
282 4748
1652 4749
3320 4750
3096 4751
4479 4752
471 4753
3822 4754
3480 4755
4177 4756
131 4757
3804 4758
1605 4759
1062 4760
2567 4761
542 4762
2764 4763
1799 4764
3711 4765
4165 4766
187 4767
4307 4768
4731 4769
4550 4770
3557 4771
3674 4772
1117 4773
2608 4774
1620 4775
2504 4776
874 4777
4029 4778
1258 4779
1448 4780
1531 4781
3610 4782
4331 4783
221 4784
4022 4785
2340 4786
4518 4787
4418 4788
4464 4789
3775 4790
2468 4791
3878 4792
4057 4793
1816 4794
4399 4795
3392 4796
2292 4797
2747 4798
2127 4799
1845 4800
4090 4801
1414 4802
1979 4803
1442 4804
3534 4805
2920 4806
2702 4807
138 4808
870 4809
4669 4810
1471 4811
471 4812
2853 4813
4138 4814
4161 4815
1264 4816
796 4817
4656 4818
3830 4819
3631 4820
1525 4821
2347 4822
1387 4823
3912 4824
3778 4825
2839 4826
4460 4827
2295 4828
3520 4829
179 4830
510 4831
300 4832
182 4833
895 4834
1340 4835
4365 4836
3114 4837
3843 4838
3078 4839
2916 4840
4625 4841
3392 4842
3337 4843
4640 4844
1049 4845
2254 4846
469 4847
2187 4848
3314 4849
2610 4850
2278 4851
158 4852
3843 4853
2235 4854
2681 4855
3288 4856
3558 4857
524 4858
2889 4859
2921 4860
1038 4861
3759 4862
3162 4863
1398 4864
4452 4865
2784 4866
2688 4867
3710 4868
2806 4869
3801 4870
3794 4871
823 4872
922 4873
3224 4874
1400 4875
1719 4876
2083 4877
1170 4878
4840 4879
2279 4880
3914 4881
109 4882
2761 4883
632 4884
2888 4885
3718 4886
2881 4887
740 4888
3491 4889
1675 4890
970 4891
4417 4892
3376 4893
990 4894
1484 4895
4572 4896
2781 4897
2300 4898
915 4899
497 4900
2579 4901
399 4902
2211 4903
3382 4904
3752 4905
683 4906
1572 4907
3691 4908
1855 4909
3243 4910
348 4911
1481 4912
4356 4913
2636 4914
4364 4915
2795 4916
4549 4917
974 4918
1171 4919
3461 4920
2852 4921
3358 4922
1306 4923
305 4924
3758 4925
1205 4926
4071 4927
599 4928
2991 4929
3452 4930
3173 4931
241 4932
2011 4933
2660 4934
1730 4935
1903 4936
2030 4937
3978 4938
2200 4939
1578 4940
347 4941
2908 4942
3892 4943
131 4944
627 4945
1307 4946
2967 4947
4587 4948
1918 4949
1490 4950
2441 4951
3498 4952
1266 4953
953 4954
744 4955
2306 4956
4594 4957
1567 4958
2427 4959
1913 4960
1673 4961
1778 4962
3852 4963
612 4964
3929 4965
919 4966
1695 4967
4641 4968
3125 4969
2295 4970
4104 4971
3152 4972
1033 4973
931 4974
3476 4975
3030 4976
4797 4977
3982 4978
2206 4979
2831 4980
2653 4981
2132 4982
2285 4983
4693 4984
2138 4985
2767 4986
1549 4987
4955 4988
2159 4989
2659 4990
641 4991
2238 4992
4526 4993
1273 4994
3566 4995
1047 4996
697 4997
4067 4998
3560 4999
3802 5000
