5000
1 2
2 3
2 4
2 5
3 6
4 7
4 8
7 9
3 10
5 11
6 12
7 13
11 14
4 15
6 16
16 17
1 18
14 19
12 20
17 21
15 22
11 23
3 24
18 25
9 26
5 27
23 28
15 29
6 30
19 31
26 32
13 33
1 34
20 35
4 36
28 37
10 38
21 39
6 40
36 41
14 42
8 43
32 44
21 45
17 46
31 47
30 48
12 49
9 50
21 51
4 52
3 53
31 54
33 55
7 56
8 57
24 58
48 59
51 60
10 61
26 62
18 63
52 64
15 65
40 66
2 67
56 68
36 69
42 70
13 71
71 72
26 73
2 74
70 75
8 76
72 77
58 78
2 79
70 80
15 81
41 82
8 83
64 84
38 85
82 86
32 87
8 88
42 89
89 90
15 91
8 92
14 93
26 94
21 95
90 96
1 97
8 98
26 99
78 100
69 101
23 102
53 103
72 104
44 105
53 106
41 107
53 108
104 109
86 110
84 111
97 112
102 113
97 114
78 115
6 116
91 117
18 118
31 119
115 120
27 121
1 122
67 123
48 124
102 125
33 126
63 127
1 128
58 129
116 130
113 131
64 132
74 133
107 134
1 135
48 136
41 137
122 138
83 139
33 140
90 141
126 142
109 143
106 144
131 145
9 146
70 147
42 148
67 149
86 150
68 151
80 152
81 153
93 154
100 155
133 156
93 157
140 158
74 159
31 160
78 161
94 162
60 163
31 164
62 165
120 166
69 167
45 168
15 169
78 170
116 171
142 172
111 173
78 174
83 175
57 176
15 177
68 178
41 179
113 180
62 181
111 182
113 183
24 184
34 185
111 186
77 187
90 188
165 189
123 190
88 191
82 192
126 193
68 194
59 195
156 196
67 197
112 198
189 199
59 200
6 201
112 202
129 203
139 204
36 205
137 206
91 207
17 208
72 209
32 210
39 211
210 212
154 213
105 214
62 215
30 216
25 217
138 218
34 219
134 220
215 221
85 222
17 223
193 224
187 225
43 226
105 227
169 228
131 229
6 230
227 231
113 232
90 233
138 234
210 235
45 236
222 237
164 238
52 239
161 240
51 241
146 242
184 243
63 244
8 245
6 246
92 247
8 248
20 249
29 250
106 251
33 252
158 253
80 254
219 255
60 256
247 257
52 258
246 259
245 260
51 261
219 262
4 263
173 264
129 265
237 266
147 267
12 268
27 269
54 270
170 271
262 272
178 273
197 274
111 275
2 276
87 277
192 278
9 279
192 280
31 281
152 282
222 283
171 284
87 285
145 286
24 287
38 288
11 289
281 290
214 291
285 292
140 293
177 294
159 295
14 296
292 297
6 298
83 299
155 300
174 301
63 302
21 303
18 304
198 305
62 306
78 307
113 308
307 309
105 310
100 311
96 312
188 313
68 314
120 315
5 316
68 317
156 318
287 319
61 320
36 321
112 322
28 323
242 324
49 325
297 326
40 327
191 328
172 329
68 330
91 331
229 332
244 333
285 334
195 335
282 336
208 337
10 338
222 339
278 340
103 341
177 342
125 343
10 344
171 345
340 346
265 347
291 348
239 349
303 350
236 351
292 352
123 353
79 354
98 355
206 356
14 357
87 358
61 359
292 360
14 361
33 362
217 363
141 364
27 365
196 366
309 367
144 368
61 369
59 370
310 371
147 372
162 373
21 374
201 375
173 376
82 377
102 378
29 379
233 380
118 381
314 382
141 383
7 384
5 385
23 386
29 387
43 388
108 389
373 390
38 391
384 392
374 393
87 394
28 395
139 396
115 397
175 398
188 399
109 400
192 401
347 402
261 403
242 404
179 405
234 406
351 407
375 408
201 409
171 410
65 411
154 412
26 413
370 414
310 415
80 416
310 417
24 418
156 419
270 420
391 421
204 422
388 423
110 424
235 425
43 426
376 427
219 428
245 429
37 430
354 431
26 432
407 433
59 434
208 435
259 436
273 437
313 438
413 439
28 440
330 441
260 442
144 443
75 444
384 445
43 446
14 447
5 448
224 449
370 450
393 451
255 452
287 453
334 454
77 455
104 456
382 457
246 458
12 459
315 460
393 461
178 462
289 463
285 464
326 465
62 466
74 467
249 468
320 469
210 470
296 471
396 472
187 473
437 474
194 475
259 476
53 477
255 478
44 479
5 480
101 481
198 482
458 483
322 484
480 485
33 486
20 487
21 488
223 489
187 490
59 491
77 492
299 493
424 494
314 495
68 496
436 497
73 498
57 499
311 500
85 501
385 502
207 503
307 504
30 505
336 506
208 507
29 508
462 509
93 510
211 511
73 512
231 513
188 514
427 515
363 516
64 517
60 518
201 519
465 520
212 521
1 522
514 523
367 524
284 525
486 526
460 527
138 528
464 529
188 530
509 531
155 532
70 533
404 534
476 535
285 536
92 537
128 538
7 539
517 540
428 541
200 542
143 543
198 544
322 545
321 546
88 547
40 548
216 549
195 550
296 551
251 552
486 553
120 554
513 555
291 556
419 557
127 558
526 559
319 560
286 561
255 562
208 563
555 564
48 565
334 566
85 567
105 568
402 569
36 570
420 571
371 572
540 573
302 574
260 575
369 576
469 577
86 578
122 579
568 580
360 581
374 582
387 583
377 584
66 585
575 586
76 587
249 588
443 589
539 590
426 591
392 592
565 593
291 594
367 595
571 596
116 597
28 598
38 599
162 600
495 601
435 602
458 603
602 604
564 605
597 606
450 607
138 608
586 609
20 610
264 611
192 612
190 613
509 614
106 615
595 616
515 617
269 618
40 619
509 620
301 621
380 622
53 623
41 624
62 625
432 626
584 627
220 628
448 629
461 630
481 631
407 632
140 633
369 634
20 635
354 636
56 637
412 638
388 639
139 640
360 641
368 642
315 643
42 644
41 645
194 646
45 647
350 648
150 649
94 650
606 651
186 652
254 653
332 654
354 655
106 656
62 657
19 658
522 659
404 660
658 661
218 662
83 663
517 664
111 665
426 666
242 667
519 668
264 669
124 670
345 671
442 672
370 673
248 674
471 675
122 676
309 677
191 678
626 679
193 680
298 681
211 682
632 683
612 684
127 685
160 686
543 687
635 688
540 689
97 690
465 691
453 692
193 693
407 694
460 695
322 696
12 697
292 698
643 699
5 700
695 701
508 702
662 703
681 704
641 705
613 706
511 707
477 708
506 709
339 710
441 711
671 712
478 713
330 714
614 715
142 716
372 717
607 718
243 719
219 720
488 721
331 722
224 723
453 724
570 725
190 726
59 727
115 728
679 729
370 730
555 731
406 732
290 733
198 734
58 735
270 736
125 737
77 738
359 739
82 740
472 741
125 742
22 743
666 744
680 745
221 746
376 747
643 748
95 749
112 750
608 751
35 752
428 753
516 754
276 755
205 756
221 757
237 758
115 759
66 760
660 761
339 762
362 763
271 764
41 765
634 766
101 767
440 768
42 769
715 770
626 771
188 772
340 773
102 774
667 775
333 776
277 777
572 778
46 779
278 780
672 781
350 782
503 783
683 784
652 785
274 786
210 787
707 788
553 789
119 790
146 791
212 792
238 793
585 794
715 795
200 796
385 797
224 798
503 799
19 800
103 801
620 802
435 803
179 804
654 805
132 806
149 807
244 808
355 809
153 810
347 811
143 812
140 813
281 814
778 815
393 816
770 817
107 818
465 819
708 820
278 821
472 822
473 823
181 824
20 825
76 826
461 827
671 828
610 829
506 830
627 831
80 832
337 833
682 834
408 835
200 836
472 837
588 838
534 839
246 840
769 841
606 842
743 843
660 844
564 845
719 846
537 847
594 848
818 849
578 850
450 851
323 852
279 853
364 854
414 855
62 856
786 857
392 858
370 859
514 860
299 861
527 862
540 863
243 864
371 865
822 866
318 867
601 868
537 869
89 870
732 871
69 872
71 873
301 874
32 875
308 876
224 877
160 878
93 879
164 880
51 881
735 882
487 883
309 884
421 885
450 886
736 887
753 888
577 889
174 890
168 891
875 892
761 893
182 894
6 895
264 896
517 897
321 898
27 899
221 900
292 901
709 902
174 903
774 904
520 905
63 906
540 907
449 908
216 909
805 910
409 911
426 912
571 913
154 914
616 915
526 916
339 917
491 918
458 919
136 920
132 921
459 922
822 923
17 924
538 925
62 926
179 927
463 928
885 929
356 930
370 931
252 932
596 933
248 934
485 935
420 936
25 937
864 938
117 939
430 940
323 941
518 942
344 943
293 944
393 945
261 946
224 947
65 948
497 949
229 950
901 951
94 952
339 953
374 954
786 955
840 956
9 957
461 958
456 959
23 960
690 961
524 962
153 963
458 964
109 965
878 966
940 967
463 968
386 969
914 970
857 971
101 972
745 973
446 974
938 975
319 976
856 977
586 978
899 979
893 980
251 981
863 982
465 983
637 984
491 985
905 986
317 987
916 988
928 989
782 990
18 991
195 992
529 993
449 994
346 995
379 996
158 997
59 998
874 999
341 1000
127 1001
256 1002
600 1003
584 1004
25 1005
720 1006
153 1007
276 1008
916 1009
253 1010
341 1011
104 1012
831 1013
15 1014
284 1015
807 1016
670 1017
218 1018
754 1019
126 1020
132 1021
345 1022
621 1023
325 1024
6 1025
777 1026
161 1027
1020 1028
688 1029
710 1030
379 1031
1029 1032
407 1033
27 1034
752 1035
1002 1036
736 1037
465 1038
78 1039
349 1040
873 1041
678 1042
55 1043
568 1044
113 1045
2 1046
60 1047
295 1048
613 1049
143 1050
127 1051
1028 1052
775 1053
1020 1054
557 1055
598 1056
871 1057
292 1058
111 1059
752 1060
859 1061
103 1062
240 1063
692 1064
687 1065
441 1066
835 1067
92 1068
880 1069
159 1070
689 1071
275 1072
694 1073
973 1074
1058 1075
375 1076
450 1077
564 1078
37 1079
794 1080
58 1081
25 1082
38 1083
749 1084
175 1085
388 1086
105 1087
704 1088
261 1089
568 1090
124 1091
670 1092
25 1093
694 1094
599 1095
466 1096
42 1097
359 1098
1003 1099
1090 1100
541 1101
676 1102
409 1103
940 1104
974 1105
706 1106
847 1107
802 1108
996 1109
392 1110
93 1111
1053 1112
173 1113
916 1114
1109 1115
869 1116
789 1117
373 1118
705 1119
1118 1120
147 1121
1046 1122
728 1123
581 1124
661 1125
907 1126
166 1127
303 1128
14 1129
1110 1130
189 1131
1004 1132
81 1133
448 1134
44 1135
806 1136
882 1137
1098 1138
1025 1139
688 1140
615 1141
83 1142
666 1143
1038 1144
111 1145
648 1146
543 1147
671 1148
446 1149
1125 1150
470 1151
538 1152
584 1153
951 1154
745 1155
194 1156
60 1157
348 1158
440 1159
763 1160
14 1161
818 1162
729 1163
374 1164
947 1165
1140 1166
275 1167
529 1168
176 1169
630 1170
449 1171
762 1172
520 1173
1103 1174
581 1175
180 1176
1116 1177
303 1178
1115 1179
1120 1180
717 1181
1128 1182
967 1183
477 1184
1007 1185
872 1186
686 1187
178 1188
301 1189
339 1190
757 1191
295 1192
844 1193
356 1194
891 1195
987 1196
435 1197
395 1198
241 1199
808 1200
225 1201
487 1202
1202 1203
151 1204
588 1205
912 1206
916 1207
414 1208
979 1209
353 1210
248 1211
217 1212
704 1213
1111 1214
393 1215
489 1216
53 1217
583 1218
369 1219
12 1220
715 1221
794 1222
163 1223
969 1224
941 1225
323 1226
1022 1227
492 1228
926 1229
947 1230
173 1231
622 1232
808 1233
847 1234
987 1235
320 1236
1221 1237
1104 1238
1064 1239
907 1240
119 1241
960 1242
1230 1243
174 1244
434 1245
336 1246
654 1247
1120 1248
1137 1249
711 1250
195 1251
518 1252
113 1253
1133 1254
311 1255
794 1256
1196 1257
7 1258
220 1259
662 1260
185 1261
593 1262
1015 1263
193 1264
1229 1265
1108 1266
1005 1267
217 1268
114 1269
1006 1270
941 1271
663 1272
1001 1273
473 1274
1218 1275
430 1276
72 1277
188 1278
1097 1279
1114 1280
712 1281
742 1282
238 1283
615 1284
64 1285
609 1286
243 1287
445 1288
953 1289
422 1290
647 1291
6 1292
700 1293
1149 1294
872 1295
183 1296
147 1297
538 1298
833 1299
349 1300
1009 1301
933 1302
318 1303
525 1304
328 1305
1229 1306
246 1307
882 1308
385 1309
518 1310
336 1311
739 1312
523 1313
53 1314
1051 1315
765 1316
220 1317
1071 1318
585 1319
1219 1320
360 1321
748 1322
831 1323
777 1324
860 1325
228 1326
834 1327
172 1328
854 1329
918 1330
110 1331
623 1332
568 1333
1084 1334
446 1335
281 1336
448 1337
1291 1338
480 1339
1094 1340
270 1341
1023 1342
712 1343
492 1344
1286 1345
155 1346
820 1347
1103 1348
884 1349
757 1350
273 1351
837 1352
23 1353
519 1354
550 1355
716 1356
367 1357
213 1358
991 1359
419 1360
576 1361
360 1362
1077 1363
515 1364
401 1365
143 1366
661 1367
1114 1368
1006 1369
108 1370
5 1371
1042 1372
1174 1373
934 1374
1218 1375
1251 1376
809 1377
217 1378
1144 1379
34 1380
1240 1381
805 1382
405 1383
742 1384
1270 1385
753 1386
259 1387
249 1388
300 1389
530 1390
372 1391
924 1392
996 1393
1050 1394
328 1395
1106 1396
960 1397
557 1398
395 1399
1356 1400
1204 1401
1354 1402
1384 1403
1257 1404
480 1405
1056 1406
318 1407
1379 1408
120 1409
1390 1410
340 1411
399 1412
355 1413
438 1414
52 1415
804 1416
1331 1417
1209 1418
533 1419
808 1420
787 1421
1370 1422
548 1423
577 1424
1421 1425
447 1426
814 1427
466 1428
757 1429
781 1430
574 1431
437 1432
825 1433
1072 1434
1302 1435
325 1436
1372 1437
903 1438
79 1439
61 1440
163 1441
526 1442
900 1443
54 1444
1426 1445
129 1446
294 1447
1191 1448
1153 1449
1375 1450
763 1451
1174 1452
1090 1453
242 1454
1133 1455
573 1456
1218 1457
798 1458
1379 1459
1400 1460
1077 1461
1303 1462
711 1463
490 1464
168 1465
754 1466
292 1467
698 1468
1232 1469
1421 1470
549 1471
411 1472
1008 1473
800 1474
464 1475
99 1476
188 1477
133 1478
112 1479
1066 1480
606 1481
919 1482
339 1483
1154 1484
949 1485
146 1486
95 1487
335 1488
1064 1489
884 1490
630 1491
323 1492
840 1493
885 1494
759 1495
1276 1496
431 1497
147 1498
1319 1499
1493 1500
1427 1501
1238 1502
1428 1503
1287 1504
457 1505
523 1506
1334 1507
321 1508
981 1509
742 1510
611 1511
126 1512
848 1513
931 1514
902 1515
1130 1516
725 1517
555 1518
657 1519
1459 1520
740 1521
974 1522
1075 1523
594 1524
870 1525
1169 1526
76 1527
1074 1528
1013 1529
406 1530
423 1531
898 1532
1281 1533
613 1534
334 1535
440 1536
865 1537
487 1538
398 1539
1053 1540
1068 1541
620 1542
615 1543
888 1544
1107 1545
285 1546
1452 1547
931 1548
1273 1549
1288 1550
239 1551
1505 1552
1427 1553
780 1554
769 1555
30 1556
1070 1557
1235 1558
84 1559
611 1560
206 1561
34 1562
1292 1563
1095 1564
186 1565
871 1566
1429 1567
666 1568
276 1569
564 1570
47 1571
1328 1572
1490 1573
496 1574
1222 1575
76 1576
1257 1577
580 1578
363 1579
1058 1580
260 1581
555 1582
1020 1583
1173 1584
1219 1585
812 1586
1366 1587
101 1588
1369 1589
727 1590
476 1591
411 1592
1146 1593
998 1594
66 1595
506 1596
311 1597
888 1598
301 1599
1092 1600
1573 1601
925 1602
689 1603
868 1604
1575 1605
794 1606
554 1607
1255 1608
1127 1609
1165 1610
919 1611
688 1612
472 1613
440 1614
1152 1615
1294 1616
1517 1617
416 1618
1224 1619
230 1620
1235 1621
311 1622
1382 1623
1467 1624
213 1625
710 1626
1605 1627
563 1628
1490 1629
246 1630
231 1631
898 1632
77 1633
525 1634
905 1635
1468 1636
366 1637
917 1638
335 1639
1073 1640
115 1641
267 1642
542 1643
331 1644
944 1645
1535 1646
592 1647
590 1648
72 1649
747 1650
496 1651
1371 1652
820 1653
647 1654
14 1655
455 1656
89 1657
1173 1658
1092 1659
335 1660
1599 1661
1415 1662
1636 1663
86 1664
40 1665
1206 1666
1333 1667
565 1668
705 1669
1110 1670
270 1671
1417 1672
1067 1673
388 1674
519 1675
1546 1676
148 1677
1189 1678
538 1679
1082 1680
797 1681
348 1682
1451 1683
1475 1684
338 1685
1084 1686
1158 1687
827 1688
228 1689
695 1690
1423 1691
1285 1692
1279 1693
879 1694
1221 1695
241 1696
109 1697
1368 1698
1182 1699
1080 1700
1174 1701
1144 1702
1096 1703
735 1704
1266 1705
1518 1706
1023 1707
669 1708
416 1709
1039 1710
805 1711
857 1712
1384 1713
1281 1714
846 1715
1193 1716
58 1717
1525 1718
1115 1719
14 1720
1349 1721
492 1722
359 1723
261 1724
1171 1725
871 1726
1311 1727
455 1728
604 1729
1549 1730
5 1731
1539 1732
530 1733
1538 1734
353 1735
324 1736
142 1737
1674 1738
1007 1739
791 1740
369 1741
295 1742
459 1743
519 1744
9 1745
512 1746
1420 1747
1116 1748
1014 1749
1451 1750
667 1751
599 1752
1632 1753
1107 1754
1390 1755
964 1756
257 1757
1551 1758
66 1759
1489 1760
1237 1761
483 1762
73 1763
788 1764
310 1765
335 1766
489 1767
1530 1768
1009 1769
868 1770
717 1771
265 1772
481 1773
1618 1774
1607 1775
486 1776
718 1777
672 1778
1299 1779
6 1780
890 1781
190 1782
552 1783
1394 1784
1145 1785
65 1786
53 1787
1444 1788
186 1789
1667 1790
1542 1791
281 1792
1184 1793
526 1794
930 1795
254 1796
1060 1797
1080 1798
255 1799
1206 1800
464 1801
561 1802
1597 1803
1087 1804
1342 1805
858 1806
221 1807
210 1808
545 1809
1349 1810
775 1811
1691 1812
1095 1813
1140 1814
367 1815
1211 1816
1531 1817
1541 1818
1200 1819
1600 1820
842 1821
1327 1822
241 1823
1623 1824
1181 1825
1428 1826
1449 1827
1670 1828
1292 1829
929 1830
533 1831
1485 1832
790 1833
1750 1834
775 1835
1634 1836
1475 1837
1632 1838
120 1839
1627 1840
230 1841
429 1842
116 1843
99 1844
1121 1845
1288 1846
1163 1847
633 1848
1433 1849
1782 1850
1555 1851
194 1852
884 1853
628 1854
764 1855
619 1856
1040 1857
262 1858
1585 1859
495 1860
1039 1861
955 1862
134 1863
1533 1864
1785 1865
499 1866
169 1867
1840 1868
1644 1869
1130 1870
142 1871
728 1872
186 1873
1000 1874
1144 1875
255 1876
14 1877
1852 1878
1209 1879
1003 1880
346 1881
1108 1882
83 1883
281 1884
1386 1885
1127 1886
567 1887
779 1888
1603 1889
783 1890
1436 1891
750 1892
896 1893
761 1894
839 1895
1601 1896
1027 1897
280 1898
1114 1899
1166 1900
1032 1901
606 1902
676 1903
920 1904
667 1905
1137 1906
767 1907
1841 1908
628 1909
1731 1910
265 1911
161 1912
317 1913
1381 1914
685 1915
1061 1916
1163 1917
1081 1918
1191 1919
1460 1920
58 1921
1769 1922
761 1923
1506 1924
744 1925
725 1926
1686 1927
1162 1928
237 1929
1298 1930
451 1931
622 1932
191 1933
1397 1934
3 1935
1260 1936
1144 1937
1131 1938
1870 1939
1370 1940
1111 1941
961 1942
715 1943
1918 1944
1616 1945
127 1946
188 1947
172 1948
1314 1949
687 1950
575 1951
1745 1952
1125 1953
1505 1954
936 1955
1653 1956
191 1957
1244 1958
1376 1959
925 1960
1784 1961
794 1962
922 1963
257 1964
540 1965
1566 1966
78 1967
1373 1968
934 1969
555 1970
84 1971
1505 1972
836 1973
1650 1974
965 1975
1800 1976
704 1977
615 1978
417 1979
1872 1980
1370 1981
651 1982
1506 1983
1603 1984
1842 1985
1131 1986
68 1987
1686 1988
508 1989
1986 1990
1453 1991
1044 1992
1417 1993
1882 1994
1793 1995
1420 1996
130 1997
247 1998
1376 1999
1939 2000
1542 2001
1761 2002
1107 2003
431 2004
1170 2005
1100 2006
925 2007
462 2008
1030 2009
1234 2010
1859 2011
71 2012
1898 2013
1369 2014
1622 2015
526 2016
1456 2017
773 2018
259 2019
116 2020
541 2021
1174 2022
773 2023
507 2024
549 2025
513 2026
99 2027
1420 2028
1180 2029
427 2030
410 2031
1368 2032
2023 2033
809 2034
1462 2035
666 2036
1220 2037
575 2038
2038 2039
1948 2040
1941 2041
1205 2042
1168 2043
17 2044
1181 2045
1799 2046
1993 2047
885 2048
1514 2049
916 2050
1900 2051
252 2052
828 2053
1408 2054
1877 2055
1012 2056
1583 2057
1184 2058
1182 2059
1082 2060
1213 2061
259 2062
182 2063
258 2064
1319 2065
1033 2066
1777 2067
1597 2068
193 2069
1974 2070
1397 2071
2070 2072
2072 2073
824 2074
979 2075
1428 2076
892 2077
1466 2078
751 2079
1295 2080
1200 2081
1978 2082
1510 2083
1913 2084
1780 2085
93 2086
441 2087
347 2088
867 2089
1041 2090
911 2091
1649 2092
666 2093
1680 2094
1600 2095
1250 2096
1567 2097
1461 2098
1801 2099
1361 2100
1575 2101
1807 2102
1174 2103
1452 2104
1726 2105
91 2106
1873 2107
1174 2108
812 2109
2089 2110
1862 2111
1113 2112
154 2113
408 2114
390 2115
1376 2116
1497 2117
643 2118
1809 2119
759 2120
903 2121
1782 2122
1918 2123
1044 2124
1972 2125
274 2126
1994 2127
1138 2128
1965 2129
1195 2130
801 2131
1396 2132
1896 2133
462 2134
295 2135
2055 2136
1228 2137
1655 2138
933 2139
1221 2140
178 2141
1343 2142
557 2143
1504 2144
750 2145
1073 2146
1912 2147
522 2148
151 2149
2057 2150
1117 2151
1149 2152
206 2153
842 2154
2001 2155
283 2156
1401 2157
1680 2158
1378 2159
1359 2160
1661 2161
1477 2162
1821 2163
393 2164
1343 2165
411 2166
1409 2167
2010 2168
2062 2169
526 2170
522 2171
870 2172
1762 2173
1792 2174
2145 2175
1873 2176
1390 2177
2108 2178
993 2179
1569 2180
575 2181
512 2182
535 2183
274 2184
1068 2185
1656 2186
1003 2187
1383 2188
81 2189
344 2190
1551 2191
1905 2192
1917 2193
1448 2194
881 2195
1867 2196
538 2197
1407 2198
1323 2199
1150 2200
1162 2201
1440 2202
898 2203
1985 2204
13 2205
1078 2206
814 2207
326 2208
857 2209
1386 2210
316 2211
1730 2212
1218 2213
1546 2214
7 2215
1656 2216
1208 2217
1164 2218
1997 2219
2075 2220
207 2221
1691 2222
829 2223
272 2224
1497 2225
1527 2226
801 2227
1932 2228
1255 2229
2040 2230
608 2231
2148 2232
1175 2233
49 2234
364 2235
1886 2236
1777 2237
589 2238
827 2239
1919 2240
2164 2241
1637 2242
2117 2243
807 2244
1332 2245
1317 2246
164 2247
2231 2248
1642 2249
559 2250
1765 2251
824 2252
1169 2253
856 2254
575 2255
1666 2256
814 2257
322 2258
550 2259
730 2260
449 2261
1047 2262
1061 2263
780 2264
1810 2265
1904 2266
365 2267
2070 2268
393 2269
1291 2270
1509 2271
409 2272
417 2273
314 2274
1603 2275
1235 2276
1459 2277
1360 2278
114 2279
1224 2280
1953 2281
559 2282
1019 2283
1697 2284
2220 2285
1231 2286
1522 2287
680 2288
300 2289
877 2290
1315 2291
2000 2292
2288 2293
913 2294
234 2295
953 2296
399 2297
458 2298
154 2299
437 2300
71 2301
2039 2302
2260 2303
1261 2304
785 2305
311 2306
149 2307
1256 2308
1426 2309
1611 2310
1770 2311
1038 2312
816 2313
174 2314
924 2315
965 2316
2082 2317
1096 2318
1430 2319
1357 2320
34 2321
1857 2322
1427 2323
2199 2324
1558 2325
1964 2326
2036 2327
794 2328
1228 2329
1093 2330
483 2331
1413 2332
1888 2333
1637 2334
633 2335
1026 2336
968 2337
583 2338
415 2339
1986 2340
1488 2341
1988 2342
1208 2343
1138 2344
1996 2345
1757 2346
1843 2347
2015 2348
160 2349
1835 2350
1993 2351
1807 2352
1407 2353
1573 2354
1011 2355
1119 2356
35 2357
2000 2358
555 2359
870 2360
2068 2361
1740 2362
1556 2363
1313 2364
616 2365
1736 2366
2277 2367
518 2368
240 2369
1365 2370
2133 2371
981 2372
1622 2373
844 2374
1106 2375
1971 2376
307 2377
1848 2378
625 2379
1241 2380
1869 2381
1807 2382
2272 2383
2009 2384
1382 2385
271 2386
1528 2387
747 2388
1961 2389
1448 2390
2202 2391
1368 2392
722 2393
1201 2394
405 2395
117 2396
2065 2397
1112 2398
705 2399
2244 2400
1054 2401
1591 2402
671 2403
1250 2404
601 2405
754 2406
2183 2407
1221 2408
1573 2409
1405 2410
209 2411
366 2412
663 2413
1811 2414
1401 2415
485 2416
243 2417
26 2418
1416 2419
1871 2420
2388 2421
2313 2422
2009 2423
312 2424
93 2425
74 2426
1516 2427
1830 2428
1344 2429
959 2430
1846 2431
341 2432
1786 2433
1618 2434
655 2435
1561 2436
1253 2437
705 2438
877 2439
19 2440
226 2441
2276 2442
361 2443
1229 2444
1776 2445
40 2446
1456 2447
1633 2448
1465 2449
999 2450
1602 2451
124 2452
1448 2453
582 2454
1244 2455
1501 2456
1320 2457
336 2458
1304 2459
592 2460
292 2461
1929 2462
322 2463
2037 2464
1505 2465
1678 2466
568 2467
1701 2468
42 2469
2183 2470
585 2471
706 2472
2219 2473
1353 2474
748 2475
465 2476
1618 2477
2309 2478
1998 2479
34 2480
1720 2481
2281 2482
1453 2483
2039 2484
1504 2485
24 2486
364 2487
2168 2488
675 2489
619 2490
267 2491
1538 2492
2462 2493
2086 2494
1579 2495
1674 2496
1383 2497
928 2498
1069 2499
2398 2500
483 2501
1651 2502
1297 2503
464 2504
2336 2505
644 2506
378 2507
1122 2508
1552 2509
2455 2510
239 2511
647 2512
2052 2513
1739 2514
304 2515
775 2516
1020 2517
761 2518
553 2519
1839 2520
1035 2521
39 2522
821 2523
1464 2524
923 2525
541 2526
798 2527
232 2528
376 2529
60 2530
856 2531
592 2532
163 2533
1048 2534
623 2535
2354 2536
1991 2537
1043 2538
2279 2539
671 2540
1612 2541
2535 2542
2302 2543
1286 2544
815 2545
1967 2546
1920 2547
1170 2548
796 2549
1536 2550
2184 2551
2181 2552
1349 2553
1111 2554
1066 2555
235 2556
456 2557
229 2558
1909 2559
723 2560
961 2561
1273 2562
1736 2563
2502 2564
940 2565
65 2566
1509 2567
698 2568
1080 2569
1469 2570
1271 2571
582 2572
2386 2573
77 2574
921 2575
1827 2576
176 2577
1260 2578
1827 2579
213 2580
429 2581
117 2582
856 2583
1267 2584
1779 2585
697 2586
2558 2587
150 2588
854 2589
1652 2590
1559 2591
1516 2592
1831 2593
180 2594
462 2595
92 2596
42 2597
2217 2598
527 2599
877 2600
1483 2601
768 2602
468 2603
2422 2604
329 2605
1023 2606
2337 2607
1574 2608
998 2609
2592 2610
2567 2611
973 2612
850 2613
1748 2614
1676 2615
1176 2616
2127 2617
2159 2618
1105 2619
1592 2620
2563 2621
143 2622
1858 2623
373 2624
961 2625
898 2626
1507 2627
1394 2628
2372 2629
2001 2630
2139 2631
51 2632
1669 2633
18 2634
2544 2635
2533 2636
1390 2637
2423 2638
1682 2639
2533 2640
126 2641
1546 2642
981 2643
1659 2644
2221 2645
2024 2646
1955 2647
1882 2648
1951 2649
608 2650
1270 2651
511 2652
770 2653
1810 2654
2314 2655
1560 2656
730 2657
1971 2658
2457 2659
606 2660
1731 2661
1060 2662
1735 2663
2631 2664
2591 2665
1479 2666
212 2667
423 2668
497 2669
2316 2670
1259 2671
703 2672
1514 2673
1489 2674
299 2675
2401 2676
1879 2677
851 2678
788 2679
329 2680
973 2681
1348 2682
1545 2683
80 2684
1042 2685
1066 2686
1931 2687
933 2688
1515 2689
81 2690
1790 2691
2387 2692
2115 2693
2125 2694
2378 2695
1114 2696
2365 2697
1496 2698
1909 2699
1884 2700
1237 2701
487 2702
239 2703
869 2704
1630 2705
953 2706
147 2707
608 2708
1682 2709
1081 2710
2279 2711
153 2712
700 2713
2666 2714
796 2715
2658 2716
1022 2717
328 2718
2710 2719
412 2720
2110 2721
973 2722
1916 2723
48 2724
955 2725
1915 2726
1673 2727
1657 2728
371 2729
1661 2730
1066 2731
1129 2732
2205 2733
1919 2734
1160 2735
1467 2736
1692 2737
1820 2738
405 2739
2569 2740
2472 2741
565 2742
1468 2743
313 2744
2604 2745
2225 2746
1003 2747
2473 2748
2201 2749
2046 2750
1800 2751
787 2752
741 2753
272 2754
1183 2755
2249 2756
1525 2757
720 2758
1288 2759
308 2760
906 2761
12 2762
873 2763
1082 2764
760 2765
2619 2766
1967 2767
1957 2768
2424 2769
183 2770
1441 2771
604 2772
1492 2773
2009 2774
2142 2775
1806 2776
32 2777
510 2778
1998 2779
2223 2780
641 2781
478 2782
1401 2783
2153 2784
171 2785
1399 2786
2748 2787
2025 2788
678 2789
1896 2790
2044 2791
1096 2792
1517 2793
820 2794
1491 2795
1525 2796
1202 2797
1981 2798
2095 2799
2311 2800
2562 2801
1353 2802
1790 2803
2014 2804
2115 2805
648 2806
826 2807
1868 2808
2148 2809
731 2810
2021 2811
2737 2812
1579 2813
22 2814
1528 2815
1054 2816
1734 2817
2704 2818
359 2819
361 2820
1 2821
537 2822
2141 2823
2787 2824
1896 2825
503 2826
1530 2827
1129 2828
174 2829
1615 2830
661 2831
1631 2832
1327 2833
1148 2834
440 2835
1010 2836
1350 2837
658 2838
2142 2839
765 2840
961 2841
2718 2842
1013 2843
2218 2844
952 2845
264 2846
2555 2847
621 2848
895 2849
1133 2850
958 2851
2776 2852
2223 2853
927 2854
1387 2855
1642 2856
1974 2857
702 2858
94 2859
2442 2860
1359 2861
201 2862
1266 2863
1926 2864
1146 2865
669 2866
1743 2867
1404 2868
1188 2869
546 2870
2837 2871
2644 2872
177 2873
2000 2874
122 2875
2818 2876
477 2877
2509 2878
2564 2879
576 2880
1313 2881
1605 2882
2096 2883
316 2884
1022 2885
1522 2886
982 2887
1414 2888
1855 2889
1155 2890
1470 2891
558 2892
149 2893
1133 2894
1337 2895
1148 2896
577 2897
1355 2898
1746 2899
2419 2900
1278 2901
2274 2902
1409 2903
1568 2904
1034 2905
773 2906
1187 2907
1565 2908
814 2909
82 2910
1060 2911
1910 2912
1119 2913
2365 2914
566 2915
1282 2916
1099 2917
45 2918
601 2919
28 2920
783 2921
2405 2922
790 2923
477 2924
696 2925
99 2926
1149 2927
704 2928
784 2929
11 2930
1415 2931
382 2932
441 2933
2591 2934
1417 2935
2178 2936
2540 2937
2430 2938
2829 2939
1966 2940
2856 2941
2941 2942
703 2943
704 2944
2901 2945
2153 2946
2153 2947
1010 2948
2590 2949
1198 2950
806 2951
776 2952
882 2953
222 2954
278 2955
2047 2956
824 2957
119 2958
158 2959
1666 2960
1101 2961
2117 2962
1618 2963
179 2964
2212 2965
1504 2966
2421 2967
2712 2968
762 2969
164 2970
760 2971
2824 2972
1163 2973
849 2974
16 2975
1434 2976
522 2977
1238 2978
200 2979
915 2980
172 2981
2494 2982
2283 2983
2635 2984
448 2985
2455 2986
1628 2987
700 2988
2006 2989
2522 2990
2552 2991
1341 2992
2706 2993
1703 2994
2826 2995
266 2996
1200 2997
45 2998
1920 2999
2841 3000
2668 3001
2981 3002
2198 3003
762 3004
596 3005
1687 3006
933 3007
1428 3008
542 3009
1469 3010
350 3011
1749 3012
1019 3013
1533 3014
2703 3015
2784 3016
1676 3017
2312 3018
420 3019
1716 3020
949 3021
1260 3022
29 3023
2450 3024
978 3025
2283 3026
2828 3027
2547 3028
620 3029
2063 3030
615 3031
2807 3032
1797 3033
2790 3034
169 3035
2640 3036
282 3037
1340 3038
659 3039
1506 3040
1678 3041
803 3042
1099 3043
793 3044
553 3045
1132 3046
1045 3047
2434 3048
2394 3049
2494 3050
1125 3051
1057 3052
3029 3053
1774 3054
890 3055
2704 3056
2189 3057
2287 3058
1139 3059
423 3060
1734 3061
1733 3062
453 3063
1668 3064
1482 3065
269 3066
463 3067
2251 3068
60 3069
642 3070
2629 3071
1985 3072
1827 3073
2932 3074
507 3075
558 3076
2303 3077
505 3078
2794 3079
2960 3080
488 3081
2288 3082
1171 3083
2463 3084
2456 3085
2465 3086
3007 3087
2815 3088
1130 3089
2423 3090
2991 3091
1857 3092
1192 3093
2576 3094
1441 3095
1387 3096
733 3097
2137 3098
2814 3099
2546 3100
1204 3101
2723 3102
372 3103
1597 3104
1383 3105
1598 3106
2833 3107
154 3108
1442 3109
2414 3110
1044 3111
1032 3112
102 3113
1355 3114
508 3115
506 3116
248 3117
2474 3118
2695 3119
2845 3120
1996 3121
1712 3122
2549 3123
533 3124
476 3125
2609 3126
752 3127
997 3128
3059 3129
741 3130
2032 3131
2785 3132
2782 3133
2134 3134
1290 3135
492 3136
2686 3137
2910 3138
2628 3139
681 3140
909 3141
3141 3142
961 3143
1392 3144
988 3145
733 3146
2577 3147
2179 3148
1483 3149
2449 3150
2125 3151
1785 3152
260 3153
964 3154
580 3155
2415 3156
36 3157
1132 3158
1829 3159
1971 3160
863 3161
1391 3162
1888 3163
1956 3164
590 3165
2386 3166
556 3167
629 3168
2310 3169
739 3170
880 3171
1852 3172
2658 3173
964 3174
2967 3175
1139 3176
1179 3177
2587 3178
3088 3179
3043 3180
1833 3181
2129 3182
248 3183
581 3184
1354 3185
671 3186
2867 3187
1844 3188
657 3189
2321 3190
249 3191
995 3192
1419 3193
2235 3194
398 3195
1765 3196
219 3197
1927 3198
2733 3199
2542 3200
82 3201
2235 3202
1590 3203
368 3204
2833 3205
787 3206
534 3207
1743 3208
969 3209
955 3210
2931 3211
25 3212
2648 3213
263 3214
2849 3215
2925 3216
782 3217
698 3218
1214 3219
1915 3220
2282 3221
1882 3222
14 3223
2202 3224
1270 3225
2218 3226
2157 3227
627 3228
2886 3229
418 3230
2794 3231
2062 3232
3189 3233
923 3234
2961 3235
409 3236
2055 3237
183 3238
749 3239
994 3240
2837 3241
278 3242
699 3243
455 3244
144 3245
1458 3246
1328 3247
871 3248
2397 3249
2141 3250
1337 3251
1529 3252
3185 3253
1683 3254
1191 3255
107 3256
1141 3257
2625 3258
3182 3259
2351 3260
1877 3261
1017 3262
765 3263
45 3264
2144 3265
2531 3266
295 3267
328 3268
1312 3269
2133 3270
2490 3271
929 3272
1003 3273
2506 3274
796 3275
736 3276
587 3277
2399 3278
1967 3279
645 3280
2391 3281
3149 3282
370 3283
1240 3284
2051 3285
1908 3286
2037 3287
51 3288
2769 3289
2086 3290
2293 3291
1934 3292
2892 3293
2190 3294
2786 3295
2957 3296
1750 3297
2514 3298
1776 3299
2249 3300
2182 3301
3017 3302
129 3303
3119 3304
2798 3305
1520 3306
2924 3307
2103 3308
783 3309
2069 3310
2950 3311
171 3312
1221 3313
20 3314
2230 3315
1826 3316
918 3317
3110 3318
1208 3319
1843 3320
847 3321
356 3322
2034 3323
2577 3324
2047 3325
2674 3326
3119 3327
2823 3328
1944 3329
2676 3330
1244 3331
581 3332
2238 3333
547 3334
2539 3335
2950 3336
2934 3337
178 3338
1906 3339
3018 3340
3248 3341
1946 3342
712 3343
2944 3344
805 3345
2324 3346
2250 3347
2100 3348
2433 3349
1952 3350
2024 3351
747 3352
2588 3353
2293 3354
16 3355
439 3356
2915 3357
1572 3358
78 3359
729 3360
1948 3361
410 3362
390 3363
653 3364
108 3365
2168 3366
2870 3367
2295 3368
728 3369
2222 3370
2848 3371
239 3372
1051 3373
357 3374
2055 3375
451 3376
1844 3377
503 3378
1503 3379
2097 3380
1474 3381
1957 3382
421 3383
3187 3384
3076 3385
3040 3386
2352 3387
1766 3388
878 3389
28 3390
1375 3391
144 3392
293 3393
3003 3394
2228 3395
1054 3396
2540 3397
2321 3398
3278 3399
251 3400
502 3401
947 3402
927 3403
836 3404
432 3405
2083 3406
2527 3407
1262 3408
595 3409
1027 3410
2414 3411
1236 3412
1471 3413
2307 3414
377 3415
3058 3416
260 3417
698 3418
2298 3419
1610 3420
278 3421
2141 3422
2769 3423
1461 3424
382 3425
10 3426
1210 3427
2047 3428
3334 3429
2945 3430
2224 3431
2663 3432
1779 3433
1931 3434
1919 3435
583 3436
1582 3437
1701 3438
1388 3439
2814 3440
1782 3441
2392 3442
3385 3443
3265 3444
163 3445
770 3446
1202 3447
3415 3448
2267 3449
1557 3450
2406 3451
2536 3452
1587 3453
106 3454
2341 3455
1820 3456
1278 3457
1932 3458
411 3459
2957 3460
1869 3461
2306 3462
965 3463
759 3464
2247 3465
3428 3466
790 3467
1840 3468
2645 3469
3043 3470
2107 3471
2940 3472
422 3473
2625 3474
2098 3475
3183 3476
1894 3477
890 3478
3444 3479
3078 3480
3349 3481
183 3482
3066 3483
2026 3484
728 3485
355 3486
1135 3487
2975 3488
2881 3489
3253 3490
4 3491
2555 3492
3345 3493
1922 3494
1812 3495
1515 3496
1043 3497
1704 3498
518 3499
1314 3500
2143 3501
1745 3502
66 3503
8 3504
3140 3505
2868 3506
90 3507
3480 3508
3256 3509
1541 3510
3227 3511
2099 3512
1254 3513
1054 3514
575 3515
1387 3516
1101 3517
2994 3518
473 3519
1704 3520
1132 3521
3319 3522
3229 3523
1274 3524
1432 3525
2999 3526
2066 3527
2346 3528
3274 3529
2202 3530
468 3531
1951 3532
3419 3533
567 3534
2185 3535
1385 3536
542 3537
3439 3538
3185 3539
3488 3540
1453 3541
2667 3542
2455 3543
647 3544
2806 3545
1812 3546
972 3547
2202 3548
171 3549
3030 3550
1312 3551
2601 3552
2042 3553
2861 3554
2443 3555
1204 3556
2568 3557
2684 3558
1723 3559
1372 3560
1846 3561
1011 3562
2766 3563
3037 3564
2713 3565
273 3566
3549 3567
2367 3568
1589 3569
3014 3570
503 3571
3266 3572
1012 3573
3147 3574
2696 3575
2169 3576
1388 3577
1184 3578
1035 3579
2511 3580
2809 3581
144 3582
2440 3583
1920 3584
3259 3585
41 3586
2169 3587
3362 3588
108 3589
2387 3590
2524 3591
3106 3592
2936 3593
85 3594
1088 3595
399 3596
1144 3597
2026 3598
947 3599
1344 3600
1702 3601
3432 3602
574 3603
1500 3604
97 3605
1155 3606
1871 3607
2968 3608
1698 3609
1586 3610
3061 3611
2083 3612
3099 3613
913 3614
202 3615
3325 3616
1152 3617
3184 3618
2032 3619
2272 3620
1647 3621
1301 3622
3438 3623
486 3624
539 3625
3192 3626
2592 3627
3050 3628
2431 3629
1446 3630
2270 3631
3146 3632
3063 3633
2052 3634
1794 3635
3219 3636
2950 3637
2109 3638
3490 3639
803 3640
1082 3641
3542 3642
887 3643
3314 3644
2889 3645
1115 3646
2614 3647
3589 3648
2853 3649
3630 3650
2076 3651
1521 3652
1220 3653
975 3654
664 3655
553 3656
1006 3657
534 3658
77 3659
2582 3660
704 3661
3407 3662
610 3663
235 3664
900 3665
1668 3666
1460 3667
3494 3668
3305 3669
2424 3670
786 3671
3582 3672
3027 3673
737 3674
1445 3675
2955 3676
3231 3677
2420 3678
2333 3679
2901 3680
2537 3681
482 3682
1644 3683
286 3684
2338 3685
1084 3686
829 3687
3208 3688
2129 3689
2896 3690
3190 3691
1733 3692
2047 3693
700 3694
426 3695
1269 3696
2173 3697
1249 3698
3591 3699
1091 3700
3581 3701
1947 3702
1317 3703
2229 3704
2873 3705
1280 3706
1377 3707
1612 3708
512 3709
1887 3710
1877 3711
279 3712
1929 3713
2086 3714
511 3715
57 3716
1606 3717
2902 3718
2701 3719
2886 3720
101 3721
1545 3722
2865 3723
387 3724
372 3725
117 3726
2686 3727
1812 3728
668 3729
1887 3730
947 3731
200 3732
1283 3733
2090 3734
2541 3735
571 3736
3372 3737
1050 3738
2590 3739
1300 3740
1071 3741
1626 3742
1466 3743
2454 3744
940 3745
2239 3746
2838 3747
2332 3748
2331 3749
3709 3750
581 3751
2557 3752
3621 3753
1696 3754
3508 3755
1600 3756
3080 3757
1220 3758
2336 3759
2611 3760
2075 3761
1727 3762
1212 3763
677 3764
250 3765
627 3766
3573 3767
338 3768
714 3769
3144 3770
120 3771
1782 3772
176 3773
2104 3774
3393 3775
1671 3776
31 3777
1749 3778
91 3779
160 3780
385 3781
91 3782
3316 3783
2514 3784
3460 3785
3322 3786
2003 3787
3531 3788
3108 3789
2563 3790
2503 3791
921 3792
1865 3793
686 3794
125 3795
3257 3796
1772 3797
3693 3798
1329 3799
550 3800
1094 3801
3206 3802
2727 3803
2426 3804
3196 3805
2955 3806
1169 3807
399 3808
3793 3809
1703 3810
3300 3811
349 3812
1494 3813
3257 3814
2192 3815
21 3816
730 3817
1203 3818
2529 3819
1771 3820
2500 3821
1962 3822
610 3823
2079 3824
1686 3825
82 3826
2425 3827
2316 3828
553 3829
685 3830
3491 3831
3627 3832
906 3833
3702 3834
1152 3835
1243 3836
3283 3837
139 3838
3124 3839
3370 3840
2599 3841
1869 3842
1197 3843
2436 3844
1576 3845
989 3846
1353 3847
1918 3848
370 3849
3126 3850
3818 3851
1087 3852
327 3853
3136 3854
1324 3855
1792 3856
834 3857
2133 3858
1284 3859
3203 3860
2356 3861
180 3862
1321 3863
3708 3864
276 3865
1701 3866
236 3867
3766 3868
2595 3869
646 3870
2488 3871
3688 3872
1520 3873
3417 3874
1577 3875
2988 3876
1094 3877
2874 3878
1170 3879
2690 3880
3680 3881
3301 3882
1680 3883
1205 3884
623 3885
2235 3886
1942 3887
854 3888
624 3889
2000 3890
503 3891
3389 3892
2768 3893
988 3894
963 3895
2595 3896
3877 3897
1218 3898
1005 3899
2730 3900
2516 3901
1746 3902
2905 3903
3454 3904
1246 3905
1219 3906
2971 3907
1420 3908
1962 3909
816 3910
3764 3911
2384 3912
3075 3913
2515 3914
2050 3915
1846 3916
2930 3917
3615 3918
2320 3919
2965 3920
102 3921
3913 3922
1643 3923
1064 3924
2526 3925
1073 3926
3352 3927
2982 3928
666 3929
345 3930
873 3931
3274 3932
34 3933
1340 3934
1126 3935
3670 3936
2535 3937
2636 3938
1115 3939
207 3940
3569 3941
591 3942
2158 3943
626 3944
486 3945
1124 3946
2851 3947
2300 3948
872 3949
731 3950
306 3951
3923 3952
2257 3953
3344 3954
2754 3955
1298 3956
2005 3957
3497 3958
1963 3959
1090 3960
1242 3961
519 3962
2385 3963
2526 3964
2111 3965
2387 3966
1649 3967
3394 3968
3583 3969
231 3970
1400 3971
3499 3972
2503 3973
1992 3974
979 3975
879 3976
3929 3977
93 3978
2591 3979
747 3980
1243 3981
3789 3982
3033 3983
3870 3984
3407 3985
1543 3986
962 3987
994 3988
3462 3989
3404 3990
3548 3991
1146 3992
101 3993
3009 3994
2422 3995
3926 3996
2713 3997
3025 3998
715 3999
2987 4000
2289 4001
2526 4002
2429 4003
1340 4004
2990 4005
1201 4006
1179 4007
398 4008
1183 4009
1462 4010
3964 4011
1182 4012
153 4013
220 4014
803 4015
3530 4016
1103 4017
3200 4018
2336 4019
3148 4020
3625 4021
1965 4022
1810 4023
2133 4024
1728 4025
2845 4026
3956 4027
3069 4028
2173 4029
821 4030
202 4031
2931 4032
226 4033
1366 4034
3627 4035
993 4036
698 4037
560 4038
2037 4039
3400 4040
3542 4041
190 4042
2646 4043
468 4044
712 4045
3107 4046
983 4047
1211 4048
841 4049
2925 4050
485 4051
1600 4052
2700 4053
1312 4054
1341 4055
2915 4056
2161 4057
1211 4058
345 4059
640 4060
560 4061
2828 4062
3177 4063
1229 4064
2691 4065
912 4066
1151 4067
1304 4068
2607 4069
1322 4070
3640 4071
264 4072
2338 4073
2609 4074
150 4075
2196 4076
1864 4077
3392 4078
3857 4079
3301 4080
1194 4081
3676 4082
3254 4083
1257 4084
1375 4085
1563 4086
313 4087
2309 4088
1776 4089
2112 4090
814 4091
557 4092
267 4093
3415 4094
2506 4095
3079 4096
1546 4097
1944 4098
1516 4099
1814 4100
665 4101
61 4102
434 4103
1454 4104
2871 4105
920 4106
2764 4107
1598 4108
465 4109
3835 4110
4002 4111
2882 4112
3297 4113
1682 4114
3063 4115
2622 4116
3420 4117
429 4118
856 4119
3866 4120
3760 4121
3764 4122
3091 4123
976 4124
3848 4125
3538 4126
1109 4127
1631 4128
3283 4129
3516 4130
1701 4131
435 4132
331 4133
159 4134
3110 4135
3806 4136
3237 4137
1971 4138
1906 4139
1836 4140
2251 4141
3642 4142
366 4143
2032 4144
1878 4145
1789 4146
3873 4147
3320 4148
1549 4149
3949 4150
2098 4151
1965 4152
1153 4153
2229 4154
726 4155
3712 4156
2677 4157
2908 4158
3542 4159
823 4160
1865 4161
1959 4162
501 4163
2449 4164
3891 4165
3473 4166
4155 4167
2081 4168
2554 4169
2377 4170
1722 4171
2911 4172
2839 4173
3090 4174
486 4175
3443 4176
3727 4177
115 4178
63 4179
1663 4180
3179 4181
2022 4182
151 4183
1209 4184
1002 4185
2432 4186
3466 4187
3787 4188
299 4189
3915 4190
1469 4191
365 4192
735 4193
3457 4194
212 4195
60 4196
1305 4197
3143 4198
1746 4199
4132 4200
2096 4201
3074 4202
4100 4203
2296 4204
687 4205
3634 4206
2544 4207
850 4208
3420 4209
797 4210
2083 4211
3215 4212
2980 4213
3942 4214
4073 4215
1371 4216
3085 4217
4152 4218
222 4219
3707 4220
2975 4221
2285 4222
1426 4223
2464 4224
3520 4225
3856 4226
51 4227
595 4228
4102 4229
2566 4230
64 4231
1557 4232
1367 4233
2276 4234
976 4235
3999 4236
1890 4237
734 4238
2313 4239
3195 4240
3491 4241
2029 4242
4034 4243
1617 4244
743 4245
2683 4246
507 4247
3862 4248
2444 4249
575 4250
3628 4251
1638 4252
1225 4253
2132 4254
1239 4255
2002 4256
3839 4257
4085 4258
3416 4259
1257 4260
4165 4261
1214 4262
236 4263
2161 4264
2038 4265
3720 4266
2886 4267
2236 4268
2025 4269
2716 4270
1848 4271
1542 4272
4247 4273
3724 4274
1005 4275
1558 4276
2839 4277
3536 4278
535 4279
176 4280
1559 4281
2041 4282
2397 4283
447 4284
366 4285
2412 4286
789 4287
2439 4288
392 4289
1316 4290
1794 4291
833 4292
147 4293
277 4294
949 4295
3150 4296
356 4297
30 4298
2129 4299
2127 4300
4099 4301
4134 4302
3193 4303
1779 4304
4171 4305
1272 4306
1493 4307
2220 4308
4266 4309
3995 4310
1072 4311
2082 4312
417 4313
907 4314
983 4315
4035 4316
1529 4317
1948 4318
4259 4319
1654 4320
1609 4321
472 4322
1118 4323
1413 4324
3745 4325
3058 4326
3152 4327
1697 4328
3764 4329
3452 4330
4068 4331
764 4332
568 4333
278 4334
4133 4335
3254 4336
2076 4337
3794 4338
2523 4339
3454 4340
442 4341
4036 4342
4292 4343
3819 4344
3969 4345
2697 4346
3336 4347
3863 4348
3326 4349
3121 4350
3742 4351
1543 4352
595 4353
777 4354
2731 4355
3727 4356
3413 4357
1073 4358
3332 4359
2634 4360
3333 4361
1120 4362
3742 4363
1313 4364
1189 4365
1754 4366
156 4367
3583 4368
125 4369
12 4370
3209 4371
3431 4372
3996 4373
3389 4374
601 4375
3263 4376
3866 4377
2660 4378
1359 4379
3193 4380
4322 4381
320 4382
3992 4383
32 4384
2546 4385
2476 4386
2827 4387
2804 4388
1779 4389
3444 4390
2313 4391
703 4392
1712 4393
1876 4394
1951 4395
702 4396
697 4397
2968 4398
2463 4399
3270 4400
1951 4401
827 4402
738 4403
1725 4404
3799 4405
1510 4406
1797 4407
541 4408
518 4409
1656 4410
2616 4411
2909 4412
4168 4413
4185 4414
3289 4415
4206 4416
244 4417
1575 4418
1722 4419
2476 4420
1375 4421
1873 4422
3965 4423
648 4424
4201 4425
4043 4426
78 4427
4327 4428
3141 4429
3620 4430
527 4431
4294 4432
1505 4433
1508 4434
2576 4435
2815 4436
1794 4437
222 4438
566 4439
2806 4440
2098 4441
4081 4442
2869 4443
755 4444
2109 4445
4387 4446
3675 4447
2062 4448
3474 4449
4046 4450
4399 4451
1693 4452
3076 4453
2624 4454
1165 4455
1617 4456
3952 4457
4180 4458
2904 4459
1158 4460
2655 4461
814 4462
4058 4463
1216 4464
2474 4465
1356 4466
3251 4467
3982 4468
2052 4469
2882 4470
3263 4471
3180 4472
1250 4473
715 4474
1014 4475
1319 4476
852 4477
4382 4478
2046 4479
3170 4480
1417 4481
2080 4482
1277 4483
3637 4484
4067 4485
1350 4486
1291 4487
1056 4488
3029 4489
2742 4490
398 4491
256 4492
740 4493
1018 4494
1216 4495
744 4496
2600 4497
4207 4498
2432 4499
1648 4500
3410 4501
2296 4502
555 4503
586 4504
379 4505
2194 4506
3053 4507
688 4508
2551 4509
3335 4510
3565 4511
2338 4512
4365 4513
971 4514
982 4515
2233 4516
1281 4517
2766 4518
1105 4519
3385 4520
808 4521
3367 4522
490 4523
4209 4524
2113 4525
2194 4526
3730 4527
1541 4528
2303 4529
1719 4530
1094 4531
2641 4532
3287 4533
599 4534
2263 4535
3850 4536
640 4537
1669 4538
1656 4539
1831 4540
3559 4541
1422 4542
1744 4543
4067 4544
533 4545
861 4546
807 4547
3243 4548
1305 4549
731 4550
2068 4551
3695 4552
2525 4553
348 4554
1418 4555
970 4556
589 4557
253 4558
3036 4559
3227 4560
3395 4561
4341 4562
2795 4563
2433 4564
3445 4565
2095 4566
2986 4567
1670 4568
4268 4569
3513 4570
3511 4571
1781 4572
3818 4573
4030 4574
130 4575
3790 4576
3352 4577
682 4578
3120 4579
4339 4580
3221 4581
2934 4582
3080 4583
594 4584
2442 4585
3588 4586
884 4587
3650 4588
4547 4589
4121 4590
3149 4591
2664 4592
1662 4593
1065 4594
4544 4595
2037 4596
2325 4597
4002 4598
4175 4599
1209 4600
395 4601
3637 4602
3881 4603
828 4604
1323 4605
1853 4606
2953 4607
3003 4608
2081 4609
3884 4610
2147 4611
4165 4612
1031 4613
366 4614
2809 4615
3022 4616
1643 4617
2865 4618
366 4619
2342 4620
3809 4621
2352 4622
362 4623
711 4624
4423 4625
1460 4626
1335 4627
347 4628
1084 4629
1440 4630
3927 4631
2049 4632
3637 4633
2594 4634
3411 4635
3274 4636
2084 4637
1325 4638
4318 4639
2994 4640
401 4641
3826 4642
1238 4643
1657 4644
1278 4645
3371 4646
3809 4647
3375 4648
570 4649
2409 4650
3836 4651
1042 4652
4176 4653
4468 4654
3226 4655
4219 4656
4149 4657
4327 4658
269 4659
2019 4660
3356 4661
3690 4662
4249 4663
618 4664
4539 4665
37 4666
4475 4667
1708 4668
1120 4669
4409 4670
588 4671
310 4672
3788 4673
2497 4674
3419 4675
1636 4676
4654 4677
3647 4678
4498 4679
4120 4680
353 4681
4538 4682
1661 4683
854 4684
727 4685
2596 4686
4489 4687
2729 4688
1564 4689
4233 4690
2156 4691
1721 4692
2354 4693
2397 4694
918 4695
2488 4696
1714 4697
2143 4698
3841 4699
3710 4700
475 4701
299 4702
3242 4703
1416 4704
2497 4705
4194 4706
1446 4707
304 4708
3250 4709
2520 4710
2238 4711
2385 4712
700 4713
4470 4714
1258 4715
4632 4716
4644 4717
2167 4718
145 4719
4331 4720
570 4721
4621 4722
2740 4723
3569 4724
4547 4725
3092 4726
679 4727
4605 4728
1488 4729
2003 4730
2493 4731
1973 4732
391 4733
1454 4734
3322 4735
4637 4736
3369 4737
1119 4738
3093 4739
1224 4740
3478 4741
2483 4742
1911 4743
3024 4744
2215 4745
2437 4746
1033 4747
2739 4748
184 4749
274 4750
542 4751
750 4752
1125 4753
3993 4754
3768 4755
505 4756
4001 4757
4243 4758
97 4759
2947 4760
865 4761
3479 4762
812 4763
4169 4764
3754 4765
2009 4766
1884 4767
386 4768
2161 4769
3594 4770
2399 4771
3909 4772
2928 4773
1802 4774
4311 4775
2589 4776
3183 4777
2101 4778
4524 4779
3355 4780
1205 4781
4650 4782
45 4783
219 4784
1989 4785
4055 4786
3940 4787
933 4788
924 4789
1079 4790
2041 4791
1090 4792
3967 4793
4380 4794
3216 4795
1738 4796
506 4797
380 4798
2058 4799
1537 4800
203 4801
3412 4802
349 4803
77 4804
4231 4805
3617 4806
4736 4807
919 4808
2964 4809
744 4810
2128 4811
1984 4812
3295 4813
3666 4814
4584 4815
483 4816
1244 4817
1980 4818
1608 4819
3344 4820
1552 4821
3590 4822
3326 4823
4283 4824
2534 4825
1193 4826
1283 4827
2159 4828
138 4829
4636 4830
382 4831
4353 4832
80 4833
4698 4834
2854 4835
2929 4836
3503 4837
2294 4838
389 4839
1445 4840
1383 4841
3698 4842
559 4843
3628 4844
4784 4845
2732 4846
1563 4847
2567 4848
83 4849
733 4850
2111 4851
4310 4852
562 4853
4246 4854
3405 4855
4231 4856
2164 4857
2143 4858
3884 4859
1306 4860
845 4861
1457 4862
3512 4863
4127 4864
3174 4865
384 4866
2668 4867
2508 4868
783 4869
2133 4870
2133 4871
1972 4872
1390 4873
4799 4874
3741 4875
3863 4876
3648 4877
2142 4878
581 4879
3712 4880
4628 4881
2877 4882
3229 4883
756 4884
227 4885
4763 4886
2188 4887
915 4888
2519 4889
1136 4890
747 4891
3612 4892
914 4893
4381 4894
4764 4895
372 4896
4770 4897
4351 4898
637 4899
846 4900
1439 4901
175 4902
4792 4903
3276 4904
3060 4905
2885 4906
3677 4907
606 4908
1703 4909
1759 4910
3713 4911
1345 4912
587 4913
3026 4914
959 4915
3961 4916
1876 4917
1362 4918
811 4919
1938 4920
785 4921
4478 4922
1304 4923
2511 4924
2643 4925
402 4926
2478 4927
4019 4928
2997 4929
2233 4930
1463 4931
2068 4932
1445 4933
4743 4934
387 4935
3329 4936
2635 4937
3478 4938
2464 4939
3567 4940
163 4941
195 4942
2135 4943
852 4944
3996 4945
787 4946
2809 4947
3173 4948
552 4949
1234 4950
1639 4951
1944 4952
3078 4953
452 4954
255 4955
1296 4956
1264 4957
3177 4958
4624 4959
1787 4960
303 4961
4285 4962
1211 4963
633 4964
2432 4965
1027 4966
333 4967
2694 4968
4965 4969
2492 4970
1452 4971
4223 4972
2545 4973
1405 4974
2786 4975
3037 4976
4669 4977
1346 4978
3844 4979
4618 4980
1627 4981
3892 4982
3194 4983
1404 4984
625 4985
138 4986
3102 4987
2174 4988
1823 4989
1666 4990
1409 4991
2262 4992
4797 4993
3275 4994
1676 4995
2152 4996
10 4997
762 4998
3926 4999
1554 5000
