100
1 2
2 3
1 4
4 5
3 6
5 7
2 8
3 9
6 10
7 11
1 12
11 13
12 14
8 15
9 16
13 17
15 18
5 19
16 20
8 21
9 22
1 23
16 24
20 25
21 26
23 27
27 28
25 29
6 30
3 31
30 32
18 33
12 34
21 35
20 36
13 37
35 38
16 39
29 40
10 41
28 42
1 43
1 44
7 45
2 46
42 47
34 48
5 49
30 50
10 51
44 52
16 53
21 54
8 55
44 56
31 57
5 58
9 59
4 60
1 61
17 62
22 63
22 64
35 65
37 66
65 67
48 68
56 69
3 70
57 71
23 72
65 73
6 74
41 75
52 76
5 77
40 78
57 79
13 80
8 81
66 82
37 83
76 84
67 85
19 86
55 87
49 88
79 89
23 90
60 91
64 92
6 93
45 94
21 95
79 96
58 97
37 98
70 99
37 100
