1000 705
246
322
741
81
357
85
442
790
700
603
803
254
507
24
853
877
848
698
815
71
565
192
618
194
55
871
459
19
948
809
724
195
483
465
276
193
903
718
983
955
674
139
209
181
515
414
59
363
113
226
434
30
419
53
224
826
276
683
845
225
844
570
772
680
387
48
873
642
118
208
597
792
347
159
974
862
573
385
578
38
611
12
69
382
417
293
209
694
329
406
271
525
328
43
205
716
443
430
710
561
991
660
354
690
819
680
905
744
65
483
783
676
495
204
411
913
497
620
959
178
378
582
704
707
625
261
423
68
44
485
629
35
145
335
725
316
15
630
413
432
113
196
109
961
752
872
226
249
844
537
780
222
119
484
929
744
97
704
164
141
190
145
528
335
481
606
4
496
236
417
929
702
965
390
15
717
614
241
318
458
778
98
680
249
934
610
993
32
314
509
525
504
654
54
192
135
12
548
984
248
965
265
302
930
7
317
999
621
910
317
79
40
416
759
289
350
721
634
734
36
143
260
892
798
666
436
285
678
984
269
278
301
534
581
583
893
250
582
514
161
900
593
201
668
705
491
18
778
125
753
814
621
365
59
419
31
847
704
61
184
326
339
485
212
272
421
106
523
3
620
36
255
566
237
923
623
80
294
401
558
399
568
179
764
979
950
147
826
6
208
10
332
899
848
897
524
269
3
399
624
975
435
232
893
24
507
868
105
801
622
15
200
190
546
316
169
496
463
347
854
23
358
539
275
558
436
799
179
791
198
803
118
985
387
12
9
895
232
466
696
854
481
249
396
27
917
917
875
733
265
730
756
975
269
383
533
705
534
712
848
84
867
966
69
255
330
79
150
563
545
198
769
379
799
166
406
717
83
282
450
348
12
558
675
633
294
208
338
828
272
538
913
492
504
334
747
835
413
249
750
311
799
519
42
599
37
448
668
121
82
470
821
446
28
849
79
322
409
769
151
682
307
416
526
164
750
273
999
516
874
749
179
673
620
221
272
658
21
940
131
456
410
304
902
791
153
334
465
563
103
968
597
763
384
123
927
487
396
278
3
622
379
182
295
999
755
920
9
776
860
492
232
623
797
487
766
302
821
231
865
276
200
462
391
936
585
670
423
333
948
778
955
327
312
603
679
67
523
40
196
735
533
780
710
682
267
476
984
440
60
202
69
612
664
460
548
602
131
324
287
431
102
595
759
767
198
790
834
73
830
30
808
363
811
519
397
430
347
382
223
407
936
292
19
600
104
920
554
235
596
194
667
50
141
778
817
339
568
4
412
398
34
572
114
197
91
511
980
439
245
203
198
181
495
218
134
599
490
40
187
438
234
206
488
375
984
658
66
904
662
830
302
48
403
768
246
846
632
578
637
229
781
836
763
628
406
897
227
896
289
766
686
876
972
174
603
308
184
22
212
846
852
515
895
607
635
493
806
267
71
443
497
852
279
260
832
685
509
411
933
150
178
619
26
150
146
630
811
330
652
23
529
856
890
424
816
526
269
622
145
340
417
642
544
697
254
376
734
115
787
668
266
317
639
292
820
137
274
631
820
926
654
349
135
545
125
951
423
746
925
568
86
342
563
982
391
169
710
126
285
849
146
903
167
137
195
987
275
822
970
447
100
976
148
235
521
273
538
296
19
815
865
457
158
780
791
549
949
501
27
586
350
525
489
869
663
37
208
290
859
178
737
959
155
885
547
28
510
437
325
881
253
542
338
411
674
481
312
623
982
692
210
684
217
51
554
232
88
762
874
947
293
611
259
448
848
158
828
710
595
505
943
848
399
281
611
73
762
924
49
96
968
611
781
185
662
687
770
103
449
644
50
94
608
661
894
808
819
723
519
415
228
462
263
980
96
227
53
210
151
454
307
119
65
440
656
80
127
426
183
928
423
585
23
31
247
917
839
418
992
358
833
573
173
449
553
621
676
958
831
179
413
490
650
478
282
658
558
409
437
741
690
860
327
65
891
926
334
730
344
327
441
530
900
966
331
805
587
359
763
770
538
176
261
540
7
895
198
565
657
635
659
347
847
338
764
738
264
98
821
960
777
614
490
29
932
173
834
519
532
598
641
70
126
254
962
133
150
161
51
807
148
710
506
996
400
270
86
16
720
259
976
498
225
819
527
509
992
714
380
525
312
22
947
438
276
910
924
778
423
975
585
571
685
443
919
437
65
358
453
786
969
781
636
195
952
515
704
945
229
85
822
541
459
769
332
735
31
256
514
454
583
451
26
620
247
297
57
312
655
862
98
625
643
86
172
596
602
228
893
