1000 279
750
460
535
885
906
302
400
674
417
168
315
536
813
796
809
851
347
590
73
296
585
805
431
22
500
32
794
632
445
279
911
196
739
799
433
998
453
833
672
222
353
988
111
519
136
920
370
483
862
795
779
447
601
562
469
101
595
616
733
392
895
997
940
986
148
373
984
601
558
9
824
264
997
935
783
133
207
505
617
421
301
748
868
902
663
689
355
258
305
440
650
552
789
943
891
937
316
227
891
227
236
67
843
233
354
978
719
913
483
688
334
136
436
202
390
99
243
745
709
901
538
712
805
327
655
696
617
323
276
860
902
512
279
97
98
633
75
169
546
911
857
880
47
293
434
438
745
29
535
806
930
73
870
736
753
525
784
370
201
412
582
455
277
861
553
375
846
628
544
392
539
401
624
587
46
410
377
143
439
912
950
722
986
820
810
739
698
946
461
251
359
395
706
636
256
259
363
102
240
907
846
779
660
822
718
58
232
447
202
23
360
504
745
346
676
555
437
726
854
250
977
213
645
36
849
901
647
212
355
887
471
201
19
483
23
89
541
607
537
95
630
897
951
728
595
628
635
384
354
489
634
684
702
631
72
903
884
719
115
239
607
938
792
978
421
815
67
963
774
956
410
404
853
362
132
800
342
768
536
696
257
522
732
312
153
804
215
37
524
683
276
483
621
420
461
43
235
880
358
9
837
120
766
42
482
898
195
824
18
731
873
628
254
957
940
407
114
507
797
990
190
425
473
164
846
286
207
81
518
917
443
355
37
561
750
872
811
945
48
830
676
921
810
282
231
102
690
345
609
839
335
152
264
808
316
110
446
875
544
316
144
339
24
181
900
774
405
711
719
454
893
747
727
703
30
958
805
72
303
767
911
638
919
527
798
235
638
596
462
182
913
606
521
937
139
421
711
545
484
782
351
378
881
78
81
911
37
239
335
340
6
598
331
925
126
129
512
764
726
974
298
639
932
819
576
71
592
639
968
76
421
319
454
302
750
888
566
787
127
253
479
485
204
162
762
330
292
274
446
370
600
744
361
884
915
937
955
859
928
276
935
701
947
742
3
697
630
921
836
109
527
316
946
731
478
708
413
122
334
211
492
286
307
853
170
222
142
477
81
422
753
368
123
701
462
127
398
92
400
235
553
279
903
499
10
733
207
775
856
893
986
700
179
293
906
349
867
400
827
300
823
932
669
946
985
131
425
736
576
178
323
481
457
226
333
820
311
892
595
519
786
582
572
965
227
478
315
95
878
494
747
701
778
416
0
764
900
425
500
828
603
823
661
61
401
994
881
64
887
828
584
673
762
156
990
990
634
305
437
864
151
184
918
930
953
918
46
205
695
546
385
299
721
46
712
122
41
945
538
280
773
122
305
888
278
295
230
264
953
19
481
104
203
399
386
508
669
432
713
364
978
98
15
51
497
79
525
538
24
64
170
150
186
475
38
817
770
620
433
723
639
914
180
194
665
566
703
686
999
768
403
329
219
770
733
716
850
258
606
874
322
776
24
861
603
414
30
373
34
463
449
25
730
629
220
747
195
923
786
546
43
189
228
262
959
961
330
809
219
936
36
894
64
412
755
667
827
785
393
213
600
842
239
682
471
459
430
18
734
216
565
777
757
145
392
716
106
722
878
325
659
914
219
75
326
326
743
505
463
488
719
416
330
310
98
153
769
880
171
855
96
88
984
205
233
376
922
691
99
152
17
110
66
588
185
392
267
928
898
730
416
969
146
98
279
245
251
400
125
775
607
574
215
591
779
801
968
53
492
419
205
861
529
271
450
714
16
717
995
266
447
763
235
946
862
866
543
465
618
20
592
225
594
808
816
726
961
136
779
453
555
337
315
84
608
117
799
976
834
146
242
633
909
829
931
123
47
474
589
17
495
533
242
441
693
411
167
654
547
299
460
455
636
127
539
596
244
690
573
430
836
167
63
98
349
995
221
748
821
162
766
316
48
360
758
741
771
277
748
671
576
208
126
564
335
17
161
931
60
86
361
248
605
776
346
954
123
920
55
945
82
821
613
482
181
371
224
305
1
972
976
577
532
454
142
219
823
655
150
883
741
511
132
346
639
830
653
763
750
708
708
185
881
321
667
414
45
891
71
46
215
47
975
99
853
469
670
677
124
820
560
217
683
44
564
323
875
569
438
625
277
146
810
510
819
830
924
864
73
996
262
641
395
238
740
601
59
411
278
536
583
190
753
619
235
669
294
110
238
732
87
515
230
250
377
49
80
302
914
153
650
176
794
397
766
887
998
826
650
276
