1000 1000
804 28181
847 7740
898 12426
327 12825
558 7187
562 28083
210 25494
605 7752
406 23144
225 12005
494 10779
129 11481
979 6807
485 28777
695 8300
863 15813
219 9575
692 29243
803 16228
716 4523
501 18786
861 18491
765 4829
989 13387
941 6488
735 3244
251 57
897 30476
267 15065
403 8885
847 7388
202 31608
692 17598
85 2275
711 5295
936 19899
440 11681
647 15270
638 8351
221 3879
274 19040
575 10191
760 3356
418 12466
292 23710
748 11545
809 20635
137 15734
32 12610
4 12445
311 12820
345 13616
72 20214
408 16219
499 32644
269 30402
718 13481
470 16568
940 21612
229 15026
869 10253
911 14587
405 28753
732 7593
590 5146
463 7119
450 7482
192 15092
403 30601
440 11972
950 9782
525 22278
433 25434
959 31694
568 24019
522 6644
430 2383
789 21444
545 13479
402 23031
495 23151
215 24803
904 24523
77 30190
524 13699
775 18760
519 3930
196 16346
49 9628
473 24953
883 13559
73 30560
719 12427
14 28381
375 23108
685 21578
721 13672
212 31295
610 1900
487 8454
296 23308
412 12879
196 14747
380 25893
584 3735
787 24097
589 27008
545 8158
489 4586
490 24492
198 8658
467 4745
22 6702
446 17997
966 9671
728 6948
665 32331
88 28993
367 10142
59 7889
61 30066
574 16942
247 3863
723 1110
570 26004
89 24475
15 20470
293 16028
229 16872
645 1907
535 20612
294 26416
350 31081
811 29063
879 24590
34 26821
584 30038
82 16904
415 15716
208 14768
645 10160
650 3089
985 11610
59 9834
183 10687
968 25627
802 8523
498 11282
919 27278
325 647
973 28049
760 25321
802 28010
759 30232
47 4110
558 30932
95 6247
54 26230
196 1702
476 15325
339 4827
920 26284
953 13762
772 13491
181 13280
110 22442
584 24271
815 20773
906 215
789 23236
23 9918
845 7850
226 15328
149 21553
433 11394
218 5340
393 611
669 32142
99 12180
667 28665
791 31626
613 2136
576 18034
357 7009
401 5828
859 20597
918 9499
103 11291
45 23108
519 7852
174 29588
235 27472
426 16767
887 31528
512 13415
625 28877
486 11186
324 4090
277 15135
972 19845
101 23130
162 7060
236 13006
178 17933
177 32698
20 29518
525 13447
672 7455
989 23897
518 5604
393 28132
436 28184
240 29313
697 19958
872 22400
290 6009
136 15040
626 25735
873 31614
272 13673
21 31851
939 25471
54 19457
721 11314
482 10006
473 26665
405 2482
13 17088
647 16926
157 1462
312 14909
599 19749
410 27423
147 14264
726 11988
775 26392
825 25726
374 25767
24 6826
230 15985
617 13281
169 28768
372 14713
620 28079
539 20657
167 24224
638 1534
77 26226
905 25247
125 1421
314 119
359 27649
77 4124
387 20526
859 1324
166 7620
883 23776
758 4335
279 13027
409 4555
362 6244
393 25630
888 24938
946 32582
919 23655
999 8816
853 10257
122 30987
114 7021
779 25469
911 29740
851 14356
847 16187
128 4159
573 12182
651 30206
342 22365
537 1431
264 30505
624 22411
755 22432
107 18120
256 24903
510 26400
815 26264
85 16378
229 21589
723 8007
853 15387
671 6328
862 27962
204 1326
14 4036
736 5747
126 30180
109 21287
566 6001
127 3837
825 27587
557 13095
605 5574
115 27406
252 5708
111 2375
862 30888
515 14530
915 11640
578 20037
459 1986
398 19993
296 4163
522 31236
815 8963
172 31607
331 2861
485 32263
754 4382
107 20001
884 11964
927 20474
537 24073
291 25286
499 13816
638 1066
68 18815
203 18419
992 31981
334 30728
974 17790
89 28829
699 1836
799 3242
776 1225
879 13980
190 5707
970 29002
463 6503
600 27946
470 20577
600 32197
545 8994
263 872
893 30347
907 7453
364 3593
768 14041
323 11113
194 18423
31 24814
677 21989
697 18849
394 3870
926 7145
314 4696
684 19035
567 13822
138 9939
729 25568
72 15300
951 23850
79 20428
295 31378
450 18316
952 15574
421 22966
253 16742
93 18791
469 28509
832 6840
505 28854
622 30096
765 19389
640 10940
490 12483
64 3905
67 20502
298 8688
31 19505
97 12092
935 7215
396 26441
97 29318
458 6725
124 31729
861 3835
52 2734
763 10149
768 490
922 18690
402 5498
333 14249
207 12747
738 24477
536 8220
903 14881
200 15082
484 17870
735 18092
105 17634
103 17089
539 13787
501 18087
212 14917
505 16237
169 24528
57 8555
504 32677
443 25136
665 10234
642 20156
204 17380
851 4592
755 30061
361 32578
505 21991
37 30133
868 4224
434 28425
999 2838
328 3886
572 4428
855 18431
896 13789
967 25901
886 24112
685 5241
496 11309
648 15911
59 14928
973 16815
827 24059
680 27317
231 25617
940 12859
390 31680
405 8214
403 17310
859 24734
221 11512
322 25258
825 10598
736 4540
508 22179
471 120
91 7324
772 5979
862 29127
134 7081
557 14774
307 8871
505 29164
791 17675
14 8431
407 9905
191 15263
709 9871
147 29893
68 19179
591 10991
783 15819
324 26748
229 28078
170 10739
392 9849
13 24217
326 14004
695 22338
127 29942
766 5991
105 14750
143 15481
376 8388
827 28533
761 10352
793 5305
937 32521
309 11798
554 5648
167 8998
798 19726
151 25567
831 18634
240 6505
246 19136
634 22829
994 7375
340 3631
763 25906
689 3229
95 30385
859 936
173 28952
606 16786
689 17897
966 32264
816 30030
531 7859
84 5969
580 10762
257 1359
66 23658
153 14250
278 4968
894 11199
334 870
86 26136
692 27492
547 25826
391 15129
547 5793
374 24386
29 10530
26 10299
854 17585
84 32460
931 1933
895 23365
400 21913
310 13005
912 20564
137 20215
789 2827
892 17302
771 20302
617 30419
80 1440
896 28540
911 5746
587 23967
413 22355
815 4440
691 22625
191 21479
285 9731
787 22277
546 21210
90 11897
694 24052
988 2022
444 18755
11 5351
440 29774
658 23389
748 3879
711 24584
305 14749
997 24405
8 8882
645 2167
329 15440
454 28345
716 22327
194 9491
559 15162
667 14331
215 4011
149 31101
818 10260
22 21390
253 2343
900 5278
737 14840
86 27244
11 13674
718 32542
324 4071
213 27793
390 9557
528 31214
649 25413
545 22398
157 877
152 19647
840 19032
740 3255
954 7772
276 9352
494 2765
627 14405
948 880
652 516
798 31794
970 18228
424 10522
948 14385
195 31357
470 28182
923 10609
915 31443
168 26755
794 16255
34 3245
735 31983
793 17026
931 21127
651 9132
766 8016
783 16536
716 31051
561 29296
390 12037
703 2378
915 1900
828 10911
183 13281
435 29694
26 10382
31 13825
483 20218
120 23425
935 18138
376 20742
461 10539
510 129
212 381
899 13630
335 29074
875 31764
47 13095
767 21471
242 27666
777 16944
507 2189
831 8258
42 4050
467 13360
38 9960
426 27238
912 13756
20 17237
841 25203
652 18796
342 22271
688 9027
963 1264
523 5657
158 23437
833 3200
238 9252
979 30039
708 30878
260 3833
800 2134
298 29364
839 7980
17 29821
915 8917
621 10977
980 31349
622 13119
686 5231
465 1589
74 32379
677 28760
610 17402
603 808
623 1671
497 4675
709 1231
768 4312
810 930
13 25439
211 19786
29 31111
663 15131
589 17520
704 32075
849 23835
679 5380
955 28447
247 13496
718 15261
709 31413
611 18549
182 14841
572 4026
634 17735
488 17252
896 28794
454 31045
585 15386
77 21311
129 24365
587 30643
972 9039
748 28220
933 18181
926 13470
661 23119
538 8185
98 18812
726 24131
734 2626
657 11252
370 7950
286 4611
250 25753
5 16402
306 23996
870 22246
265 29061
408 14105
845 20362
481 10259
560 28285
718 27446
962 22785
205 3929
310 15548
473 6264
657 28590
111 20393
472 24513
566 20306
202 8353
852 8090
647 3021
23 30493
390 9967
992 29668
725 17513
327 24724
508 4656
499 23013
875 2781
161 26710
246 32001
559 25120
613 7353
921 10600
249 21379
731 6840
284 16976
416 16304
137 10715
419 6649
788 11576
276 6779
634 8880
822 6352
484 26316
142 24312
16 26032
454 7502
113 20138
731 23226
576 9739
364 13609
659 10550
148 1594
813 14582
378 16442
229 15893
751 5971
628 15402
903 19200
505 1714
651 9156
847 19554
670 31004
418 27836
399 21426
470 19425
959 32723
25 6310
284 9251
610 14569
300 12432
769 20518
134 14724
776 5189
661 4959
387 25782
583 16932
476 22464
965 4466
594 12822
596 26807
379 31916
76 12192
720 11464
621 22228
880 4700
43 22753
975 147
314 18294
992 25770
602 14548
817 16129
873 10623
102 12914
757 9785
945 7649
961 21040
448 29716
698 7543
855 17861
234 16307
904 12790
509 19223
960 12421
450 27538
651 27392
348 9798
99 6074
426 11581
85 2847
508 6999
389 29508
103 11399
516 29123
858 17983
390 1989
626 25641
657 2144
795 15640
146 1316
904 13374
290 26864
413 27295
314 13578
186 1221
18 5231
875 30902
88 14696
670 30755
351 14686
476 19170
294 23279
340 11679
507 2626
813 2254
271 26519
306 5091
372 9250
891 14534
620 8473
761 19329
116 1292
329 27196
817 15221
510 6508
114 4752
896 28743
614 27500
889 27003
823 12354
362 11295
79 1287
25 24810
289 26173
766 26531
188 10766
566 216
523 6043
464 16339
361 2194
510 22730
427 18686
974 8022
942 10596
57 18726
828 30475
596 18677
160 20123
397 21945
898 31978
144 29214
31 25106
987 2098
616 2759
990 28002
351 29671
991 25253
845 11347
525 25847
719 18686
596 25097
210 24387
785 9527
652 31100
798 4282
445 14800
247 30495
711 8012
910 10487
162 8501
44 2769
427 5277
82 18277
77 4149
951 29202
856 16994
994 11659
585 28051
858 10957
771 32465
35 5204
109 29336
885 14734
99 31717
424 3728
89 8592
274 21512
77 17884
341 31602
533 19533
2 7055
649 20921
10 2323
498 10914
559 26526
971 7107
726 18158
527 233
520 8275
75 22020
425 18531
558 22142
288 10478
566 9931
368 22325
316 15426
551 23126
635 30507
605 13835
188 8985
751 3476
326 20858
685 29426
501 17004
200 13910
136 20434
9 18905
119 3751
510 3437
701 6803
965 5908
922 16316
126 19280
965 30431
11 23002
520 26527
956 29334
683 25885
465 18119
990 6344
631 10880
553 20343
7 27227
23 7349
251 10604
906 18523
202 23416
544 14949
70 12131
567 22782
196 32232
589 3293
44 4237
971 24532
122 21717
418 27046
868 20407
143 32538
756 25935
675 22349
176 18644
78 6988
889 10442
301 5090
385 27512
145 27055
632 3997
187 11130
472 1375
125 3785
984 4996
602 7854
550 7396
800 19683
864 23070
181 6425
837 23435
728 17038
568 26480
10 14302
653 2168
252 14619
990 24673
962 24607
352 4853
929 801
578 23868
589 9607
742 11504
966 27387
139 19505
340 16577
138 30074
