1000
0 1
1 2
2 3
1 4
3 5
3 6
2 7
7 8
6 9
2 10
5 11
11 12
6 13
3 14
11 15
10 16
7 17
11 18
12 19
12 20
20 21
18 22
1 23
12 24
17 25
24 26
8 27
22 28
25 29
14 30
27 31
29 32
4 33
14 34
14 35
20 36
12 37
14 38
28 39
34 40
1 41
33 42
21 43
29 44
9 45
6 46
39 47
1 48
16 49
14 50
4 51
39 52
36 53
3 54
16 55
19 56
22 57
4 58
46 59
19 60
5 61
56 62
41 63
23 64
12 65
55 66
3 67
35 68
17 69
46 70
39 71
51 72
65 73
25 74
63 75
24 76
26 77
51 78
9 79
26 80
16 81
6 82
49 83
5 84
58 85
62 86
9 87
22 88
48 89
69 90
7 91
4 92
39 93
75 94
50 95
19 96
3 97
89 98
19 99
71 100
25 101
52 102
79 103
10 104
91 105
37 106
6 107
106 108
60 109
48 110
54 111
48 112
8 113
36 114
102 115
107 116
51 117
14 118
112 119
55 120
36 121
2 122
2 123
38 124
41 125
41 126
116 127
44 128
33 129
7 130
120 131
29 132
86 133
21 134
53 135
21 136
17 137
80 138
8 139
49 140
120 141
68 142
97 143
69 144
47 145
24 146
135 147
85 148
23 149
23 150
39 151
35 152
118 153
22 154
50 155
16 156
140 157
69 158
39 159
94 160
23 161
12 162
132 163
118 164
164 165
143 166
32 167
92 168
34 169
87 170
97 171
151 172
74 173
69 174
168 175
64 176
169 177
21 178
95 179
27 180
35 181
118 182
52 183
152 184
169 185
167 186
169 187
36 188
168 189
121 190
3 191
53 192
74 193
79 194
99 195
187 196
37 197
185 198
122 199
56 200
96 201
41 202
141 203
29 204
44 205
63 206
194 207
141 208
22 209
6 210
18 211
27 212
25 213
155 214
178 215
61 216
130 217
42 218
218 219
96 220
149 221
42 222
143 223
69 224
200 225
116 226
71 227
212 228
216 229
49 230
202 231
139 232
71 233
106 234
221 235
172 236
157 237
98 238
116 239
64 240
39 241
184 242
100 243
110 244
130 245
241 246
169 247
18 248
173 249
61 250
234 251
28 252
237 253
198 254
90 255
254 256
65 257
249 258
236 259
129 260
149 261
223 262
1 263
9 264
37 265
107 266
196 267
186 268
49 269
13 270
69 271
185 272
10 273
93 274
263 275
10 276
35 277
100 278
1 279
122 280
168 281
96 282
268 283
103 284
124 285
163 286
69 287
74 288
151 289
18 290
53 291
179 292
230 293
26 294
140 295
108 296
137 297
235 298
198 299
279 300
279 301
120 302
241 303
139 304
278 305
156 306
71 307
145 308
93 309
288 310
267 311
200 312
91 313
104 314
265 315
135 316
110 317
66 318
114 319
232 320
72 321
244 322
255 323
202 324
267 325
266 326
321 327
258 328
281 329
48 330
127 331
229 332
258 333
216 334
278 335
283 336
55 337
270 338
33 339
136 340
5 341
48 342
123 343
224 344
197 345
190 346
31 347
255 348
203 349
217 350
290 351
259 352
195 353
145 354
14 355
266 356
213 357
82 358
320 359
173 360
340 361
348 362
180 363
338 364
297 365
170 366
212 367
363 368
213 369
69 370
301 371
301 372
368 373
216 374
100 375
239 376
343 377
355 378
296 379
1 380
377 381
112 382
279 383
174 384
222 385
216 386
5 387
66 388
92 389
267 390
379 391
116 392
266 393
110 394
219 395
157 396
307 397
290 398
119 399
316 400
96 401
126 402
94 403
96 404
51 405
197 406
229 407
68 408
261 409
373 410
364 411
337 412
31 413
68 414
236 415
113 416
27 417
352 418
396 419
168 420
354 421
29 422
106 423
313 424
336 425
235 426
3 427
146 428
57 429
7 430
20 431
384 432
48 433
354 434
414 435
409 436
331 437
420 438
211 439
213 440
356 441
401 442
379 443
216 444
152 445
19 446
230 447
379 448
181 449
165 450
163 451
156 452
390 453
448 454
107 455
305 456
157 457
123 458
83 459
418 460
233 461
411 462
279 463
395 464
445 465
268 466
370 467
48 468
7 469
467 470
377 471
174 472
154 473
269 474
302 475
454 476
74 477
82 478
349 479
182 480
449 481
143 482
192 483
477 484
297 485
386 486
239 487
428 488
2 489
446 490
301 491
81 492
264 493
128 494
184 495
282 496
201 497
479 498
303 499
466 500
161 501
392 502
279 503
424 504
183 505
419 506
68 507
158 508
270 509
482 510
103 511
357 512
425 513
166 514
189 515
331 516
179 517
18 518
102 519
172 520
271 521
369 522
333 523
82 524
298 525
167 526
452 527
424 528
244 529
6 530
468 531
227 532
408 533
389 534
381 535
528 536
409 537
250 538
185 539
253 540
267 541
27 542
50 543
465 544
27 545
363 546
390 547
421 548
118 549
246 550
385 551
409 552
477 553
102 554
125 555
72 556
264 557
280 558
432 559
353 560
308 561
99 562
194 563
352 564
95 565
271 566
383 567
340 568
169 569
164 570
569 571
34 572
291 573
400 574
555 575
69 576
100 577
329 578
103 579
17 580
556 581
372 582
365 583
38 584
134 585
518 586
279 587
314 588
415 589
507 590
126 591
107 592
567 593
485 594
153 595
292 596
334 597
50 598
377 599
491 600
142 601
302 602
58 603
564 604
195 605
271 606
99 607
464 608
386 609
288 610
415 611
71 612
121 613
506 614
261 615
243 616
201 617
308 618
33 619
443 620
352 621
618 622
544 623
278 624
116 625
316 626
53 627
500 628
218 629
63 630
50 631
89 632
68 633
535 634
240 635
414 636
44 637
145 638
547 639
224 640
292 641
343 642
536 643
385 644
77 645
577 646
176 647
361 648
502 649
622 650
486 651
158 652
379 653
229 654
102 655
433 656
435 657
464 658
381 659
242 660
572 661
157 662
358 663
298 664
187 665
261 666
115 667
461 668
394 669
470 670
171 671
285 672
355 673
95 674
526 675
540 676
203 677
191 678
416 679
638 680
16 681
521 682
515 683
210 684
417 685
40 686
409 687
424 688
254 689
154 690
609 691
316 692
560 693
82 694
681 695
217 696
526 697
53 698
37 699
607 700
280 701
180 702
294 703
466 704
259 705
524 706
694 707
533 708
289 709
583 710
507 711
674 712
102 713
254 714
653 715
33 716
676 717
383 718
273 719
185 720
256 721
570 722
147 723
546 724
618 725
267 726
704 727
29 728
364 729
519 730
207 731
379 732
367 733
93 734
643 735
178 736
229 737
378 738
328 739
402 740
307 741
656 742
597 743
1 744
626 745
636 746
647 747
284 748
461 749
297 750
1 751
209 752
465 753
619 754
396 755
19 756
590 757
83 758
207 759
560 760
460 761
306 762
70 763
550 764
754 765
434 766
158 767
262 768
538 769
676 770
527 771
409 772
20 773
760 774
625 775
106 776
24 777
502 778
123 779
254 780
774 781
61 782
40 783
715 784
429 785
119 786
660 787
112 788
440 789
686 790
310 791
37 792
445 793
350 794
421 795
430 796
259 797
524 798
249 799
279 800
775 801
83 802
377 803
793 804
198 805
435 806
405 807
596 808
4 809
46 810
581 811
810 812
796 813
361 814
793 815
575 816
149 817
604 818
78 819
602 820
517 821
453 822
442 823
466 824
150 825
450 826
115 827
675 828
207 829
628 830
814 831
165 832
464 833
429 834
770 835
758 836
642 837
409 838
204 839
831 840
816 841
207 842
141 843
629 844
304 845
498 846
319 847
243 848
386 849
784 850
7 851
458 852
754 853
647 854
849 855
844 856
623 857
758 858
241 859
561 860
841 861
405 862
104 863
370 864
617 865
365 866
756 867
32 868
563 869
719 870
831 871
702 872
215 873
216 874
197 875
459 876
780 877
673 878
678 879
292 880
639 881
810 882
10 883
388 884
618 885
146 886
437 887
64 888
615 889
241 890
766 891
188 892
797 893
406 894
31 895
213 896
108 897
231 898
464 899
332 900
446 901
641 902
627 903
195 904
282 905
506 906
701 907
633 908
829 909
818 910
699 911
363 912
242 913
669 914
3 915
717 916
688 917
142 918
626 919
624 920
290 921
705 922
351 923
138 924
815 925
493 926
558 927
461 928
611 929
330 930
674 931
598 932
659 933
251 934
639 935
99 936
514 937
152 938
709 939
320 940
281 941
528 942
161 943
417 944
98 945
307 946
850 947
154 948
918 949
218 950
252 951
556 952
83 953
468 954
375 955
526 956
838 957
603 958
551 959
798 960
253 961
258 962
136 963
907 964
222 965
669 966
304 967
309 968
159 969
352 970
827 971
862 972
719 973
508 974
14 975
975 976
90 977
352 978
397 979
157 980
439 981
132 982
934 983
978 984
625 985
643 986
469 987
270 988
96 989
62 990
494 991
305 992
947 993
958 994
368 995
556 996
207 997
70 998
349 999
183 1000
