100
0 1
1 2
1 3
3 4
1 5
2 6
1 7
4 8
8 9
9 10
5 11
7 12
9 13
3 14
10 15
9 16
9 17
11 18
13 19
11 20
5 21
17 22
22 23
4 24
11 25
12 26
6 27
8 28
27 29
28 30
13 31
19 32
12 33
3 34
2 35
21 36
8 37
10 38
13 39
39 40
27 41
40 42
37 43
21 44
39 45
33 46
31 47
40 48
21 49
39 50
48 51
6 52
20 53
21 54
51 55
45 56
36 57
5 58
51 59
28 60
17 61
57 62
44 63
39 64
14 65
1 66
6 67
12 68
61 69
49 70
13 71
46 72
26 73
7 74
12 75
74 76
48 77
65 78
18 79
13 80
74 81
42 82
66 83
5 84
56 85
12 86
79 87
55 88
84 89
15 90
75 91
32 92
59 93
34 94
36 95
6 96
88 97
46 98
45 99
96 100
