46
404564588 456094732 493123152 915017734 535374932 676402709 629222161 352007510 725507336 937262067 116699680 57105463 621749874 241481033 285955986 847500284 800427287 609178693 317046024 573523283 83946405 378459394 874340961 555219743 596882327 683166519 359561594 471564742 47236547 696269258 30997705 167649964 204532962 672709360 221802360 65661268 135165255 724007088 281904903 172769607 171656578 896214531 
817103774 912887475 610587406 617457298 782166123 896038695 94774132 630019390 211953920 300198283 717604156 776582979 196145835 711782895 882167983 950291594 30557293 227241405 233207352 256067750 849895996 733221641 864168526 514325272 435460165 649745406 601405981 526896339 616637399 910452947 399542239 846415577 501023791 59030777 542958648 369307090 872076437 40317261 554839796 350590699 
72638228 198466171 159161485 833851514 60954490 107821662 484686871 384334251 918703762 702170890 222053081 307880266 487792853 880467527 665906468 442264038 927071731 613697222 720726213 880538085 658837249 871207696 966847401 225222854 905444781 693354215 113304604 294546991 921982977 129694068 781423619 732403952 743476802 800739241 597978561 386177268 440664663 750076574 
552697732 316134178 521075513 269027726 655923348 276021178 502291228 542521319 53572074 201549569 773096105 825035203 613332847 331852080 416113524 835117275 627826300 128723938 212063935 426899210 942785470 602679199 320493409 511429615 544130548 616593391 594841901 306734430 940223501 33441477 423758258 897034000 529815990 948587973 651384481 521019448 
310458819 355387782 95701608 417087445 967438789 883941645 301921962 354588986 863763162 350528132 45057090 129075619 412443286 34335035 611541371 905509582 310608347 796030702 486709479 914057201 717240169 989299361 251029611 111544377 104506987 347807936 141164800 57024256 118359773 632837364 463774893 490138178 902766691 465102979 
530798940 891723032 254754747 45375932 756349425 624196246 229342772 641338455 139559885 905757715 69090306 468607831 199800679 983322579 358555650 243059782 821021467 256756915 897512127 146250243 573160397 543052892 988206154 961688434 713293649 785605230 572529888 78192957 475509709 8590620 655942274 631898535 
611488097 447834421 289791531 942524800 669496158 26107870 325672740 343712892 552839217 969623354 218052522 842747468 753208493 55450848 486883731 910056532 218005827 272450871 146996373 665599608 600221677 660417916 172381031 143374176 558166031 19146038 852879467 316368379 209662729 315463811 
276950263 636602448 387256985 372138507 566418665 518045761 776843746 284675978 941602726 677048578 855648861 136991697 246672793 681007924 291136223 183746907 882117811 930373059 59582524 469416638 223776555 968099458 870384538 249911891 463065404 243368467 453558871 703717415 
999289508 143807903 697089602 551191821 152661331 727978752 755141810 89333191 177135979 392092684 26642791 239477419 270839216 534671903 73501599 49760201 989899531 806899347 314656649 328356837 625697141 865267450 179686564 396722087 157832239 630989604 
288664866 765186741 30689557 24541337 598921103 94717473 388660878 273302363 242743929 793982160 40485473 671902389 837208542 373130860 635383482 260503445 769443025 620228782 376858706 492866360 600368637 510167899 524969428 949661346 
472574467 30591793 745442981 554735057 167280512 604497869 659714651 748711366 792282553 985681977 996403669 963191790 634785902 704340517 666989839 266096632 250819854 752528059 656174319 272641171 62291924 768546969 
97513124 887137415 596158965 179004922 953650749 720096529 981232662 779381099 902899017 550986471 169251241 260729084 3925066 368256528 441218210 997758271 930860884 553662606 918015999 73076320 
114975229 922180689 396971757 642621751 931493043 114886722 823913122 571844527 209773533 643937998 875816879 693079906 683145362 903138514 360782157 943907312 778374702 481049400 
346970805 70716599 360089669 92870166 337088191 51322599 138221934 674003575 681738221 943469746 138556753 717739416 685262422 545734920 543642696 211493522 
210921297 353278181 412489027 550786250 970894083 51582075 384886944 203671549 989720321 523164447 448191598 445887690 858444063 210576888 
626496924 156931491 591878937 432007841 349965174 925819115 411219356 19224182 404943150 502414430 651989905 873254120 
734538644 243668033 133752678 134107027 362745957 795841525 532127765 569834602 585606345 539651745 
810394603 419030014 278680619 489546832 61352793 90174768 362166808 640927248 
366253621 345891404 693367235 11631334 617577225 22447452 
655251983 637525730 900552088 504161339 
675984797 751512697 
























