1000
1
1
1
1
4
1
3
1
8
3
4
6
1
13
6
3
13
17
10
9
18
8
2
4
23
11
5
19
23
13
27
11
25
18
34
5
8
14
20
31
35
24
22
5
37
19
40
28
7
40
17
20
6
8
41
44
39
23
21
7
29
38
30
28
48
36
20
24
49
67
7
11
27
14
43
44
20
49
16
30
62
50
41
39
33
28
36
86
40
2
87
61
38
28
54
88
26
59
79
73
84
54
88
68
64
37
28
57
21
103
27
79
77
6
95
75
6
56
42
1
52
73
106
70
61
117
20
72
69
17
106
34
61
122
27
131
107
52
5
124
114
133
69
103
101
143
12
147
139
16
140
54
122
8
54
54
57
53
136
83
85
100
152
139
50
65
5
23
142
29
133
22
172
115
35
15
65
91
122
64
81
24
177
60
62
47
163
36
74
54
143
98
138
137
2
134
119
63
177
129
65
66
203
182
67
167
27
191
198
197
31
61
154
198
24
60
213
190
100
113
155
150
173
124
3
50
31
4
42
155
42
201
38
147
214
61
47
134
13
190
26
207
217
143
123
115
44
157
223
73
88
216
239
129
95
170
180
61
252
31
117
187
259
14
51
139
18
143
128
199
256
53
123
49
142
114
95
90
195
80
19
262
110
278
251
199
73
180
3
76
274
235
237
242
173
225
281
268
146
263
51
170
75
155
154
55
206
173
306
309
175
277
240
286
258
255
212
233
236
161
229
211
159
116
175
227
96
57
300
113
3
314
276
200
296
233
219
125
314
301
154
299
322
187
184
267
73
210
332
117
301
153
158
198
148
197
223
42
163
327
188
85
10
239
268
245
260
343
269
295
237
341
6
96
23
290
156
103
178
47
245
203
219
198
255
297
258
258
89
282
217
90
150
294
393
295
178
173
203
28
326
267
349
186
333
344
198
11
237
74
91
96
43
159
268
174
119
414
160
48
301
300
309
379
228
339
253
322
368
116
269
208
58
47
229
287
324
393
328
102
213
369
107
318
210
287
175
217
236
96
421
199
281
429
199
273
227
123
186
219
269
112
93
316
405
48
14
85
397
81
367
402
106
241
104
456
243
37
258
240
121
227
232
390
307
232
80
350
445
103
322
358
72
25
446
328
57
6
350
127
414
60
370
224
430
211
230
476
495
163
205
154
512
490
132
462
443
123
432
95
29
132
229
136
427
262
285
507
346
95
290
454
368
493
515
288
337
516
105
170
77
200
488
64
118
118
381
370
109
319
188
398
353
210
196
89
446
173
43
430
30
499
206
154
95
154
293
449
147
376
212
451
17
234
93
138
284
551
367
311
424
190
218
291
539
470
328
264
185
165
245
505
58
58
126
558
59
302
292
259
550
304
378
586
510
445
600
255
71
129
350
192
279
96
355
13
431
594
44
446
386
569
176
35
399
482
97
539
98
154
406
7
215
198
557
585
572
77
120
552
380
493
447
466
321
225
201
45
475
526
383
595
337
221
451
644
450
211
628
660
343
596
64
5
596
328
360
589
54
192
631
268
220
338
248
609
142
121
111
91
322
660
663
534
176
579
320
453
312
374
48
270
42
388
480
508
514
150
148
581
8
410
259
180
124
46
636
552
685
392
466
590
638
6
515
531
285
371
42
494
153
111
464
64
182
673
675
677
26
324
459
426
261
317
660
392
446
658
199
368
237
300
163
14
154
730
594
27
288
623
35
630
228
245
14
563
62
90
668
695
332
668
420
579
119
477
197
367
137
682
447
384
600
515
196
540
20
232
308
22
312
616
282
470
8
220
113
783
192
185
180
299
356
428
753
226
594
478
307
529
425
164
530
189
785
673
21
304
471
100
785
647
704
126
202
149
559
291
563
167
77
697
729
217
494
165
615
39
461
193
708
663
107
198
743
794
387
203
238
25
217
301
685
339
768
277
83
268
499
256
188
104
302
316
645
336
579
33
533
827
189
326
559
489
534
82
28
544
175
181
16
64
54
273
103
41
144
291
186
547
719
646
825
865
537
248
274
712
323
281
409
234
260
225
630
366
526
780
782
631
258
515
666
125
507
643
871
270
341
558
201
529
321
209
354
583
715
51
685
634
466
538
615
51
27
680
373
495
804
820
882
350
922
449
366
527
814
298
836
741
446
738
680
718
660
302
173
129
749
519
282
526
30
432
110
507
671
199
169
51
141
619
852
905
112
533
96
126
534
720
606
27
262
381
716
579
5
215
338
320
166
72
144
691
162
795
452
185
282
480
177
675
490
581
395
277
895
354
824
