10000
1
1
3
4
3
5
1
3
3
6
2
10
10
4
5
16
14
2
16
15
6
15
8
1
13
15
10
14
8
2
3
21
2
11
6
11
17
34
33
17
27
11
31
38
4
28
14
12
24
41
51
37
53
42
43
9
3
45
13
42
16
28
53
16
25
43
32
18
12
18
47
5
11
30
47
39
31
10
19
15
12
16
26
71
8
25
66
18
32
5
74
79
58
81
80
86
66
50
56
57
77
73
45
21
104
93
12
19
37
57
76
49
100
46
96
49
109
9
98
100
79
92
20
99
66
60
41
46
32
111
121
53
90
72
95
131
92
57
53
16
68
105
79
138
21
67
69
52
26
104
145
135
150
35
7
5
108
28
36
130
160
102
142
12
49
80
26
6
12
105
88
128
57
73
37
146
15
55
176
46
30
141
111
172
98
81
72
128
107
168
108
185
54
88
123
104
158
188
119
102
106
38
113
102
188
203
146
50
66
108
153
77
19
60
162
73
129
200
113
194
203
217
62
219
51
187
21
91
183
191
197
146
41
168
160
42
94
219
129
32
48
148
221
179
242
78
158
15
4
126
132
230
72
113
227
111
78
170
195
71
135
213
73
12
200
91
226
164
77
83
149
102
95
256
140
178
204
47
125
223
29
279
151
184
25
251
259
31
26
65
201
182
1
49
248
275
92
77
272
44
149
63
74
202
15
101
66
69
228
36
10
127
294
194
278
116
249
108
88
83
191
142
134
50
101
157
281
151
78
216
172
213
323
288
295
214
267
223
107
36
201
172
236
153
1
325
52
334
294
151
200
49
324
329
304
94
255
322
145
257
1
215
260
14
108
75
102
96
80
133
272
286
122
93
204
251
272
68
26
350
100
313
54
354
293
99
207
170
231
168
215
119
33
118
85
156
338
105
212
18
58
85
102
153
224
232
93
271
264
281
69
164
18
65
31
46
219
12
62
194
77
380
47
354
80
172
424
104
196
306
261
243
379
301
400
308
33
45
124
156
342
384
32
112
137
314
245
349
214
2
37
106
269
425
325
98
439
204
336
50
98
245
130
75
404
448
194
255
37
261
203
194
436
58
465
418
360
21
73
152
359
48
86
6
184
228
51
248
185
11
65
414
119
115
273
177
79
349
353
174
321
422
196
385
302
231
218
43
324
159
146
5
190
508
428
46
38
154
389
370
97
456
469
353
127
155
458
127
54
22
460
393
455
31
104
337
434
412
308
345
116
56
362
77
34
479
335
90
60
29
447
362
536
104
439
41
130
204
188
76
65
498
221
401
400
327
223
18
485
82
56
402
133
491
572
473
365
108
344
58
404
522
511
206
162
108
378
204
352
274
252
192
257
587
374
476
117
569
358
276
325
89
256
412
218
599
202
48
535
549
545
498
18
352
497
536
45
83
387
80
91
170
61
500
91
207
286
159
232
124
603
303
161
175
594
253
243
139
196
89
108
135
549
487
338
620
52
110
622
442
581
427
42
306
385
558
165
451
127
255
264
466
154
267
328
40
306
379
381
350
369
638
350
254
142
55
556
463
83
362
13
153
165
484
144
255
329
423
177
490
312
182
106
90
500
536
75
488
33
104
174
232
271
134
79
529
78
676
5
390
473
355
502
61
607
102
122
327
187
487
368
85
486
258
266
652
427
719
257
20
130
727
106
5
501
537
655
704
230
28
528
450
719
601
437
385
698
395
582
569
89
231
563
399
282
525
279
565
576
126
87
162
476
104
202
670
184
351
288
98
725
37
484
346
144
700
576
570
246
94
138
764
515
461
572
534
483
709
706
239
191
687
566
191
57
767
77
101
135
320
396
296
537
142
241
445
352
636
439
61
370
123
180
394
251
771
665
660
674
372
116
173
460
576
695
521
556
80
655
621
608
36
208
503
499
218
468
655
39
217
272
456
492
786
690
116
393
623
654
700
358
412
640
196
583
307
209
130
257
799
90
663
536
787
253
74
395
535
178
637
476
347
182
164
394
179
58
796
325
811
665
468
756
436
397
284
299
486
256
587
44
620
257
582
13
21
47
34
820
668
534
334
619
722
637
459
842
506
154
495
468
622
627
259
44
536
899
378
430
371
599
413
271
439
687
349
190
818
752
496
380
461
318
407
232
614
740
44
560
67
651
737
657
607
413
186
81
72
833
678
219
833
868
828
443
868
382
753
589
50
733
774
762
222
238
421
803
440
875
87
249
139
932
287
576
376
790
328
795
232
774
135
407
592
786
556
686
315
446
646
343
446
565
713
609
955
668
983
528
646
671
299
326
28
194
792
303
32
81
818
729
632
989
881
906
239
152
306
348
405
500
119
16
380
803
852
446
404
581
634
878
585
783
559
767
551
794
177
532
63
435
866
419
440
768
999
708
944
583
364
422
332
979
448
401
438
896
64
14
137
989
915
994
482
46
913
132
209
289
535
1059
429
230
883
331
612
926
880
159
698
535
771
934
990
963
580
936
626
975
302
731
18
128
823
726
279
359
204
824
1064
581
463
510
658
1094
843
426
201
201
131
387
78
292
1006
857
481
849
9
492
570
477
263
145
1088
765
128
462
754
751
390
999
174
164
110
881
1126
801
137
515
981
103
775
742
1122
788
808
977
507
869
878
193
532
897
974
514
749
977
103
99
938
372
654
136
817
561
1106
858
1105
185
465
487
873
185
256
807
287
925
20
312
778
723
256
374
810
802
364
1139
1014
437
137
575
854
1177
144
717
235
865
44
843
492
425
856
370
178
1195
343
523
693
915
845
40
192
1096
233
334
611
363
276
324
240
148
487
966
384
1027
549
590
527
1137
1059
733
301
974
795
1216
1034
1055
666
486
636
1033
558
290
336
157
170
528
231
1212
734
820
1133
798
1136
398
839
1090
1068
775
425
746
342
24
909
715
316
262
843
312
332
289
261
357
539
794
486
688
447
342
94
717
841
1236
447
466
886
34
571
28
1276
1291
972
282
482
239
309
476
514
50
979
1158
1247
870
22
826
815
1027
750
602
191
1029
208
91
286
1294
589
1136
256
581
396
790
34
149
338
613
644
780
379
836
753
1201
1308
937
182
705
593
281
758
893
1332
133
728
79
773
885
244
403
910
720
276
1266
1002
1010
1139
543
590
389
1355
60
441
788
490
585
133
351
1022
478
700
1106
1152
912
1224
629
495
604
5
272
452
1231
908
1172
945
894
701
644
1288
330
1324
472
1129
492
5
1095
1053
1012
1266
997
833
34
1377
65
166
1104
502
1210
669
552
1240
1291
1188
858
146
424
837
552
357
862
497
192
825
664
3
70
473
182
435
772
99
479
1042
1372
551
130
757
442
830
796
725
1400
294
74
1349
1312
720
271
1377
1144
291
391
333
670
1231
1348
742
699
364
933
265
494
1207
763
485
902
1334
347
359
481
964
469
610
883
1047
89
937
518
1434
853
126
169
941
918
1395
762
979
488
47
469
1318
511
1482
1069
1249
9
137
261
1101
643
1458
687
796
577
1310
609
1236
154
595
1449
1456
834
457
909
1316
1446
662
143
781
998
1019
942
943
216
409
655
1514
612
258
1328
38
84
817
1096
619
1206
1240
438
3
569
67
1375
962
438
29
668
833
25
81
322
1278
802
531
1441
1502
938
1382
1206
263
1188
1099
1197
280
1389
976
1008
883
1437
1254
459
1070
828
1178
296
1412
1277
788
21
978
1402
275
548
496
102
222
1184
845
1497
832
1235
780
1334
17
171
1107
904
836
1399
1554
295
334
105
795
1224
861
1358
375
471
1283
1024
25
473
587
1192
1349
1074
1099
1516
1236
1145
1581
1009
1057
1601
1189
1413
487
891
746
1304
1238
968
283
1579
948
1224
673
889
493
845
1077
1017
1484
602
159
1122
1095
1388
517
1566
1113
265
122
873
670
1637
1576
167
684
1568
671
1200
793
709
1566
655
479
967
1653
863
667
769
1339
1539
1557
849
928
817
1468
74
1512
1576
565
187
955
36
1052
681
1618
778
1635
1078
450
771
909
1105
933
1483
806
806
1673
401
1106
1118
343
513
923
1505
552
407
154
1421
1155
1332
768
1249
289
1539
1349
426
250
735
1490
1197
1464
1153
1456
482
542
953
1616
1602
1540
687
388
876
1685
232
1573
531
1521
167
1271
975
517
335
402
1368
317
707
1247
735
656
707
1010
421
512
571
769
241
582
503
1061
1340
818
1514
655
820
497
1432
501
1672
964
483
562
351
655
1198
900
19
447
742
372
1670
841
1510
1324
392
1124
595
44
144
162
322
621
587
1275
1300
969
610
175
1457
306
285
1696
1204
1255
1654
1116
1550
140
658
613
522
1266
639
263
1767
1446
32
673
770
937
93
1552
676
496
870
336
139
44
1475
844
811
700
704
1048
220
1790
1814
449
992
292
378
564
228
416
1277
1505
59
354
386
835
543
387
171
251
1529
438
1799
1426
564
115
576
46
1617
1403
936
425
50
1159
393
1651
1147
1762
22
1038
1827
41
1044
280
279
894
1274
552
964
657
934
226
1719
1223
1786
1584
526
1393
1093
112
255
831
1715
843
1805
1146
899
1534
1056
112
459
1130
1574
1735
1549
1708
779
204
814
1228
259
1144
1544
144
1059
43
1333
1315
333
820
714
1266
1022
1417
1461
1048
1209
687
729
629
324
613
285
829
1683
1297
592
190
805
187
1201
665
323
1401
710
1386
404
682
802
1891
904
431
1201
1580
1935
767
925
866
1555
1746
1900
1116
1121
1944
1627
1744
1828
1259
1095
214
279
402
1442
1760
402
288
178
926
1274
204
1457
864
1355
1938
1693
208
186
1786
1478
1002
835
1635
350
1712
1516
355
1188
16
24
1301
1072
1517
707
475
151
1014
1981
329
173
1708
955
1626
1364
1330
722
193
1007
1812
210
234
944
1711
976
1079
1015
1021
653
29
33
70
37
1303
804
1887
1211
1173
1100
620
1772
361
1418
11
2002
1434
1048
166
556
428
298
1767
1100
392
1352
1236
1573
280
509
1051
292
1198
351
1731
1154
681
95
407
1668
1440
1080
600
852
1694
1566
1273
1124
1302
555
370
1404
1087
1370
44
1962
266
345
642
187
1487
1943
518
2037
1934
658
68
1913
1640
1959
2046
1415
4
800
1205
686
1445
29
495
1480
1684
259
1574
1718
407
1457
2052
222
1298
645
915
37
1745
1338
285
399
757
752
77
875
1762
1929
7
1940
473
2011
1696
1711
1027
2110
368
1870
670
1291
1134
1509
1762
1019
1851
1437
911
1922
1635
2016
1785
1245
1834
35
203
2023
1821
301
1804
1543
1105
2088
815
1541
32
2109
1295
1788
1617
190
442
483
59
24
1589
1405
900
1016
1560
1065
1797
1323
1806
1855
2066
2186
1816
1162
2061
44
631
1557
2073
1676
222
1792
1126
2013
1812
1316
1791
1490
114
577
665
325
2077
100
1662
1400
1599
1206
333
1627
406
510
914
1079
245
99
1390
50
1749
1833
711
1543
15
1045
433
709
52
2050
367
351
333
1664
1333
2167
1292
1317
452
1113
235
319
1610
840
1724
50
1848
191
1704
957
1355
2134
1827
326
2242
1367
792
858
2194
19
2170
1232
232
1055
1235
2258
1949
950
1328
1601
751
2133
1420
825
1233
1257
903
1681
1242
300
1210
527
2271
1020
498
423
1980
2016
298
913
1705
1666
586
1824
10
1135
1164
1434
790
628
1995
948
1799
2156
1178
1460
1771
2012
409
2258
2201
470
2180
2240
2129
1709
1337
2011
243
463
2014
688
1629
1429
1815
2212
2138
1258
1504
7
1453
518
2283
303
1861
349
1661
38
843
1564
945
230
1566
981
2332
94
463
2149
871
2151
426
301
1546
868
931
490
679
429
1950
506
2231
1706
1703
415
631
790
1489
1778
229
848
1829
1491
707
812
775
2054
76
2271
1822
2380
326
2028
22
1696
960
216
1736
1135
2217
330
2362
279
569
1833
1745
2164
911
2348
96
1392
706
342
312
1354
1927
2306
912
136
922
506
467
173
1573
758
1169
1424
2351
690
2215
1704
826
2367
1942
1637
1678
2366
70
1466
2362
528
1888
1934
1636
1720
2156
1904
777
2240
1736
33
544
1682
1733
295
708
1849
541
2209
1958
1663
363
42
640
1021
1526
679
670
1680
2363
413
1102
1308
542
1803
2083
1068
1274
2426
1414
1490
2351
1462
1685
600
1097
1478
1287
2090
2437
1418
775
556
2257
1781
1880
1419
1665
2134
1745
1410
1130
649
1822
1481
2269
1705
1975
181
1334
979
252
1705
1886
2180
49
165
1320
1633
1370
39
1631
1745
1857
1048
648
1304
1182
1244
2284
736
688
113
1050
1007
362
646
498
927
937
1553
1469
932
388
889
1500
445
1804
749
861
2353
561
1212
2416
338
1476
1006
353
782
638
1059
434
1577
1601
2257
142
61
442
129
1420
2053
1279
1270
1588
512
1074
972
1538
744
878
674
2463
1627
64
356
2485
545
1216
155
120
1328
1077
1521
621
2055
942
2092
611
520
1039
1309
1153
954
779
1277
720
2041
431
798
2495
1758
1919
173
2203
1137
1075
240
365
982
1461
562
360
151
1385
2567
1468
1714
1373
201
1730
2505
1715
1450
1522
1933
363
1027
2074
1877
2497
733
283
1960
2407
114
1143
2600
846
157
1951
1339
1123
777
1066
680
344
924
2362
1597
184
364
1788
2035
1823
310
1141
615
1657
732
174
160
70
880
591
461
1374
21
1530
2637
510
1255
1090
2232
2330
1200
1011
1040
480
1032
40
42
293
1094
1562
1926
2084
1347
1534
1619
2484
1749
1749
1652
717
182
1795
1363
28
1426
863
1573
1477
1827
1711
1295
1602
824
512
721
1239
1759
1093
1576
302
2298
595
1352
92
1100
828
2588
499
2487
520
1305
1873
1093
1268
2578
1513
453
353
1121
1057
151
1748
1623
988
190
734
1568
512
585
1492
1495
2010
768
2674
691
2692
1081
1972
852
56
407
1630
1664
656
714
2294
933
2189
1528
837
1667
2072
467
2428
1626
1622
2075
2218
2363
1459
34
2314
455
561
2
1537
2200
485
1486
1328
1941
1674
937
335
698
2485
678
1662
1122
1489
2567
2308
1366
2688
152
191
2692
441
1060
876
1616
1119
955
763
2290
955
941
479
1075
1698
775
1340
99
121
2313
2659
2286
44
150
2379
2182
2043
1505
245
644
315
565
1537
33
1406
2439
39
2275
2314
352
1346
243
1184
2449
459
570
890
694
1277
1903
1701
337
534
1110
29
1064
293
486
1749
1358
862
310
2563
2183
83
475
43
2840
1392
1284
671
2273
1956
898
1928
2142
1752
2650
995
1507
2801
86
2318
493
924
1432
132
234
1937
2157
2165
2569
1778
2246
1815
407
924
2661
306
2794
26
767
126
191
34
1495
59
1646
1313
1537
2872
1318
71
1931
1188
385
4
1137
1645
2718
801
602
757
1108
745
205
2495
2004
1717
1370
2713
696
176
567
1267
2736
1583
650
2689
134
1754
2887
2617
456
557
1326
431
1116
2682
170
276
2732
2932
732
1692
1639
1797
2314
2399
1713
1567
2367
618
1411
1995
278
2503
607
1788
356
2146
16
1532
1282
294
3
1427
528
191
2356
2255
2357
2985
1960
1866
1802
97
685
2375
670
1634
2264
2670
1247
1204
517
1990
1556
1408
2635
2730
571
1126
1390
2927
1487
2870
1831
648
403
1765
1725
2228
1882
2224
1578
618
1410
2510
1911
1212
2735
1454
2417
1931
344
1183
222
1176
302
551
1896
1503
3009
1494
2127
84
1773
156
1262
2479
2410
1151
46
1540
1632
225
564
893
1154
138
77
2718
2997
835
449
2275
1072
51
1001
2486
605
468
2211
2524
217
2552
82
1045
2971
1465
1921
2350
1586
398
2483
412
1412
1229
7
1378
1261
2317
2944
2041
1299
867
2365
2659
993
3024
311
1542
2086
2124
1206
745
57
1622
2300
433
891
1258
2694
887
1797
739
1393
485
2824
2214
2875
1504
440
2783
3089
754
2179
891
1634
2924
2110
1254
703
2079
1074
165
2266
831
2218
246
1382
1475
87
583
833
1695
2228
2397
2130
3054
644
2374
2564
2896
134
968
1890
2425
841
1843
1328
2585
3117
261
1222
712
793
3145
947
550
571
1314
3089
42
57
2900
1283
364
1301
2363
905
454
1260
2275
1524
477
2077
384
2262
1013
292
623
480
2087
1753
989
2334
2682
1064
2706
1764
3073
625
2336
1022
1783
1616
82
2984
397
2061
2655
2785
2434
2463
15
1266
1045
597
463
1521
1163
944
1612
1863
2367
1926
1470
3184
298
774
1526
2585
2707
1742
2810
2047
518
2343
1235
1949
1965
1253
1232
2446
3150
3194
969
1608
231
35
3214
1452
2054
2019
1460
226
2860
2735
2208
2972
3114
1423
1480
1442
846
1452
1079
147
2384
1843
2105
3160
2249
1183
1973
2128
1429
2083
1352
2045
742
3203
547
2588
2255
2379
1061
1453
2590
695
196
1887
1466
1020
108
1429
2475
2429
1439
41
667
1516
1818
1538
230
1085
1832
418
1418
1221
3178
2423
2883
932
2679
1533
2289
2932
701
455
2110
1876
1792
2024
3245
56
417
1032
378
2257
1018
1694
2339
870
2016
997
1526
682
3168
3109
2350
2874
1326
388
1919
3281
627
1901
3297
1763
298
1035
547
2615
429
1163
1639
1961
1465
1182
1302
1806
48
804
241
1540
2437
1471
392
2902
2741
3158
402
99
2712
2785
43
1324
2333
1404
1455
1470
799
507
2768
126
2956
2117
2403
2297
2215
730
3
682
233
1250
2830
479
1815
2422
2020
2257
3287
3307
1444
535
776
3142
748
216
1583
1190
1294
1423
1951
784
954
3199
2308
1483
1858
553
1227
2494
2056
830
2413
166
1326
2816
1821
3191
3103
3222
1246
1417
335
2726
1866
1029
1124
2190
3424
3370
740
2637
3248
2836
1920
3033
2364
2148
2949
2971
1329
1283
2904
1901
644
3242
2703
959
1119
2488
2297
2631
410
1196
691
2591
2678
1410
4
488
3399
1694
428
792
1813
1316
3089
3143
774
2392
1363
2002
137
1879
70
1109
2614
249
2992
20
605
697
3175
1224
1820
2828
735
2451
2516
1372
50
174
3278
151
714
1812
862
1203
1739
1374
433
401
1659
3480
1736
975
1247
300
1227
1767
392
2783
983
440
2244
2992
450
1758
1607
3457
213
1401
406
2332
3420
2887
2758
723
1555
3207
3533
2054
2117
154
2199
3264
448
3081
1377
1052
12
3123
2261
2450
1269
2853
2399
290
325
2049
942
766
591
891
267
3171
841
1240
2386
301
2244
1620
170
781
1985
3307
1984
1812
1802
2252
181
3540
191
1698
1314
91
1495
95
809
195
3318
1802
2607
2179
3483
2448
1074
306
909
746
2531
1761
833
1787
1243
3545
2271
3448
656
1159
143
1530
803
2048
1166
1181
74
1331
1825
230
672
2836
731
550
2564
15
1542
1050
795
2186
336
678
1603
690
1019
2097
2447
3246
2446
2189
2150
10
3357
796
231
249
1631
1496
2942
1967
2403
1133
9
1965
2806
661
2096
2294
1186
1814
734
1892
3482
2393
2735
110
2076
656
1831
2666
2214
1985
1000
1400
302
1574
1338
1519
988
2799
451
1702
1157
2843
552
1760
2109
459
147
3017
3205
3471
1680
1768
227
103
2432
3696
1013
3197
392
3438
1488
1181
707
953
3552
275
2919
519
2092
521
2413
856
1516
3475
2745
1693
2074
1260
3618
1043
1889
2516
237
2411
3571
1756
2082
1453
375
2679
1667
2007
3354
937
484
3536
2521
1785
2461
1070
406
1170
1676
993
1966
1135
2235
2591
2228
1235
1407
1496
264
1591
1560
333
2274
1868
593
1664
884
1070
2365
2100
589
1822
2399
1279
2328
502
327
3077
548
3184
181
2795
1913
780
3149
2105
3275
985
295
3349
2677
3023
2812
2591
3177
85
437
2826
2361
515
3660
192
681
1924
831
526
2792
205
2865
123
3229
2483
2426
313
2995
910
1251
1846
310
2246
3003
544
3020
812
1890
412
3438
465
3722
2900
1315
845
3149
1881
247
1093
1918
2717
3071
302
391
3830
2633
350
2808
1459
506
3007
3129
57
2951
2312
1212
704
3088
2167
3139
3737
3594
1957
1333
3853
2657
1138
2509
435
325
889
1027
3749
572
423
107
2876
2768
3439
2404
2625
2021
443
1414
1049
1093
1446
549
231
1227
2320
3128
2598
822
3400
3777
917
1706
2694
2121
1575
2269
1176
3022
2307
1411
1161
2468
1049
2138
1407
2011
156
247
955
362
3143
2296
2564
1931
2111
2544
3083
2976
3235
264
2604
2069
3836
1260
1968
1634
64
2549
2807
1488
31
644
2607
2952
304
1711
3273
3584
3885
3614
421
3670
597
3545
3228
315
322
2775
2445
1520
1067
1018
1542
1961
180
2530
1053
277
3104
575
3458
954
2352
1655
3604
1939
1965
791
3355
2878
3564
133
2915
1522
135
294
3770
3749
1178
1281
1346
10
204
771
3381
1876
629
2592
595
307
3461
3042
612
3489
869
2720
2558
2375
2481
3130
2110
3880
2352
2152
115
792
1044
3896
3180
1664
3907
2828
1580
1553
593
2267
2387
43
3366
3442
1268
3210
1363
1693
2897
494
1408
748
2583
288
1457
769
1461
632
1465
1159
3766
3017
2874
2943
3188
2573
71
2877
1585
299
2310
3897
1558
2327
3144
2024
1264
327
301
490
3055
929
2793
585
1728
1907
1354
306
3753
319
2496
322
1352
1544
709
988
164
2925
3883
1484
3978
1502
29
3383
3062
2939
1040
574
1862
1231
1172
120
3760
1899
776
2676
734
1550
2854
662
4040
1466
613
2577
3322
3485
2434
3389
2398
1107
656
218
1360
205
576
268
276
4077
2522
3144
326
1061
2547
1767
4095
2062
407
570
2993
2662
3188
1334
2863
2436
4050
3612
1778
258
411
132
3643
90
2365
1133
3391
833
3495
2864
158
542
1996
1526
3324
444
3345
279
3941
573
3102
1537
4068
1930
1164
3224
2005
2778
1446
4103
1927
1074
387
2247
2764
3215
846
3979
3830
174
2157
939
2726
966
3286
2156
2243
4035
257
3360
1265
2228
80
679
988
369
3592
326
3380
3383
3154
2603
1888
3549
867
2024
3188
310
1633
134
2046
4123
1231
165
1059
1577
2547
2559
1975
3291
1143
2858
1194
3690
2059
2630
3472
1640
2794
3783
3166
1142
4159
2074
674
2116
973
3885
2475
692
3594
3224
3170
114
1804
455
1389
1718
837
2361
4173
3635
1052
1150
182
4088
3703
2864
2712
426
1043
290
852
4180
631
2589
2286
1294
2639
2488
1077
2961
302
2455
3899
3913
1411
1303
1411
578
1594
2496
2647
4130
117
82
696
3110
123
1844
1208
612
304
161
3751
2793
1401
3285
124
2178
3620
1800
1275
4061
1164
3305
2621
3895
2048
1902
2794
606
83
570
1831
2444
230
1335
1795
4037
880
3593
330
753
2258
1579
3923
1918
3199
1232
4234
1643
4223
1477
278
3437
2998
1025
2974
3291
928
1012
2165
1133
1259
1457
1275
934
996
1582
4217
1241
4137
2141
531
307
2926
168
2023
1133
3185
1060
3384
2352
3153
103
2748
434
1431
3551
748
3878
3791
3170
4168
1839
563
2983
2855
2187
1548
3469
904
3887
1723
1463
4055
1089
379
576
1253
3874
974
16
1858
390
516
3702
1826
331
2580
3695
994
541
1831
926
3851
562
3056
4270
3076
3140
2501
1630
2321
2471
2297
3663
1910
4317
2906
3291
2467
2864
3399
2739
839
661
1008
882
1260
543
4296
1353
3131
3390
3540
722
2988
1033
2149
581
3444
3488
926
303
3281
1186
4403
4357
1416
681
1876
3457
3287
1520
3911
3419
2771
3206
4148
1547
1513
272
256
3917
370
2573
4197
3861
350
3156
3655
1640
3603
78
3117
1418
1421
3455
421
2277
2437
1630
3383
3258
346
524
4457
2483
80
2794
2569
2801
1278
38
452
479
2436
1409
2966
2798
3740
2848
1827
127
1041
899
3163
1486
3544
1101
4485
2971
2908
4093
1002
2414
484
4009
692
695
201
3008
4282
3348
3566
519
3479
2735
964
1562
67
2519
2348
2298
2747
3117
2883
3369
480
2058
3852
3103
1817
2916
962
3900
906
70
2506
3707
2616
3399
3756
1433
2551
2749
510
4180
677
3249
4335
687
1343
1815
950
2067
43
2624
211
673
1884
792
3721
3301
1997
298
3154
3843
1604
72
2512
4107
2705
4139
3682
2932
1334
3922
2888
2192
470
2906
1688
1731
3742
4070
3120
3464
2140
3492
3014
4524
4131
3079
829
2226
3640
1998
3787
1021
710
2429
3002
1003
974
579
367
3762
159
4332
3167
86
1049
384
212
4173
1303
3484
4621
1235
129
2279
3278
2091
4189
4607
3140
848
1904
2829
457
3490
3446
3438
4241
1410
4173
627
903
3915
943
668
1045
4295
3602
873
3877
228
1070
4129
1481
755
1334
3846
3691
3273
3909
2592
2828
2015
2493
2625
2684
2765
182
1761
4575
4021
1529
2576
1786
3168
583
792
541
3421
4055
4339
2675
4332
688
2957
223
3284
750
3705
1817
4679
217
1602
397
3980
3340
796
494
3545
4569
2656
752
3589
2679
4252
2732
3411
4658
570
3066
1490
3359
1068
1152
1662
1440
4536
1191
1633
4345
2072
544
900
3226
2997
3073
2150
4259
1956
3423
4223
1053
4210
1670
645
249
3292
138
1302
4242
2961
3003
3285
4112
4338
4006
4176
3944
906
2842
4022
487
3636
3273
4061
2980
1985
2760
1490
2312
439
2451
2434
1519
2302
172
1531
2001
1897
301
1492
3592
3676
3533
1160
2346
4163
3259
3819
3916
763
2067
1096
2909
4151
4538
2239
3480
3943
2849
3523
4285
759
3403
2371
3634
110
1127
3880
4683
3245
3674
2144
919
373
4534
1368
3614
666
431
315
3524
772
2242
1754
3640
2467
3017
3550
3768
4333
1285
2665
2081
2290
3117
3991
3473
1577
2848
2202
277
3126
4022
58
3376
2643
4012
2604
433
662
755
847
3776
4843
1785
4688
276
4102
366
3797
4570
3884
1376
1512
4398
2519
3554
362
1334
23
2113
2149
874
118
4003
898
114
4758
4415
95
178
4345
1546
4362
251
3705
4197
2305
2889
2698
747
3911
4602
277
1688
1901
2592
1514
2008
3193
1034
192
2768
1580
4860
3731
1468
3739
1322
4750
4626
3494
1549
4502
2179
867
4613
1415
522
101
4506
1730
4231
4721
2593
4734
3246
2914
4712
3087
2343
1121
3182
2988
2198
988
2346
2280
763
2035
2154
3731
1629
329
280
925
4538
3523
2938
3548
4119
59
4722
2653
4532
1726
1883
2273
892
2114
3678
570
410
2785
939
451
1407
3125
4348
3864
2930
1809
2760
4373
760
4001
1168
1354
1979
2232
1262
3535
164
4777
1499
3277
2287
3233
2496
1645
4116
480
2543
1115
2233
1978
3221
1901
1129
4201
840
2305
1578
1503
1861
2148
1351
2320
808
4861
5002
2669
4551
2538
477
3742
4384
2149
4939
117
2328
1121
2692
1467
1160
3126
2797
3003
486
3346
4677
4673
3091
4086
2288
3535
3750
4593
2026
797
58
2399
4992
2473
3637
2372
825
3095
4103
1861
80
2574
1653
2031
2824
1412
3823
4247
4656
1957
176
1755
4917
4995
1580
2643
448
1016
3617
4242
2246
1284
3913
3594
2837
1331
4504
2372
1061
1833
3738
1501
349
617
3363
1206
4906
5
4209
3863
2288
2101
19
4430
936
3508
4332
608
1088
1289
4673
2008
2933
3994
2211
2687
2100
3658
4360
2516
1804
693
3511
2401
1079
3905
3604
3262
3255
2923
3281
852
1136
2162
3768
884
2682
2484
2668
4757
4551
1124
3574
1404
1098
420
4371
2211
4570
1657
152
283
3509
2395
2264
4441
3110
2263
1418
503
470
1978
3116
299
3476
2172
2606
22
162
4709
4527
658
3779
3315
96
1356
3775
2923
3423
204
3624
1717
726
4129
4302
2804
1211
1878
726
372
165
2105
4029
2832
1412
3817
1825
4318
2101
5050
1282
1452
1278
1952
3784
1589
2009
4138
2329
2126
2543
5039
345
4493
4972
254
3936
2008
4086
5186
2796
1027
1291
1812
3654
3510
2032
4972
4374
2633
2648
810
1916
666
1120
4093
859
4748
2595
1436
159
5225
2219
4469
3249
2454
1148
1962
1366
2602
2948
4790
4858
2079
4520
4912
1789
4909
138
2866
3838
4768
544
3373
378
2475
2426
1454
4941
4861
1825
3540
3948
4921
1469
721
750
3886
426
1854
330
4750
908
843
2176
1409
800
2789
2932
417
901
1838
4307
2102
117
4234
5228
4161
3172
648
1902
3579
3967
2081
1753
103
118
4350
1209
2334
1706
2880
2203
5065
594
827
175
1152
2864
619
2040
1170
915
4863
862
1335
2045
3147
4922
4801
304
41
4261
4731
3106
5138
1656
2162
2419
406
4232
4353
799
2681
3832
2212
3649
4203
3172
918
1703
3507
4211
1323
4865
2683
2493
4950
4545
3959
5340
4077
2927
255
5027
1124
2460
2537
1252
298
1386
1144
3958
798
3462
4706
3148
906
1815
2960
5019
414
2062
627
5193
3159
869
4433
5234
3629
2894
1686
2155
480
4302
2492
5338
135
1557
2749
1929
1407
797
2816
4907
1136
73
2497
4741
3480
2357
2545
5205
5325
3781
4989
914
3462
955
4881
5090
1285
4515
1936
5160
2963
588
2
591
945
2407
2974
5156
4245
4483
170
456
2336
4936
2879
5081
4142
48
4941
2072
800
4923
2903
4778
5013
2382
2015
3460
3064
4108
2765
602
989
818
332
3160
2064
3564
3004
2131
1208
3256
1302
5077
1175
3087
309
2210
3069
2171
1326
4547
450
350
2803
1082
2114
68
4111
845
3225
3828
917
1837
445
83
4370
2826
4651
1245
2047
4370
3071
1179
2596
250
1013
3238
3994
3568
1424
2752
2419
5019
2712
3419
5007
1847
5451
1909
1009
3398
2981
2622
1840
199
2898
1655
5463
100
4355
4725
2640
1870
4766
4689
3696
134
717
72
5157
117
1452
3148
928
1002
1333
2492
3085
2048
5510
1763
2573
259
4813
1877
4070
2991
481
5268
981
355
4143
3565
5261
94
2500
644
3278
1555
741
1736
4352
4785
830
1827
3693
875
2361
4880
84
2289
4099
1833
679
2493
934
5409
4160
557
2152
2562
2263
3355
1768
383
3623
5324
4474
723
2670
2264
1907
2162
5394
1892
3351
4983
598
1119
1041
4410
1500
1497
3955
27
2144
3723
1016
2477
3140
5324
1290
4305
4373
3026
1021
1387
854
113
3973
1154
2625
2899
132
3642
5347
3723
4094
5323
279
3649
5438
2142
1685
250
5056
3272
742
3057
382
2808
123
1038
4348
5225
3299
4055
4279
3500
3379
800
3724
2855
1493
1777
267
5225
4539
641
4574
3027
516
5475
3113
752
3351
2590
489
4746
4870
391
3258
5522
1614
420
2571
504
1874
612
4434
5357
4524
4890
844
1106
911
3458
5168
927
2866
2261
4940
759
845
997
2411
1236
3146
2024
3025
4941
4937
3028
2431
3579
4323
1708
1448
1009
4860
5290
5297
4185
2931
1985
936
5687
2892
4650
2673
2917
2112
4598
3918
2305
874
3213
5629
1257
950
2245
2776
5303
2141
5414
601
5093
1348
1143
942
3795
4550
785
4796
2145
4623
1162
1573
2142
4734
657
1013
3121
3693
5558
4483
5418
752
537
5686
417
3243
3060
1876
1208
2364
4717
2125
1015
1272
2503
5476
319
508
858
971
1885
87
3904
5656
325
4243
3448
2006
964
2113
451
468
3643
4777
5127
5707
5717
2425
5308
5171
4838
25
2844
5738
3631
5638
3457
2986
2957
2855
5106
5103
839
2117
5644
5249
5225
3018
5089
1525
2324
308
4773
440
2785
675
5704
3611
755
3632
1680
1591
117
3455
2771
252
414
3128
87
5223
1454
861
862
1715
53
2520
541
997
2981
4046
2663
2796
898
3327
5232
2322
5197
3784
1829
5468
3897
1177
905
2287
4691
972
3497
5694
1577
2165
522
433
1532
2124
232
2052
6
4944
4378
821
5
301
3928
1881
4047
1592
383
1807
2988
2686
675
1005
2424
4578
4069
1659
236
5607
4824
1408
1720
3877
3687
3835
4464
2599
5851
4089
1238
1261
5548
2380
3288
254
2537
1824
3951
5865
4504
4068
4369
3039
1339
3899
14
5412
117
3248
3912
924
1806
1389
5455
2096
658
2629
3680
5065
2301
2544
3000
5079
3683
2109
1523
1485
221
1021
803
2680
5655
1927
2477
5097
59
4407
3731
3792
801
112
72
3367
3236
1125
1538
4158
3631
1564
3643
3248
1688
1119
731
3470
3024
1646
1298
1238
4647
4113
1091
79
1722
1175
4903
5643
2124
1196
2144
4797
2358
1297
5465
3100
5723
2059
3022
1847
1485
2533
11
395
2424
5744
2524
3634
4965
4890
3210
3057
4105
3227
1198
2468
3000
433
4162
4929
5794
4717
5619
2842
2319
1874
1364
5131
4634
1942
1087
5891
2036
2902
3556
198
2915
962
3423
5691
5788
4421
1900
4758
1195
4540
1590
3793
2057
4610
4951
3927
2840
3399
5191
601
5089
4114
4440
200
3637
3913
568
2698
1836
922
799
32
5361
710
5173
2281
5364
5626
3273
1865
3785
5442
4954
5933
2064
1993
6030
2544
4769
614
2190
1697
5844
1813
1852
3443
2641
4465
807
3957
3061
4565
4965
515
975
6025
2632
260
4349
3805
2583
4375
4152
5386
2678
3983
3444
569
1535
3002
1032
5705
5026
921
1172
2995
863
5049
572
586
2901
5482
1215
2032
5667
987
2734
1662
666
4165
550
365
1905
2066
4106
335
4950
2769
3351
4213
3322
197
2108
5097
302
1411
5623
5553
3073
3204
1344
3355
903
146
112
5093
4031
2914
1472
1405
3007
4570
4734
3381
1129
219
3478
1552
4204
3498
1463
2420
3178
1687
1522
1949
655
422
6043
5621
5230
1945
5787
4217
4453
3894
2257
2437
6033
4237
1270
2624
4080
5797
2322
5519
1556
1211
1798
1082
4514
338
3085
2719
1566
3873
37
2816
796
698
2673
2594
831
3993
1622
1573
1750
1180
1001
3775
2588
3552
3332
142
5645
4996
2433
4464
5658
4192
3121
3557
2437
737
3769
1210
86
171
3072
2863
1642
2055
821
4885
5418
4866
3566
719
4072
2574
3137
1498
6079
5447
5681
2121
341
2353
4317
1500
6198
3264
1449
3740
4594
3359
4326
1018
5383
941
3102
2269
5098
2510
2491
1949
5706
3290
1215
785
4503
4179
986
1571
5216
2551
5186
2612
1647
4555
5027
2420
3569
1869
4281
2089
3178
1541
5813
6166
2029
2448
4530
5903
2312
2029
3184
6229
5433
1032
2398
1681
3129
2642
2245
4932
5661
1146
3704
2344
517
545
1044
6016
2985
1353
5337
327
449
2617
3827
289
1475
1990
1969
616
4066
1509
2551
3250
3426
1635
4042
2823
10
5493
587
994
1136
5250
683
3566
3965
3869
5156
4719
5425
1047
6267
2720
675
1700
4699
3580
1149
1969
1290
6234
6303
2134
229
949
5364
1177
5408
5404
1050
1731
296
96
3999
4577
1074
5277
3496
2174
3941
632
3803
2743
4362
1643
70
5279
3879
3974
1667
2819
5788
716
4684
3121
4953
6178
3291
1433
5650
98
1900
2244
1843
6055
4950
2461
4008
2066
6162
5164
3990
1932
1240
5705
414
3763
1434
2096
139
1400
574
1226
1605
13
2796
4620
1475
3152
2663
1935
981
5914
780
4064
5803
3941
964
2684
3814
2380
4914
3631
502
5066
2483
2004
1474
2358
4567
2129
5619
5838
5756
2197
1379
2324
3752
4329
2862
963
2707
4375
1355
3162
1668
2687
6356
508
2708
4456
2916
4043
210
3919
2772
105
3891
4082
3350
1251
4965
1320
2264
879
1842
759
678
5500
4181
230
2819
4643
3848
877
431
4298
1652
105
4961
2740
2404
5028
21
3550
4806
980
4324
6146
5493
1339
302
978
1866
543
367
3709
2643
1030
3076
4248
1243
2997
5154
6243
4361
5041
4168
291
5511
4326
6519
5597
3632
2860
420
1128
6419
1606
5032
2823
3659
6117
3451
998
5636
1212
5074
488
509
3061
1986
4391
5410
2901
1380
5782
6118
615
3993
4868
5067
2750
4246
5534
6301
6216
738
1274
5571
5717
1201
3689
4958
125
3670
4593
1677
3609
3842
4189
3555
3592
3645
3101
969
2413
4772
4486
810
283
3120
3979
5055
2042
6033
6293
658
6404
2762
6553
3085
5586
3693
3645
6421
567
3174
6150
1520
941
5715
2605
3829
1327
5931
1683
5516
3767
4362
4483
3644
5957
3005
812
4017
1632
1861
5735
255
3704
884
4164
99
6579
5780
5394
2031
1011
3274
4688
3795
5168
1620
4718
3654
5226
5138
5382
3096
1378
4037
1824
640
3122
4184
2892
616
441
4006
3662
2640
972
6537
4806
4622
6050
2283
5949
1820
4618
3149
3024
687
2122
4627
6406
1580
5493
3300
5069
5643
3278
2336
1295
309
6120
5078
2639
269
2926
6036
8
1727
4280
4626
4581
4498
1277
3034
3089
892
3442
978
2123
4269
3251
2385
5706
1325
3489
724
1775
4807
2395
1710
737
2353
4121
3508
2596
3200
101
3769
2522
2144
2532
4535
3324
1978
2942
749
2975
3105
29
315
1312
1328
4403
5116
602
1108
2464
1772
69
5168
5729
3589
1007
2945
4863
1949
2936
628
2952
1147
723
5825
6348
1516
5529
5480
5467
1325
5499
2887
3749
2268
2184
3877
2962
4440
4211
4826
1215
3805
4274
6120
4880
81
1642
1835
4108
6731
4062
5901
62
4293
4601
2900
2413
628
459
2649
5198
2089
5728
6264
2908
176
5987
5186
2280
863
3852
4777
567
4015
1723
6005
5337
5310
3591
2516
6574
6471
719
5427
1838
1373
4718
1184
2545
1527
5872
4539
4374
5177
5474
571
1249
575
4568
5135
4365
4252
1406
6028
610
2644
3613
3836
5802
6092
4611
4088
5411
4051
112
266
1154
2060
609
1544
3902
6759
1862
4856
2282
6377
461
5123
3595
2042
1864
4737
2378
3746
5212
6773
1793
6122
236
6659
292
767
1177
5279
302
4419
1094
3675
1217
4762
5338
4870
4542
6140
1091
2357
5724
3899
2510
534
4492
3563
2538
1498
3941
5625
99
6289
6625
3685
6449
5982
1968
1160
4215
5890
2891
1042
6361
630
627
1739
224
3230
543
88
5308
2960
619
2640
2376
41
4223
3146
5521
5623
4712
5164
3192
2945
609
3317
4463
2865
3772
763
1638
2263
2562
2553
3248
1305
896
5169
5364
6334
5220
965
2797
6612
351
1953
2278
409
192
6231
1724
3061
3801
5475
1657
4250
1152
2660
991
1092
3514
4535
4659
5402
7
328
1372
3094
1872
3917
5863
140
3360
462
4782
2614
2512
6824
2037
408
6555
2030
2606
1612
4690
3202
645
2174
5452
2598
902
4772
32
227
1221
1395
6022
4492
3744
3596
5835
2854
4958
171
3377
237
3549
4915
4286
937
2109
4826
5996
5156
1287
1445
5401
1977
3518
1142
824
4735
2347
4353
3080
5529
1395
2328
2275
6844
5311
2854
217
2371
6652
73
4546
2095
6069
548
5081
6056
6074
1380
1299
5606
6304
6690
6360
6294
3201
5032
4852
1894
2243
3150
3840
3920
7030
6294
5854
6861
4670
2284
706
1137
4172
2085
5535
1552
3850
6738
4042
4675
4630
578
4720
3160
960
1876
3334
2087
5328
5513
2040
1524
982
6046
5306
2742
4767
5460
791
4263
1010
5156
3983
5755
6108
783
140
1310
1138
7030
4815
3079
920
4857
2407
4403
3474
6536
5899
1586
4391
6729
2696
4638
2111
700
6965
4727
5537
1056
3334
3890
1694
1215
6694
3196
1043
2202
1317
146
3661
5170
4265
3049
4657
4071
6609
2944
607
5792
5150
1603
4142
6447
1116
7063
3743
2395
4697
6776
2597
3160
496
320
6149
407
5617
1448
1102
3645
98
6413
3268
6842
3713
5142
6868
2357
3400
5332
6148
323
4681
284
1028
5513
2168
4006
1165
3215
238
7153
4615
1438
1607
2872
6777
4449
5750
97
6784
5066
6675
691
689
2474
1245
7026
2252
2187
6290
6902
3072
3268
2611
4552
2287
1319
968
4329
1632
3156
1572
2036
3724
6890
3149
5919
1203
381
3839
3989
2512
4284
4532
4736
3787
2787
5183
5271
1011
2574
4509
2709
2406
2269
1684
3329
1684
2301
4688
7252
4931
5886
7131
6833
6745
2525
2592
1634
1994
4147
946
901
6371
2538
4094
6013
992
2503
6197
3661
81
6293
991
4249
6295
1525
1525
153
1034
6424
1949
5718
3469
804
51
3121
345
4179
3282
6442
5569
1234
1977
2684
4576
5778
7179
3816
2011
6425
5769
2020
4729
2640
7222
6456
5563
391
1164
1308
109
1863
613
2000
6303
4447
4
5138
4579
6902
3517
1165
571
1272
4411
6560
6227
5724
6336
6503
1021
7105
5570
7133
2775
6684
4056
5681
5041
4106
3794
2326
2901
6106
6954
6824
64
6795
1807
1279
786
2436
3487
1263
4127
1557
2335
5722
2937
5750
7254
5460
2977
6338
3664
3728
5198
1582
7084
3194
4530
6210
1791
5143
3659
4542
186
27
3170
3890
3034
4959
193
5089
1419
5279
6434
5266
1039
4277
2502
2208
6343
1025
3528
1680
5875
4624
1483
3468
5193
2364
3375
1265
5852
4960
5328
815
1767
6076
4912
1975
6702
3497
4152
3966
4373
1777
5088
465
1842
5945
2723
7213
2737
6341
6383
3421
6850
1498
2009
4096
6073
3486
823
2995
191
6063
3372
884
2411
3403
6819
4737
2732
6965
4620
7198
4457
376
3904
7031
5968
6122
2424
485
6747
5673
5263
6560
1279
3745
1213
5797
1979
5551
5003
3798
4626
6771
7191
5436
432
2348
422
4766
1322
5789
644
5006
2071
4569
1649
1461
1585
593
7068
1735
3200
4528
6598
4671
6537
186
7441
4547
6871
816
5286
3105
6827
3150
6442
2843
6405
2080
886
3559
1482
4008
1257
6957
6575
5945
3898
4624
1085
2068
1198
1974
7174
1787
5739
4645
3105
4447
3230
5668
145
3600
5690
1471
884
1521
5547
1831
3986
1036
5158
2935
5315
6383
4650
4706
945
4745
868
5905
1756
3940
7210
1446
2508
3866
1793
4002
7021
2406
7048
4601
6853
6575
5326
4752
7172
3115
683
7406
2779
5636
27
877
7500
4207
2330
4448
5265
4660
182
2875
1079
1630
4977
253
2350
6834
3921
3200
4262
1189
5970
715
1392
6782
5518
2261
5730
2233
3873
4299
1527
2127
7051
890
567
2825
1794
6724
3431
6760
7021
6491
2164
6772
893
3048
1512
1977
3490
6107
6364
1759
5548
3224
12
4048
7235
4002
7448
4785
2900
4199
1008
7010
2515
2067
5235
6167
1719
3813
1095
7146
3233
822
796
6756
4551
6050
3638
3832
6911
7323
568
6135
7347
2821
2946
5580
3747
3278
6013
816
1905
5954
1094
6914
7428
2250
2160
7155
4264
5495
3002
7166
5971
5401
1336
3194
2019
7543
7424
615
2367
7074
1112
2550
4132
125
4259
4330
5860
1123
5449
758
586
1970
2915
5604
5641
3824
3222
5061
6721
7457
5758
7642
3921
6180
7374
2243
4232
2864
6274
7646
886
1438
4478
6577
1428
2664
5101
2870
1420
1788
2484
4927
3314
6205
6864
47
6511
506
1821
5186
7111
3847
7704
847
6936
840
1320
4800
5461
7651
268
5469
159
1698
2432
3418
1642
7137
586
882
5180
1991
2070
6465
5889
6638
5309
2187
1999
5650
3333
1314
6559
7232
2661
7323
5846
579
1132
2399
2909
7168
6575
425
5608
3809
4536
1912
802
7047
2828
7348
5138
3749
2119
855
5539
5515
1674
5696
1390
3166
1942
5345
1252
203
5528
6617
6960
6117
3652
5633
4561
2967
5669
7108
1122
6698
1324
5029
7025
514
521
1000
2353
1166
2799
5468
1157
4111
516
6081
4221
2155
6208
4456
2895
5992
3304
2425
2773
1045
2935
881
4253
1756
7748
6642
6871
367
5670
2466
1160
6137
2271
2706
2740
436
4711
5904
6687
3422
2049
716
1085
3141
2179
2077
6857
885
6135
2011
227
6260
4684
4413
7518
2344
5426
806
2584
534
1397
4048
7480
1652
4440
5938
71
486
7829
4607
6813
3549
767
2076
2878
95
4000
299
2245
6918
868
2216
2925
3732
6029
1603
1031
5456
7309
1050
6850
571
5457
1926
2815
6227
1107
2730
6368
1589
6562
2273
3817
7106
7872
538
2495
3186
5597
2182
393
3913
1767
6036
4213
375
6145
1906
6913
2328
1103
6672
3757
7547
570
564
6591
7152
796
3805
5698
3036
5975
5326
5012
3965
290
5808
4667
3804
5500
7230
4136
2175
5171
2421
7264
2022
4880
6192
1507
6678
7266
5143
6414
2352
6520
1270
4262
4095
6519
4491
3214
1334
698
7969
1556
2861
1572
7929
4497
2668
1875
3554
7501
6719
2854
4543
922
2922
2914
3942
6758
595
6693
5936
4181
3694
1907
3081
296
680
4644
2779
5060
4500
5125
3642
1540
4539
5841
2196
6988
1745
3372
641
7505
4482
2535
4790
7242
2602
2559
6009
7251
413
4687
6825
2083
1788
7619
2291
7372
6484
7691
607
7676
3479
798
3977
6156
4905
7443
6366
3821
5592
1813
4102
735
2055
3975
801
673
5198
6767
3284
5733
607
1138
2762
7412
7750
3872
7157
7280
3784
4164
7893
3069
274
3647
3616
1455
6130
1853
114
1239
7782
7336
1122
3252
5598
1932
3948
4150
4127
2331
700
4457
433
2909
1920
3381
6486
4842
6953
7711
3493
1411
4890
7211
2727
5759
893
6402
6494
1751
3781
26
348
6124
258
5225
102
6667
5826
2424
5729
3177
7548
6955
5954
3924
1453
7009
3613
2098
4798
7612
6587
6544
2313
4485
524
518
371
1390
1025
4413
8095
1057
2838
1649
6831
7479
360
5672
2744
5563
5828
6882
6040
1714
2100
5835
3402
4214
1852
3358
236
198
1354
2964
7619
5514
2891
6588
2826
7776
6833
51
1575
7101
694
7031
6712
3295
2549
3988
5261
7474
4329
3983
7711
2812
4615
3486
7071
5695
765
1871
6338
3804
6967
525
772
5175
904
2888
6047
7290
5058
4661
2118
5053
8097
3285
7147
3213
7182
7393
3717
3829
6875
2646
4978
579
1103
985
8186
7256
5168
7902
152
4891
6123
1412
7629
7685
6532
1924
4851
7251
6410
2380
8217
7384
3788
5469
4221
2416
3817
6464
2199
7430
7650
3617
3389
2848
913
3189
7996
5610
249
8145
4991
7646
3033
490
1875
1676
4470
1272
7493
8017
2178
2790
7399
3221
4219
5103
7622
5659
3571
1026
1280
7564
6116
598
5641
2310
1993
156
4408
6991
1198
6826
266
474
7305
2445
3307
1345
712
6922
2843
2649
5172
392
7908
7411
6476
2297
6752
2267
6044
7682
7257
2990
6985
5087
2262
469
7029
7379
472
1048
3466
1384
2579
6039
867
4727
4201
6226
5974
2307
698
1067
111
6443
7917
2283
4400
7260
5723
6269
8132
4019
5883
511
2718
3811
6967
119
498
7659
5014
5366
7200
5538
1934
7278
3707
4259
1392
7412
4863
4187
8155
6756
3173
1921
1066
5140
5748
6920
3824
1413
3165
1119
6296
2102
613
2889
4269
5207
2736
2982
5752
2964
2688
2298
480
2777
6869
1713
5664
6709
583
5226
5208
7807
32
7295
4716
40
5893
3190
6737
4262
6376
3333
4296
8041
4326
7131
1348
3995
848
2714
5796
4173
8376
655
6371
3290
382
4480
412
6158
5544
889
246
928
231
6338
5682
6652
6543
2932
826
380
4729
5581
3074
5272
5485
7904
896
1508
1097
2557
3603
4346
7933
705
8296
574
2597
6238
6098
776
357
1278
531
1622
1314
5709
5563
3405
6161
1651
1560
7124
8414
7042
7148
5995
1313
4576
3465
5733
7203
5609
4709
6968
4725
4408
8086
8008
5461
1770
6787
1779
5700
2371
7535
7485
5025
6107
3937
2882
6904
28
3262
5856
5657
5974
6956
4629
2347
7395
6987
8003
3942
2009
7996
1211
2982
660
3516
4418
2781
8396
2468
7182
5995
4190
6215
3366
3832
514
4654
2308
866
4165
2278
5961
824
2444
1028
2026
8209
49
5515
549
7339
4577
5052
8146
7104
7645
7812
2037
5736
472
3197
5783
448
1945
722
6937
315
1049
6623
678
2149
6672
1760
8374
8444
4344
5131
1638
7769
2706
5904
686
2151
5044
5850
1766
5703
5723
4709
6729
4445
4746
2507
6589
7485
4379
741
2517
6649
540
902
4431
4028
1716
5821
1298
1251
5883
4723
3851
1805
2927
6824
4013
5417
1384
2498
1000
8139
4247
7805
2937
3194
5962
4749
446
1549
4955
6301
4289
5209
7111
4950
4261
5957
689
829
7730
6065
2103
414
2712
4152
7022
6546
5736
5429
5568
2812
3051
802
7775
3839
5871
6596
2237
3550
3877
4757
2099
6547
5446
4332
5786
3160
4863
5389
4166
5182
5126
3425
6061
3042
6365
2176
2008
7425
1956
4630
3040
4055
3118
7649
1300
7903
7294
776
2485
1475
4371
4633
810
6551
5287
7550
6217
7496
5953
754
4029
4961
3221
440
3453
1268
2461
7431
5878
145
434
2519
3684
2196
5612
6788
351
1602
1827
7967
7535
7418
3127
4921
4184
7431
533
3249
6464
4153
4119
720
5765
1300
4045
2151
1476
739
840
4096
6222
4337
3913
4391
2189
6230
2109
5788
1910
3703
646
4669
3284
6060
5206
2233
8021
4205
6055
2752
419
8712
4978
5851
5294
6309
4043
1111
5872
5368
6531
6347
426
2828
388
8091
6841
1258
3434
6417
7107
4286
738
4022
50
694
563
6754
825
2234
817
3272
4382
4458
663
3805
4320
3120
4917
336
3411
216
535
4945
5328
1826
5476
3711
4605
4046
531
8602
3044
3528
6709
7409
4451
6091
3145
6971
5388
8795
5962
5960
4410
6605
3336
3996
4188
1051
7534
3518
7151
5812
1471
3836
3722
2942
2668
4901
5009
5317
6883
2982
7483
8802
6378
4299
3690
7213
8794
7052
4566
86
2695
5591
7265
5972
489
3443
2744
8529
6563
6001
4862
2282
2648
2422
5119
3211
2692
2321
6870
1985
2302
3349
3287
4001
5951
4855
2678
3274
5583
6972
688
196
1259
162
3497
2061
4583
7557
7141
985
2512
2472
6223
5223
859
3680
4566
3502
5151
1099
162
3562
3883
5435
5696
1929
3285
3816
6065
2168
185
2197
4240
7135
6641
1548
3300
738
1870
4818
603
2120
88
3758
34
5384
5331
7049
4473
2224
2585
3289
1379
3044
4429
3000
501
1529
1371
2276
1882
4503
4283
4254
3711
2012
7086
2369
3040
3654
939
3059
307
6845
2553
6373
8378
7755
844
3769
8655
4443
8795
7877
1224
4601
2282
2989
7256
8290
3436
982
7673
7293
2356
2336
918
7890
715
1759
5235
2752
4657
5713
1707
4751
7774
708
8757
7334
7309
4657
5056
6801
51
1780
2064
8762
7383
4990
2728
1798
4987
548
8426
3793
8167
7700
2363
3931
1420
4454
6563
6862
6127
8239
1725
6676
2959
755
2890
4079
5532
1021
4212
703
1515
4821
3861
141
4900
998
7221
537
2681
1815
1593
7075
2301
718
1848
9010
3534
56
1003
6382
4090
8085
2327
696
5675
2769
4397
3710
2911
422
691
5035
3267
3494
7242
4719
7338
5125
1231
3301
8965
5389
8858
5811
890
1448
3427
378
8346
5597
955
2875
5871
733
4227
7953
2833
187
1014
1602
2755
5557
5701
3743
8714
6080
2543
5039
2041
935
5559
9089
4413
8674
1181
4982
1321
1006
1798
3596
5405
1034
967
4928
9003
3833
6400
5300
1278
9016
1046
6986
9033
3121
5043
2404
574
3662
6675
981
2374
7490
939
9127
7014
5875
382
7202
3634
127
1080
3841
5136
6617
4674
4098
4544
4771
7885
3797
8517
7146
1959
5016
8643
2525
4547
6076
6391
2229
8012
1405
8394
7628
6612
7239
4801
6323
4601
4024
6947
3803
5393
4273
8274
4947
5126
8331
4759
7508
7740
8860
4044
6240
8146
628
7823
586
3006
1462
7086
8433
2281
7625
4241
6946
8779
6494
3527
7211
1510
934
7979
8503
4009
5860
1704
1408
2159
8227
6938
2431
1276
1364
8648
7377
6531
7961
4256
4473
6509
3539
1005
1793
4899
2402
1559
2168
3182
6317
7429
2658
7906
3200
7865
1774
104
7539
4947
4904
2159
2044
4375
4106
3373
4877
3359
8181
15
1384
1518
8627
4598
4548
1127
8864
1432
2140
4311
7196
2294
253
1022
7221
7643
2109
5661
1923
1350
2083
2800
1428
3751
8029
4549
7648
1295
1208
1742
2207
9000
5150
4240
6211
2307
1833
9145
3116
2181
3827
8289
7318
7292
7738
4395
3886
7231
694
4515
9038
7147
3515
7759
6223
5219
3857
6699
2872
826
6260
4485
3912
8280
7063
4777
3570
3194
8044
3215
5963
2826
5583
4762
1135
2607
460
8824
5992
4396
4917
1286
8412
5439
9324
1313
4805
8907
8092
7833
6561
6110
2363
4643
1963
3953
5331
8674
1410
2629
1399
269
2848
7908
6019
1465
558
2454
3421
3356
9186
5228
3803
754
2804
4826
6774
7721
6435
7660
3402
3535
7023
396
1867
497
4253
2537
2532
1344
158
8395
5295
4128
8903
3557
3862
5527
2662
451
7131
753
1731
6918
5102
1666
8487
6868
8671
1126
8572
8520
417
7060
925
1306
1427
5593
6911
5711
2109
4368
4015
6643
3648
5812
3504
8187
7900
3527
3881
1597
5031
5635
6121
1729
3026
1685
3478
1157
2824
3315
5479
4229
5928
2010
2881
5673
5313
1368
2864
774
3201
785
2460
9415
6543
1636
5270
2904
3773
9156
4690
3460
2806
4971
3994
4775
1577
6684
2566
3158
7569
4457
2067
1513
7924
3808
3733
7665
6403
8448
421
8128
5214
4755
7248
6862
3589
3425
1434
914
1195
1361
4808
1264
8492
5142
7607
8295
4
1520
5901
1821
6821
173
690
6826
4736
7823
7347
3523
9456
5470
5397
192
8153
6041
6893
6320
906
5658
4292
7019
5746
1057
2481
6577
5661
4711
1775
3921
4336
8648
8036
7956
938
5895
5345
2939
8716
2442
3218
1245
3529
5268
798
2382
7738
6704
6944
7509
2627
7144
3988
881
3779
3894
1612
703
2886
7785
1667
1793
9407
793
3043
1297
3308
1204
2076
823
211
9086
2589
1793
4787
8183
5580
5198
4808
2753
8046
2853
2944
4218
2429
663
6744
3653
7888
8458
2372
334
4503
3503
1944
3162
2451
654
1410
7878
3675
1620
7176
220
2332
3078
1958
4750
5978
5116
5324
9129
5090
648
1409
2545
2790
1361
6864
7191
4410
786
6271
1867
5793
9011
8319
3877
3770
9442
4098
2037
7421
2029
1310
2261
4834
5211
2327
3094
12
8212
1108
8923
2274
7527
942
6468
9039
9515
7004
6003
1466
8815
8260
7649
6162
21
1070
5595
2612
4996
8836
5124
6593
8094
5533
875
9004
3066
2295
9122
5864
8759
598
3966
7700
104
4853
4561
4485
1829
5739
5236
3440
6745
3789
4830
2908
222
7675
5552
53
7518
1696
6986
7300
2435
1338
5185
5488
3634
8178
4386
5880
8091
108
243
7814
1716
7421
1503
2390
5095
4517
2383
4837
5705
4268
2252
5769
6104
818
6630
4790
2839
5919
8221
4818
7308
6840
959
2112
3379
7177
2223
2377
1421
2842
5672
6712
1268
4583
9150
7044
6661
4599
8397
173
173
5617
2668
5866
1636
2570
4568
5936
8599
8298
2575
8413
6553
2019
7357
6617
7837
4615
6093
722
2806
4001
2792
7514
2670
8964
8812
9647
1787
4147
5633
4470
4055
4343
7775
7081
4515
4029
4073
2346
118
3656
3991
7248
851
3096
6312
7421
3256
5305
2122
626
2748
1299
3955
2383
1068
7125
1275
970
5729
2556
7285
6038
7165
2475
557
7520
887
8634
6763
9788
4012
8320
4349
821
6760
5256
3147
6376
5972
5335
2827
1407
969
272
3573
3905
9396
6181
2279
5281
3111
7482
4630
197
2241
253
7242
5018
7754
1756
2533
1519
753
4428
6394
5241
3577
9297
4282
2312
4993
2858
5469
2914
6403
5314
149
1752
1296
2366
5187
4465
1078
2576
6162
8695
7666
3541
2683
7754
9342
203
1845
6745
9309
8771
1005
4177
9754
1212
4077
594
8559
7649
5329
1924
4436
2931
9596
8921
5287
228
4428
3533
3004
6022
5145
4258
8463
6711
5514
4234
8613
6038
3197
5636
5273
6938
2573
4007
248
8303
1125
334
4671
5149
1488
8102
2603
7596
9616
2383
32
9248
5655
881
4887
1242
5758
5764
5250
9145
2240
6202
1610
6704
9066
1353
6747
6703
7767
5530
5597
404
1996
4014
47
2430
4508
5744
8627
3089
8314
1890
9573
1916
5122
8326
5753
1100
2866
3058
7994
8666
4130
2657
9693
1987
323
4508
1132
6950
9908
1831
2099
1949
6821
1662
8128
8245
2479
5297
1758
1348
1130
4920
8157
1149
1022
1977
9852
1836
9825
5144
9631
8902
2619
2301
4861
5763
8265
2438
