800
176 374
438 274
616 301
231 424
526 763
368 267
608 430
312 79
736 598
205 31
346 313
93 335
235 81
666 247
723 249
691 171
107 43
754 383
375 740
374 124
363 132
332 87
489 131
450 153
383 318
86 330
190 159
348 601
579 338
305 392
665 405
437 309
639 102
48 261
439 528
127 587
419 115
631 618
344 742
118 298
179 41
328 550
557 34
612 538
632 120
609 687
542 559
586 584
233 343
384 535
536 133
181 382
172 91
447 32
212 682
725 457
662 414
420 260
252 100
675 689
357 187
224 420
161 4
650 248
269 756
499 658
398 81
27 679
320 564
256 546
241 39
478 427
713 5
229 45
504 284
629 291
422 321
502 109
121 148
123 71
154 674
409 747
274 325
735 685
680 194
531 496
105 394
324 700
164 326
763 150
261 243
131 56
128 137
660 349
18 459
141 160
556 527
187 703
236 698
555 639
298 761
552 308
792 778
116 438
115 623
760 742
476 669
242 422
33 582
498 66
637 35
685 722
622 647
30 99
575 663
234 3
38 176
87 17
517 218
80 787
524 619
265 80
733 484
732 489
160 665
590 169
627 588
648 509
159 295
641 29
423 278
779 619
513 223
57 632
449 179
562 712
271 317
421 246
15 225
28 442
747 271
755 785
563 688
71 48
64 518
672 488
286 517
728 422
644 532
283 288
463 555
565 477
134 665
177 351
405 354
144 175
582 604
372 139
791 195
656 445
729 189
516 475
58 67
694 365
769 739
62 672
63 541
459 196
566 612
545 240
338 751
461 460
152 613
263 457
314 536
544 379
143 556
669 519
321 33
604 624
584 167
113 389
331 328
497 207
186 5
692 715
785 49
493 612
239 763
523 798
572 561
522 44
325 786
750 605
667 632
668 795
600 328
495 448
794 273
225 30
228 764
22 387
302 59
300 39
634 347
766 711
592 345
693 501
376 182
593 627
607 244
778 559
511 198
44 732
97 95
208 365
333 141
541 702
36 583
365 40
370 735
734 766
381 489
122 97
390 634
182 599
635 428
291 63
413 115
746 548
378 337
606 257
356 75
327 346
293 197
100 797
352 613
564 461
525 125
630 575
457 334
587 364
380 211
724 290
68 91
392 281
737 85
462 23
633 254
682 251
466 660
761 534
70 161
752 558
240 304
403 226
501 302
311 402
155 435
473 593
640 774
248 128
170 140
793 293
744 729
496 798
782 756
303 473
279 710
266 789
366 621
790 544
594 297
418 516
764 266
774 511
207 411
217 617
126 591
367 650
323 329
718 755
441 424
643 315
12 343
192 17
597 410
140 86
4 635
417 296
611 98
580 662
342 516
250 769
671 164
257 357
162 702
514 698
168 668
79 279
474 2
17 322
598 507
515 89
577 304
749 716
710 324
642 109
400 794
469 569
583 596
494 69
220 731
2 600
540 576
756 159
546 356
402 648
775 90
410 395
157 140
276 751
436 580
119 412
430 118
273 734
689 608
429 728
393 377
690 481
711 338
697 79
486 737
585 643
482 127
408 752
227 482
389 116
306 714
189 628
37 696
678 434
25 782
720 668
772 66
112 785
708 142
657 69
615 207
569 776
427 236
180 270
137 510
101 393
88 210
307 297
206 28
67 144
282 36
69 518
605 505
270 232
322 444
773 578
507 369
200 329
55 616
753 532
614 576
538 503
595 26
620 533
701 688
315 83
13 366
589 780
316 384
619 308
664 736
317 686
202 92
111 581
722 360
238 517
24 695
230 610
432 246
221 96
3 603
82 631
310 358
23 443
443 165
759 536
655 368
1 215
448 105
553 619
717 181
676 723
373 12
59 472
178 350
364 54
618 94
738 186
167 110
313 466
136 454
35 61
788 248
106 546
98 302
147 605
706 334
326 88
688 252
292 681
85 641
548 680
245 640
568 546
465 349
411 427
209 155
354 655
247 78
73 295
6 302
355 89
762 620
382 719
258 724
278 459
351 502
414 97
267 498
487 287
440 781
361 55
483 303
47 545
219 358
309 347
503 436
148 332
297 233
748 107
199 760
796 178
66 72
550 704
284 607
183 259
42 67
341 498
475 421
781 289
652 407
94 163
726 392
345 778
45 150
56 653
281 609
535 77
451 500
195 564
591 547
193 766
110 463
537 727
81 515
573 676
509 475
456 640
506 480
103 184
467 602
188 204
275 699
109 257
603 590
104 299
26 468
444 433
663 595
329 52
742 589
251 323
296 527
453 423
232 743
255 790
460 126
567 268
360 214
216 311
166 398
20 675
623 717
539 527
549 571
138 603
649 723
677 367
204 477
452 136
146 188
334 114
624 773
797 42
776 708
730 124
142 130
596 234
571 439
8 25
588 545
798 221
554 606
527 65
60 206
90 82
454 726
253 566
287 677
767 345
299 575
654 797
343 447
319 574
350 101
174 760
214 286
770 38
132 791
415 38
712 132
150 570
528 383
521 46
237 445
349 724
399 126
339 14
646 209
780 476
196 779
455 678
661 176
9 738
727 370
185 758
698 753
709 785
318 725
264 771
388 535
272 595
647 218
135 670
280 418
213 60
211 285
75 283
50 372
470 527
222 592
519 371
425 307
120 793
681 462
510 537
194 643
51 298
83 2
149 414
335 226
645 178
472 123
479 741
765 566
76 291
679 209
561 372
695 103
362 593
789 446
336 633
43 429
628 333
14 20
687 413
716 671
95 487
78 495
396 255
197 292
445 57
130 500
520 26
41 37
358 13
308 602
601 783
621 146
702 156
471 507
108 62
260 664
617 731
731 111
530 452
268 388
32 22
674 166
386 404
412 666
458 557
464 506
371 361
560 519
686 620
705 179
7 250
288 423
210 327
559 396
337 351
638 13
39 748
480 425
139 404
249 678
581 119
543 445
783 390
171 683
532 15
31 651
743 572
401 29
65 216
446 610
485 213
369 353
404 108
129 798
285 335
397 512
74 755
703 456
52 563
492 707
529 363
700 104
658 637
468 781
739 174
96 676
758 265
570 1
165 652
653 486
99 557
670 759
153 178
173 128
771 376
92 64
254 522
125 771
715 303
379 733
395 765
223 101
359 191
163 11
533 121
651 168
431 614
377 348
226 212
84 617
488 153
787 24
406 541
704 431
558 530
442 7
491 683
394 469
54 8
574 526
602 351
484 800
246 490
11 745
262 186
407 319
741 127
49 586
547 499
29 684
16 55
151 217
114 228
799 571
10 746
133 525
800 415
714 775
500 241
124 408
435 705
505 441
156 275
304 485
599 172
610 691
578 185
795 27
198 224
784 168
426 67
91 674
158 534
89 31
740 531
576 391
277 175
508 257
777 434
490 21
290 161
551 710
696 799
215 92
534 568
707 750
684 567
301 670
330 692
175 464
46 125
244 543
481 744
201 400
72 794
699 339
117 592
745 336
636 330
434 9
424 284
184 291
683 409
757 730
218 673
5 690
34 211
673 397
768 739
169 170
340 183
191 318
477 497
289 180
786 208
625 453
243 718
433 143
145 597
259 697
294 42
387 597
53 105
416 624
102 306
295 529
203 482
428 746
353 482
719 740
721 222
19 490
613 707
391 219
21 113
659 379
626 596
512 282
518 721
40 352
347 611
385 206
77 716
751 151
