500
66 317
289 149
465 424
395 87
430 70
155 175
439 397
207 196
27 288
111 475
328 412
357 24
71 222
446 494
442 86
168 55
453 342
184 373
368 36
383 267
476 23
98 247
492 463
321 319
201 145
233 300
497 272
154 490
232 384
30 327
384 388
310 387
99 174
151 70
241 468
338 302
452 74
192 136
418 74
203 435
220 162
459 298
107 207
19 173
26 451
313 74
458 82
199 284
302 471
432 247
102 231
188 378
239 171
490 59
415 77
193 155
171 497
413 274
46 64
385 488
6 195
481 415
144 442
249 20
282 188
311 41
132 93
301 58
390 185
267 248
486 167
145 191
283 138
139 242
272 47
10 259
394 217
335 46
307 414
284 303
121 199
53 103
464 124
5 67
140 103
260 59
56 266
319 364
175 194
337 275
109 421
9 333
291 480
271 465
259 144
292 255
15 490
49 419
348 88
470 334
344 405
392 452
263 54
434 170
469 327
120 166
83 495
296 155
325 43
347 470
424 461
37 290
342 445
273 202
489 117
252 100
206 332
274 277
62 179
147 252
182 382
412 26
366 73
408 372
32 44
411 329
54 450
450 276
16 101
381 458
397 315
114 383
202 321
435 282
51 224
288 122
349 19
363 375
148 62
461 184
440 213
245 312
417 210
69 278
41 51
133 152
211 463
31 393
483 57
55 39
149 133
169 323
205 401
425 285
253 482
421 229
18 211
298 437
438 391
391 240
136 484
50 60
231 377
324 255
103 141
186 55
106 240
265 52
269 177
240 21
219 37
48 205
194 63
44 158
268 453
126 165
356 90
340 1
74 449
33 146
404 479
77 31
254 431
235 232
358 237
89 206
95 411
336 483
3 8
474 182
92 4
25 395
137 328
8 5
12 225
275 132
150 68
162 44
196 470
293 426
471 200
352 432
250 142
467 293
90 326
339 453
422 186
403 75
370 164
165 17
389 459
224 407
104 351
181 269
113 408
445 370
400 139
485 456
472 159
414 413
278 15
210 320
447 385
221 353
152 405
47 376
443 258
223 60
86 374
294 108
222 257
372 443
29 335
500 35
374 289
128 338
204 228
433 339
212 360
316 89
243 325
4 78
354 304
315 50
187 141
236 60
393 204
477 96
475 358
323 311
200 398
262 455
118 448
322 18
495 264
84 244
183 217
242 369
369 415
375 357
478 428
406 234
163 77
176 306
209 60
108 460
276 292
81 94
58 160
42 16
299 153
493 94
197 472
286 138
398 246
244 318
116 61
82 487
23 130
57 83
399 429
454 272
426 201
498 274
85 164
410 266
444 216
429 42
97 294
365 340
460 126
227 109
303 212
146 157
28 307
258 214
160 404
79 351
101 120
428 238
45 349
141 348
449 363
405 7
190 133
213 475
234 65
378 25
156 99
179 30
14 295
482 452
72 55
329 354
237 239
423 271
362 63
157 356
153 279
129 181
334 367
143 400
127 352
371 493
297 245
94 178
7 71
279 32
91 300
39 265
364 380
20 102
487 293
488 477
185 34
333 441
40 422
177 13
229 2
327 457
60 198
441 234
480 361
264 128
226 196
290 328
351 203
158 12
388 227
167 325
112 182
499 246
379 147
287 373
68 359
142 464
59 330
174 427
88 396
331 133
360 417
208 127
353 429
448 235
314 275
214 79
63 6
117 78
216 192
64 61
281 55
130 409
479 316
67 486
361 29
386 317
300 172
484 121
13 48
377 11
36 300
330 250
280 368
437 28
135 440
462 131
38 440
494 197
295 462
261 18
257 221
122 368
402 390
304 434
172 474
73 148
76 42
159 308
87 140
436 379
93 241
78 129
401 151
11 130
308 219
350 279
416 478
457 346
115 436
341 377
119 351
463 216
218 490
346 254
431 10
105 189
180 87
387 488
2 365
343 114
246 403
1 80
225 291
21 419
248 123
466 98
198 438
373 35
22 278
215 115
270 239
123 193
189 322
419 489
170 22
195 27
43 389
161 113
217 385
318 134
376 125
17 56
238 189
359 450
173 433
456 183
166 416
396 215
407 118
306 333
420 256
380 262
332 446
228 493
473 351
255 176
309 330
80 386
496 285
35 58
52 286
125 156
191 33
285 55
382 226
138 314
320 349
61 14
178 169
326 271
451 161
491 315
256 483
409 110
65 273
134 143
124 422
305 297
100 305
251 458
312 249
427 153
277 485
345 397
131 3
96 68
266 420
34 244
110 127
230 158
247 402
75 366
24 251
70 97
468 439
455 343
367 253
317 95
355 490
