1000
27 452
715 516
621 147
500 208
977 167
297 542
579 853
497 160
406 541
441 550
253 687
648 386
42 361
687 886
96 527
199 861
220 511
967 896
952 96
179 540
350 681
361 253
317 654
556 846
547 689
296 293
99 408
703 202
617 454
572 270
904 972
306 97
494 843
635 569
706 15
861 855
498 666
463 490
975 822
677 461
168 790
766 715
757 849
462 265
970 8
110 700
419 622
583 619
899 626
420 88
80 351
182 168
141 69
244 287
885 537
345 783
28 954
418 549
274 697
863 576
225 427
7 900
402 196
127 459
247 499
270 5
43 750
658 851
137 712
57 349
308 895
754 932
371 221
961 286
555 134
450 164
647 952
708 240
156 89
255 471
252 496
867 890
229 603
813 812
994 621
472 154
369 110
192 821
307 127
743 313
707 195
446 336
576 524
910 592
477 691
124 748
712 944
765 923
459 611
336 335
976 74
82 33
228 683
777 720
148 222
158 152
969 205
379 436
530 562
801 85
457 598
150 513
467 670
417 500
373 950
646 873
432 280
995 936
892 37
155 728
514 776
734 877
489 478
200 395
209 219
60 235
762 856
796 301
896 438
559 469
870 463
87 660
18 259
221 916
41 489
107 826
519 482
574 456
111 160
535 548
17 628
113 815
629 27
290 877
839 946
705 313
857 801
814 586
661 380
38 999
151 990
520 602
51 669
798 648
717 494
670 897
763 226
397 319
935 591
632 747
800 201
326 86
919 62
675 28
638 740
637 862
785 107
989 799
733 539
455 404
569 132
882 781
140 800
997 375
588 82
468 979
829 857
223 630
755 363
333 990
620 824
217 20
92 431
903 424
47 947
78 802
531 866
554 303
149 305
656 75
147 185
864 696
828 505
509 945
845 467
568 59
567 393
838 920
34 179
726 544
806 820
257 717
464 730
313 203
750 534
166 269
649 47
732 647
436 994
951 984
445 656
61 431
603 847
830 884
609 341
628 230
767 444
165 309
775 348
973 615
438 413
586 714
125 976
75 183
126 729
45 50
342 177
279 648
573 538
185 193
605 629
943 263
834 756
30 625
266 481
558 516
748 763
788 709
471 58
56 865
370 400
5 770
129 785
593 191
478 844
130 163
410 893
849 284
85 343
671 52
2 87
504 894
546 680
239 232
487 852
260 685
968 37
285 170
195 417
810 891
465 922
660 887
689 297
3 24
893 808
481 526
751 563
758 381
782 502
448 396
353 706
699 986
616 646
332 918
190 291
482 20
771 463
909 266
599 198
786 156
884 965
231 572
580 369
718 255
276 859
71 210
134 998
368 600
388 824
164 642
545 379
433 652
303 435
429 767
694 355
281 913
46 653
581 746
16 64
203 429
389 971
191 786
972 104
902 71
479 383
933 517
723 407
120 378
680 29
258 9
832 389
716 428
883 875
400 189
233 573
273 518
469 17
206 827
529 574
404 433
855 256
553 353
525 721
118 109
541 930
871 921
953 606
851 722
316 80
756 19
947 595
177 274
352 701
261 640
945 934
178 858
12 136
804 784
889 658
993 927
590 11
456 868
585 449
269 614
29 101
719 242
109 186
937 525
613 882
341 492
678 535
811 246
781 347
709 276
544 571
330 566
542 803
682 43
343 589
398 543
886 933
201 878
237 308
912 724
837 648
848 871
778 56
865 531
818 797
642 581
403 440
431 315
354 520
942 377
174 69
841 133
396 741
879 241
1 322
375 510
978 580
948 832
780 318
31 252
70 106
641 468
949 495
895 926
97 676
66 134
692 362
176 718
673 565
930 483
506 839
742 940
669 373
194 901
362 659
123 676
736 376
549 103
577 90
409 987
360 447
812 823
466 718
267 967
289 272
725 199
171 532
318 906
521 977
940 4
430 102
145 2
633 166
728 118
831 667
295 863
128 972
745 929
349 229
173 40
157 845
423 125
667 914
76 432
460 275
246 636
727 76
81 787
271 182
859 793
630 626
922 488
135 955
381 693
408 973
384 325
787 361
860 943
560 528
594 398
443 877
792 331
162 804
833 236
449 838
614 752
334 479
820 448
522 466
533 346
133 939
367 768
524 702
662 51
921 155
510 329
807 411
584 430
644 830
159 760
532 731
490 225
115 442
710 759
98 231
684 72
836 223
695 749
612 142
287 831
293 249
132 475
808 512
357 995
527 261
601 367
211 452
320 612
447 361
14 437
348 148
668 678
222 644
551 117
759 983
809 898
713 506
847 278
916 773
470 616
696 734
91 233
846 181
86 546
11 369
631 140
868 948
938 38
363 179
351 568
219 350
440 631
589 772
230 405
153 320
122 521
250 963
485 106
79 662
26 449
50 765
817 188
58 649
803 234
74 810
592 606
515 713
256 237
365 86
963 618
714 340
840 50
413 260
263 60
645 938
23 634
278 141
386 240
325 169
254 421
528 879
305 126
731 314
210 414
337 392
602 409
198 446
294 159
955 813
311 985
346 937
898 789
502 504
292 312
486 903
226 564
216 912
913 80
376 138
878 292
264 359
959 213
564 771
720 374
740 856
761 476
84 794
960 31
784 745
936 339
63 41
561 296
908 961
653 239
265 105
180 3
876 221
681 757
946 557
483 412
44 579
284 48
774 365
704 331
944 143
652 817
802 942
428 638
499 131
454 207
627 36
853 997
172 591
59 486
242 759
543 716
268 754
890 357
971 735
789 698
711 559
659 18
622 95
167 67
795 779
181 964
985 617
636 161
68 14
138 758
272 244
511 453
557 650
152 384
304 663
234 175
827 425
654 610
626 677
749 434
651 782
738 311
380 422
205 825
923 604
214 352
816 989
980 690
872 640
251 253
37 664
227 219
965 368
40 137
108 474
518 333
981 608
606 807
238 676
67 450
299 842
598 93
359 943
315 584
866 245
536 910
928 73
698 982
901 515
907 159
493 522
850 394
461 523
950 672
21 187
664 503
324 456
116 594
988 116
934 684
259 639
374 337
790 362
815 966
650 36
697 651
739 777
480 635
183 836
377 468
983 94
395 328
24 465
891 271
310 744
722 699
856 194
444 406
958 115
724 416
387 736
175 883
618 356
282 441
783 190
146 480
897 139
283 162
844 382
823 119
4 908
496 733
552 688
862 519
154 774
208 958
22 477
991 597
773 665
835 933
770 905
69 254
383 898
610 220
93 940
691 509
954 57
920 289
240 552
314 874
64 484
422 30
797 268
657 354
88 10
962 848
565 470
730 962
301 370
32 132
9 228
941 845
925 689
48 310
425 593
929 149
665 529
102 725
888 171
741 834
114 978
702 761
186 487
906 401
131 330
875 84
791 391
608 607
905 795
280 585
523 458
701 71
887 68
275 791
112 988
321 505
563 403
998 671
10 288
458 814
364 632
170 158
822 243
575 682
344 250
73 854
340 129
476 554
596 957
999 294
826 919
121 366
62 78
331 283
356 262
914 445
298 273
956 53
309 514
578 753
595 796
117 323
987 21
235 991
19 909
688 867
452 264
643 601
248 491
690 738
193 479
604 1
672 146
488 695
202 841
508 567
534 583
966 302
390 258
424 798
495 737
218 723
924 77
639 55
794 707
327 365
805 300
516 694
957 423
435 949
611 439
911 996
591 402
245 575
196 493
322 385
53 913
825 66
566 850
964 364
686 206
874 79
600 570
570 426
799 876
187 460
347 931
769 510
335 536
894 6
90 816
426 112
421 951
411 935
760 282
329 864
139 562
753 42
526 16
104 507
212 166
15 63
286 397
106 285
625 122
491 345
538 806
562 192
382 833
35 892
391 560
6 455
623 431
881 342
224 668
640 184
550 885
39 739
249 661
927 144
83 722
858 904
144 959
764 56
674 44
931 344
475 980
735 76
184 730
679 419
492 928
776 173
136 8
729 317
302 605
824 780
405 558
8 497
416 49
49 881
918 679
513 775
291 924
517 719
932 941
984 153
915 912
372 637
319 609
77 7
571 723
768 3
100 218
197 372
772 764
693 578
262 299
607 653
355 508
241 457
986 686
793 462
439 577
392 553
539 613
169 358
393 114
666 957
20 743
507 23
900 197
917 937
215 412
685 474
338 410
378 306
434 673
328 912
990 258
587 660
821 888
25 331
55 582
655 960
700 828
842 121
540 911
752 726
854 755
119 675
142 969
663 551
414 99
207 120
974 39
54 995
979 711
548 165
615 811
243 420
442 13
65 612
95 829
624 633
747 399
72 53
189 145
300 130
582 981
52 82
537 91
473 673
597 150
819 289
103 277
453 127
427 818
13 624
501 431
779 533
880 561
401 643
385 657
358 732
288 267
869 72
366 298
415 472
746 491
926 599
161 889
451 979
852 22
474 113
33 178
744 623
399 388
939 247
512 993
232 135
992 498
505 974
163 227
737 12
236 788
619 98
339 655
160 224
394 418
213 200
204 748
843 485
312 561
105 674
877 415
89 703
982 331
437 1000
101 975
503 300
188 736
412 556
634 257
277 332
1000 295
36 214
683 45
407 35
996 124
143 992
676 645
323 751
721 925
94 379
484 304
