200
23 167
180 42
154 55
67 36
41 116
66 22
119 57
77 197
4 110
15 33
80 154
108 92
162 62
30 199
70 88
150 159
115 133
174 165
31 176
91 142
42 16
32 114
97 5
135 140
132 23
98 169
196 158
105 163
160 76
38 54
200 63
73 21
107 150
147 73
34 129
112 141
166 87
155 122
12 64
29 38
94 165
111 91
26 69
185 187
68 193
79 17
101 24
82 49
109 28
18 174
193 47
125 107
146 39
157 132
19 100
126 2
159 9
27 139
167 78
171 81
117 188
95 134
44 6
199 157
149 167
190 197
61 178
14 58
56 65
9 111
25 42
13 189
188 69
57 183
100 103
54 166
37 42
123 11
131 66
182 113
151 4
59 67
40 144
198 109
65 180
89 80
72 128
50 34
76 102
71 38
172 85
169 172
170 45
161 44
143 153
106 30
2 14
20 114
145 43
158 64
81 179
191 185
93 99
48 60
163 130
139 118
10 69
183 106
121 141
186 7
176 190
51 151
36 148
60 186
173 60
179 147
49 181
28 82
177 39
69 101
114 72
134 119
5 19
192 132
118 182
74 51
122 171
53 142
178 40
197 104
84 199
116 120
140 198
187 56
78 45
52 64
104 137
102 27
85 155
127 123
175 98
8 18
17 97
88 143
124 18
62 70
137 185
181 63
138 59
142 194
83 161
136 64
47 107
110 61
33 189
168 131
130 32
43 134
148 83
1 146
6 71
87 93
103 175
55 162
64 184
3 68
46 61
75 152
90 112
92 176
21 188
133 48
113 8
120 90
195 23
86 132
165 140
96 87
39 59
16 50
164 179
153 126
156 81
144 108
58 145
11 68
152 187
35 169
129 127
63 168
194 89
141 115
24 15
7 163
184 1
99 41
22 79
189 74
45 196
