600
562 570
293 368
447 587
434 225
493 206
379 375
333 342
382 89
104 272
164 294
121 283
205 566
108 328
36 584
212 3
400 160
242 298
566 542
526 271
471 237
279 533
111 179
585 98
194 560
241 302
151 312
24 115
206 233
520 321
405 15
141 317
150 111
91 446
573 386
71 492
528 539
149 222
437 374
112 396
270 291
25 248
398 499
564 435
5 314
530 552
63 393
277 497
561 513
506 589
463 400
432 384
166 534
95 187
114 468
274 398
218 384
143 257
86 369
231 551
67 378
586 17
302 173
331 193
48 503
541 42
388 364
65 372
221 20
167 301
44 155
243 375
182 83
456 101
183 404
436 231
499 434
458 85
391 455
33 243
96 415
560 340
552 128
316 441
273 87
392 258
294 125
178 227
127 450
516 123
269 131
401 148
328 159
352 52
128 325
571 388
393 32
422 354
373 338
73 92
511 27
413 235
296 536
257 285
208 184
83 489
285 210
258 453
318 236
119 462
435 268
517 215
415 241
11 106
521 377
314 97
103 179
345 439
55 149
558 461
410 386
300 411
480 11
423 283
237 260
222 556
452 217
290 488
383 381
542 366
545 76
145 574
238 261
106 298
180 459
32 212
385 157
184 203
219 426
117 45
574 537
304 556
584 567
582 135
59 379
427 61
92 49
75 501
267 389
275 449
74 448
467 199
12 347
326 40
70 299
305 56
367 19
249 136
99 188
535 78
77 82
498 480
43 465
515 388
124 486
22 481
53 255
289 54
351 170
147 5
97 525
588 311
369 463
115 122
419 439
578 442
9 105
31 523
137 355
28 580
27 87
14 181
524 216
54 5
332 22
554 361
479 70
56 538
109 96
58 365
583 325
589 316
207 62
265 443
200 454
457 333
462 470
244 292
232 186
102 197
10 151
337 100
234 67
223 253
312 162
245 502
88 194
140 505
375 363
165 472
451 166
130 595
197 200
335 247
286 12
26 228
313 37
404 383
446 29
303 444
162 208
35 565
581 116
179 46
193 196
2 594
473 93
173 154
230 199
438 598
497 529
324 599
29 64
338 120
247 394
17 376
408 405
41 414
376 588
343 354
587 346
81 63
320 374
450 176
518 451
233 127
295 467
160 406
522 1
569 139
454 146
548 44
519 580
89 246
430 332
176 407
169 265
362 23
590 278
360 413
439 520
132 493
485 418
565 356
418 295
348 511
357 329
368 170
399 559
420 344
412 408
557 90
133 31
482 110
593 55
93 296
396 447
306 478
15 491
461 65
339 256
496 132
195 233
228 373
433 453
42 211
539 292
175 405
240 172
39 553
470 73
537 164
440 241
214 350
572 559
174 498
262 398
378 495
460 118
389 458
490 586
570 496
259 264
266 596
248 198
354 519
323 490
441 460
556 509
453 348
476 279
523 452
215 349
310 416
455 269
1 53
72 8
600 390
575 308
591 524
158 411
251 318
188 124
559 548
527 535
448 202
599 141
152 550
442 68
555 600
157 565
7 369
321 54
549 498
138 207
596 30
390 129
287 309
142 250
417 47
19 178
341 107
8 545
353 529
579 150
428 588
161 384
280 323
358 400
68 395
20 224
156 330
356 251
577 140
202 421
329 518
325 165
488 476
196 543
395 424
567 215
90 507
278 266
217 521
264 138
509 409
235 380
411 419
533 473
148 192
40 334
501 564
201 129
50 95
84 98
6 368
213 143
502 177
386 422
284 175
349 526
507 367
16 214
94 485
263 51
69 133
394 250
159 80
414 290
299 234
144 297
131 204
110 335
125 423
505 113
168 347
254 6
416 99
512 370
478 303
288 502
402 180
308 468
23 445
272 189
186 77
361 595
495 504
503 420
529 88
489 39
154 263
61 430
492 558
595 254
465 274
177 357
309 544
189 113
500 335
52 540
113 326
78 281
514 150
155 402
66 557
491 562
469 37
363 70
298 554
271 72
47 581
576 389
536 139
426 352
79 153
374 401
466 202
236 183
364 475
510 321
486 552
276 229
397 167
409 462
472 86
347 483
101 209
407 578
282 152
359 191
381 482
34 156
216 252
172 26
252 21
37 205
80 48
483 549
123 306
229 438
370 117
311 145
45 33
531 436
82 408
224 267
355 506
484 499
283 522
3 305
122 399
307 582
134 173
327 229
544 270
107 516
76 25
372 319
260 382
494 370
481 561
268 568
225 171
319 593
449 95
291 448
261 360
60 518
425 38
597 277
203 253
171 245
513 66
253 41
487 331
21 431
504 320
185 456
18 528
563 145
568 541
540 157
100 307
330 43
281 280
105 313
380 532
199 432
322 102
384 339
51 186
246 359
475 449
57 39
406 425
190 5
474 143
444 391
49 429
129 185
139 590
153 487
508 280
592 328
550 531
292 16
445 457
239 392
377 221
580 555
403 183
443 104
344 75
365 427
334 112
538 150
532 410
346 324
120 362
340 322
116 69
366 397
551 277
85 300
136 259
198 91
464 485
170 219
181 571
4 348
46 94
227 282
191 169
547 358
64 336
226 137
13 90
598 535
553 81
146 337
534 370
87 581
135 287
546 226
256 546
594 156
297 492
163 458
192 592
62 144
424 286
210 2
301 58
118 240
525 182
429 238
459 96
431 24
209 528
477 448
255 392
468 10
250 14
342 213
317 341
336 79
220 81
126 37
387 220
371 305
350 310
204 36
98 575
543 136
421 327
187 471
315 401
30 591
211 84
