100
37 100
94 57
34 88
56 70
69 81
24 19
30 79
64 20
57 42
62 14
14 87
93 89
9 89
31 56
32 28
55 43
76 8
53 43
83 72
66 97
16 31
82 96
21 66
49 67
65 51
47 21
38 80
8 62
91 92
15 57
61 95
7 84
100 39
48 34
51 86
72 29
78 3
41 2
27 70
85 30
5 13
25 40
84 91
59 41
77 76
98 68
88 65
90 78
67 17
12 13
81 12
46 6
58 31
50 54
97 22
36 35
63 73
54 19
13 90
96 59
92 25
43 64
89 6
22 43
86 83
33 81
26 92
10 7
20 38
74 48
4 47
28 74
45 69
80 11
87 4
99 38
60 27
23 61
71 1
52 23
29 37
17 76
11 94
3 71
75 50
1 93
6 85
18 45
42 75
40 18
73 36
39 16
95 63
35 96
68 67
44 95
79 68
19 32
70 23
