10000 1000
-22367 -1
32474 1
-13431 1
32616 1
5379 -1
19863 -1
1454 -1
29186 -1
-16407 1
-15217 1
26135 1
-26457 1
-14019 1
-7935 1
-12809 -1
-5756 -1
-9725 -1
-29204 1
-27953 -1
-2968 -1
-18343 1
5328 1
16458 1
13602 -1
-3815 1
28650 -1
-27422 -1
-11845 1
24263 -1
572 1
-26300 -1
-29326 -1
-9997 -1
-9615 1
-13306 1
26325 -1
859 1
5800 -1
-4654 -1
-25454 1
14473 1
3218 1
6696 -1
-11152 1
-11329 1
-27436 -1
-31090 1
-32261 1
-13020 -1
23798 1
18891 1
-11026 -1
20348 1
24600 -1
-16608 1
-23465 -1
-17002 -1
4787 1
13388 1
-30156 -1
-433 1
-19052 1
11730 -1
19012 -1
-30714 -1
17204 -1
-3032 -1
30595 1
9642 1
-29020 1
-27175 1
11733 1
58 -1
-17113 1
20193 -1
16589 1
11221 -1
23508 1
22466 -1
12783 -1
-27447 1
-6773 1
25499 -1
8345 -1
25028 1
28144 1
29706 -1
-19255 -1
999 -1
19663 1
17278 -1
-3494 -1
20909 1
22145 1
-19306 1
2280 -1
14241 -1
27683 1
14024 1
24585 1
-12777 -1
-19597 -1
31953 -1
13904 -1
-3489 1
-32672 1
8186 1
23209 1
-25719 1
-7373 1
19761 -1
19538 -1
11911 1
-14569 -1
-22361 1
1220 1
1656 1
-1839 -1
-19202 1
13028 1
31702 1
-31126 1
-5740 -1
-21354 1
-4018 -1
-27732 -1
-446 -1
-21137 -1
14200 -1
10418 -1
29570 1
8959 1
-527 1
-19218 1
15716 1
-30198 -1
-15159 -1
-22589 1
-27948 -1
-187 1
10526 1
-3569 -1
-24056 1
31559 1
16451 -1
-15017 1
1469 1
-17452 1
27023 1
10415 1
15103 1
21961 -1
14000 1
26719 -1
-28367 -1
-30896 1
8377 1
-1469 1
5893 -1
24407 1
-11511 -1
30010 -1
-17599 1
5886 -1
5141 -1
-17346 1
8985 1
-31199 1
18291 1
-22025 -1
23085 1
3740 -1
-28866 -1
17174 -1
4685 -1
228 1
18404 -1
5647 -1
-4991 -1
-8040 -1
-23298 1
838 1
15673 1
-2813 1
-9453 -1
-23684 -1
-21085 1
-785 1
3513 -1
20628 -1
21879 -1
31570 -1
-12695 -1
-16915 -1
28981 -1
-26269 1
-2547 -1
-16758 1
-10534 -1
25380 -1
21710 -1
30300 -1
-20150 -1
-13283 1
22109 1
-1044 1
30313 1
-13124 1
-20705 1
-13681 1
26967 1
11024 -1
20168 1
31693 1
20200 -1
-15768 -1
-6916 -1
-3419 -1
-2768 1
19492 -1
939 1
11953 -1
-2892 -1
-1691 1
17104 -1
-29589 -1
925 1
-4212 1
-10656 1
774 1
-20165 -1
26332 -1
-27071 1
-10893 1
30336 1
-29736 -1
6372 -1
19653 1
-6789 -1
-31868 1
-19123 1
-30504 -1
-13309 -1
-20412 1
-23770 1
-11036 -1
28996 1
27827 -1
-20846 1
9789 1
-9694 1
385 -1
-21383 -1
-13804 1
2748 1
30025 -1
16921 -1
-25111 1
-19119 1
-26395 -1
-23829 -1
-31562 -1
5932 -1
-19999 1
-28864 1
-22518 -1
-16706 -1
-9987 1
6994 1
19712 -1
-4824 1
-23206 1
-2257 -1
-11660 -1
-25642 1
18949 -1
16687 -1
-24074 1
10629 -1
11109 1
-25763 1
-18050 1
-30017 1
-9409 1
-29252 1
12316 -1
-10751 -1
-20341 -1
29931 1
-23026 1
-22820 -1
-4395 -1
-12873 1
-20761 1
2453 1
-30214 1
14406 1
-22509 1
-25267 -1
-30733 -1
-25757 -1
-26780 -1
30617 1
-24537 -1
-17076 -1
-7925 1
-11924 -1
10882 -1
-23488 -1
-5489 -1
-227 -1
8390 1
21785 -1
385 1
3760 1
-2938 1
30939 -1
-6938 -1
17229 -1
12598 1
-1213 -1
7038 1
-1458 1
2363 -1
-23349 1
-24397 -1
-12598 1
-20392 1
29387 1
30667 1
21133 -1
-26333 1
-8125 1
14194 1
-25858 -1
-12846 1
5076 -1
1466 1
-3061 1
21963 1
12421 -1
1575 1
-1174 -1
2030 1
-1867 1
24212 -1
-19426 -1
24391 1
-9283 1
10430 1
13534 -1
-19108 1
32520 1
-23315 -1
-27411 1
7652 -1
-11728 -1
-13500 -1
7497 -1
-24605 1
14023 -1
-30952 1
19591 1
-18187 -1
7083 -1
1370 1
31562 -1
-3004 -1
-31656 -1
4148 1
-14595 1
-1145 1
-26485 1
-6405 1
17878 1
12278 1
-17327 -1
22801 -1
19089 1
7613 -1
-21877 -1
-16096 -1
24811 1
24535 1
-21827 1
16649 -1
-26621 1
-29117 -1
-9235 -1
-5183 -1
24837 1
-16509 1
-32433 -1
4251 1
20569 1
-16432 1
-19295 -1
-21035 -1
-24232 1
15003 1
23977 -1
24764 -1
-13944 1
17187 1
19593 1
-27363 1
23004 -1
31733 -1
14014 1
-24657 -1
-27764 -1
-6262 -1
4456 -1
-30551 1
11690 -1
18664 1
23783 -1
27063 -1
7978 -1
31582 1
-23542 1
29870 -1
-5026 -1
-7649 -1
10498 1
26686 -1
8635 1
-19939 1
-17872 1
20927 -1
-14166 -1
8419 -1
334 -1
3495 -1
18699 -1
-29281 1
-20408 -1
-19609 -1
23006 -1
25348 -1
28911 -1
22444 -1
22339 1
-29961 1
-277 1
-8189 1
1364 -1
-29166 -1
20332 -1
-25975 1
30545 1
-1375 1
-6000 1
224 1
-20568 -1
-14688 -1
-30770 1
7463 1
-18533 -1
-16316 1
17910 -1
-27628 1
-12683 -1
13485 1
4624 -1
8528 1
31091 -1
-18123 1
1275 1
17150 -1
-25365 -1
28730 1
26298 1
5754 1
29878 1
11534 1
-29043 -1
15016 1
-22050 -1
23298 -1
19017 1
14495 1
-6953 1
-11865 1
-15481 -1
6063 1
13919 1
-26643 1
4792 -1
-16559 1
-4111 1
14675 -1
-10955 -1
-15499 -1
-32127 -1
-16 1
8038 -1
6670 -1
-5226 -1
-18682 -1
-9289 1
1772 1
-5818 1
17071 -1
-28825 1
26642 -1
-29317 -1
-3614 1
-21371 -1
-32049 1
-4682 -1
6202 1
-20215 -1
-23432 -1
31084 1
-26851 1
-21771 -1
-19441 1
-26863 1
-4881 -1
780 1
22574 -1
2161 1
12865 -1
-30533 1
4980 -1
-20330 1
-8484 1
-7369 -1
-27192 1
10919 1
-21894 -1
2459 -1
1337 1
6660 -1
3451 1
19202 1
3022 1
-17000 1
14800 1
-15397 1
20848 -1
12294 1
-20912 -1
17133 1
-14986 1
-17617 -1
-31637 1
3867 -1
25727 -1
-3904 1
-14194 1
14248 -1
23804 -1
-1347 -1
-30237 -1
21084 1
-29823 1
-24452 1
-18946 1
25009 1
-30759 -1
4322 -1
7429 1
-13545 1
24254 -1
5674 1
6071 -1
-5741 1
-13572 1
-6679 1
-9660 1
-25704 1
-21821 1
10636 -1
-17276 1
-28580 1
-13820 -1
-29712 -1
264 -1
-15524 -1
23601 -1
21642 -1
26190 1
-769 -1
15472 -1
7741 1
-9344 -1
-1801 1
-6020 1
-27141 -1
16577 1
-10645 1
7731 1
-24531 -1
9233 -1
-18986 -1
-26707 -1
14438 1
-15482 -1
-22355 -1
2829 -1
-29515 1
7035 -1
10557 1
-23151 -1
32022 -1
15796 -1
659 1
8760 1
16865 -1
-26579 -1
-21403 -1
-25054 -1
26629 -1
17598 -1
-7058 1
-22500 1
12055 -1
12545 -1
-1091 -1
-26714 -1
-12070 1
-24441 1
-5102 -1
-10932 1
-29746 1
-17217 -1
-4439 1
-10959 -1
-12783 1
-27356 -1
-30252 -1
10560 1
3002 -1
-14500 1
-2971 -1
26335 -1
-11483 -1
9330 -1
3379 1
-18324 -1
11516 1
-29326 1
28155 -1
22624 -1
-31977 1
3033 -1
7120 -1
-1198 1
-22410 -1
25400 1
23812 -1
1754 1
-29469 -1
-5187 -1
9267 -1
24578 -1
-28343 -1
10030 1
30311 -1
-25356 1
-14332 -1
-9718 1
-16239 1
7927 1
-25885 1
28367 -1
-12411 -1
-13413 -1
-16147 -1
28621 1
1276 -1
25193 -1
30745 -1
-14290 -1
18874 -1
-22157 1
19055 -1
-2231 -1
566 1
-3111 1
-31564 1
-22205 1
-18497 -1
18140 -1
-32291 -1
24886 1
-16861 1
29812 1
-13338 1
-20590 1
2387 1
480 -1
967 1
1247 1
-25492 1
-28552 1
-17709 1
-917 1
24789 -1
-12505 -1
15862 -1
-11230 1
17253 1
8975 1
10737 -1
-8758 -1
18641 -1
-10046 -1
-3021 1
7281 -1
-12602 -1
-11174 -1
-16919 -1
-31529 -1
8436 -1
12344 1
-7281 -1
-23658 -1
-14435 1
4707 1
-27923 1
-5019 -1
-32274 -1
11300 1
21127 1
-12975 -1
30485 -1
4684 1
13728 -1
-4237 1
-2464 -1
-32275 -1
14268 1
-30908 1
-1510 1
-11741 -1
3386 -1
28754 1
-28983 -1
18763 1
61 1
15390 1
-28500 -1
-5253 1
-6049 -1
-5139 -1
26133 -1
32454 1
-7741 1
12279 1
14142 -1
22567 1
-1627 -1
6477 -1
11421 1
15024 1
-25972 1
-28287 -1
-29287 -1
-29339 1
1072 1
847 -1
-15316 -1
29163 1
16029 1
-2687 1
28153 1
6957 -1
-12461 1
13503 1
27876 1
-28556 1
27381 1
-28886 1
-26365 -1
27674 -1
-11172 -1
-14612 -1
15004 -1
8797 1
22465 -1
-6646 -1
-20965 -1
22552 1
12456 1
-24090 -1
4332 1
14939 -1
454 1
2918 1
-12805 1
-28621 -1
-17043 -1
7540 -1
11370 -1
5688 -1
26833 1
-10560 -1
-275 1
-30549 -1
-26371 1
-22035 -1
2514 1
-217 1
4911 -1
22450 -1
9901 -1
-19391 1
29142 1
21954 1
25983 -1
-16086 1
-8499 -1
27774 -1
32721 1
-6286 1
-24756 1
12956 1
-19190 -1
-27647 -1
28853 -1
-28796 -1
30309 -1
23866 1
18051 1
-29842 1
13402 -1
10451 -1
20624 -1
-12565 -1
10415 -1
-17070 -1
18162 1
-3817 -1
-14838 1
6153 1
17441 1
8649 1
-8411 1
16586 1
8689 1
-10679 1
-20921 -1
11273 -1
22221 -1
-3496 1
7290 -1
-5088 1
-20277 -1
-15211 1
7859 1
-17522 1
-32634 -1
6362 1
25599 1
569 1
10679 1
-29252 -1
20635 -1
7060 -1
-5138 1
-4633 1
12867 -1
-29072 -1
-11060 -1
28118 -1
-4939 -1
-1013 -1
19717 1
-5171 -1
11264 1
19604 1
-14252 1
18571 -1
3648 -1
30158 1
-22726 -1
30603 1
26455 1
-14440 1
-30949 1
28957 -1
29724 1
-27789 -1
-32587 1
5015 -1
-844 1
6692 -1
18919 1
21535 -1
-8742 1
-5203 -1
21903 1
20577 -1
-20295 1
-27731 -1
-12927 1
21876 1
-20423 -1
18293 1
-274 1
2056 1
659 -1
-25716 -1
29375 -1
-6612 -1
-19980 -1
23549 -1
-2901 1
-14399 1
993 -1
26748 1
7802 -1
-8268 1
-22313 -1
16680 1
-17761 -1
-971 1
-16580 1
-21585 1
18635 1
11197 1
-28146 1
-27880 -1
-15168 1
1031 1
-5428 1
3918 -1
16269 1
-31834 1
19810 1
6497 -1
-14208 1
-27233 1
-17165 -1
29124 -1
-22242 1
-22828 -1
26647 1
21102 1
22196 -1
29148 -1
-31119 1
-31349 1
17582 -1
-27024 -1
30673 -1
21275 -1
-10996 -1
8334 1
27870 1
-21528 1
-3099 1
-24245 1
-7416 1
-13098 1
28507 1
22818 1
32130 -1
10970 -1
30997 1
-27936 -1
3605 1
-25745 -1
19335 -1
15445 -1
28646 1
-20954 -1
-11213 -1
5674 -1
-22358 1
248 1
10010 -1
23163 -1
13274 -1
-14506 1
-13368 1
-16767 1
10765 -1
26429 -1
-3389 1
-13561 -1
15379 1
12499 -1
-15759 -1
-9887 -1
15408 -1
10482 -1
8217 -1
4042 -1
-26024 -1
848 1
-18894 -1
1631 -1
-14296 -1
18396 1
7263 1
-4861 -1
28565 1
-22031 -1
32056 1
-13415 -1
15044 -1
17268 1
-27839 -1
-15411 1
-569 1
-24949 1
-31183 -1
-28851 1
-26069 1
30312 -1
19826 1
-8227 -1
-18138 -1
-30169 -1
19167 -1
-4372 1
31889 -1
17432 1
-32691 -1
-31768 -1
3870 1
20742 -1
-24690 -1
-31406 -1
5282 1
5659 -1
3392 1
6000 -1
-3218 -1
-17339 -1
6875 -1
27514 -1
-21846 -1
-10682 -1
7131 1
-29980 1
-6181 -1
10028 -1
-26157 -1
5059 -1
18208 1
-11634 -1
20685 1
21797 -1
-2476 1
8833 -1
-26051 -1
-32683 -1
13075 1
11892 1
-17503 -1
-1571 -1
8030 1
-16468 -1
12216 -1
20646 1
-4716 -1
22054 -1
-1378 1
1734 -1
30038 -1
21558 -1
6254 1
18171 -1
3591 1
-30626 1
11430 -1
30543 -1
-3350 -1
-12328 1
-3593 -1
6984 -1
3558 1
-27956 1
133 1
-23317 1
25856 -1
10788 1
1011 1
-10236 1
-22704 1
17886 1
10327 -1
10755 -1
8157 1
29076 1
28248 -1
-25309 1
17197 -1
-17109 1
-28669 -1
-12823 1
-15449 -1
-13527 1
19881 1
-9859 1
-28621 1
9475 -1
-7001 1
18659 -1
-23683 1
5825 1
18971 1
-19417 -1
-7712 1
-19077 -1
18897 -1
19725 1
7503 -1
-29722 -1
-24359 -1
-5024 1
-2653 -1
-7213 1
-27090 1
30673 -1
-32278 1
31004 1
5898 1
24557 -1
-23774 1
-19200 -1
15433 1
32380 1
-22546 -1
1784 1
-22084 -1
-15784 -1
10656 -1
23991 1
-26666 1
-1008 1
26085 1
26959 -1
-14107 -1
-15886 1
-32710 1
3647 1
7659 1
23077 -1
-23313 1
-23483 1
-29976 -1
-8238 1
-2325 1
-30522 -1
-19208 -1
-5028 1
-2943 -1
24389 1
-26758 1
-19054 -1
-14711 -1
-4478 1
23934 -1
25868 -1
-8954 -1
24559 -1
-4600 1
5124 -1
3705 1
404 1
5970 -1
-22159 1
27827 -1
10794 -1
-13761 -1
24191 1
-24271 1
-13624 -1
-29194 1
-17780 1
10941 1
-12382 -1
1916 -1
-32574 1
14798 -1
-20702 -1
4656 1
13716 1
32144 1
-8295 -1
25988 1
30966 -1
-22255 1
-27945 1
-19157 -1
-29407 1
-23432 -1
-18709 1
9339 -1
-1327 1
5456 -1
9331 1
-12553 -1
-727 -1
6246 -1
-20393 -1
27334 1
28101 -1
2868 1
-28746 -1
-16230 1
-26129 -1
31948 -1
13661 1
7180 1
-13929 1
9600 -1
22254 -1
2436 1
-10682 -1
28098 -1
11482 1
-21692 -1
-5663 -1
-22334 1
26839 1
32644 1
-18702 -1
9269 -1
16321 1
-30087 1
16576 1
-22812 1
-3628 1
-16776 -1
24288 -1
-29813 1
17446 1
16096 -1
119 -1
-30956 1
-9291 1
823 -1
10007 1
-9653 -1
8718 -1
31873 1
8006 1
31012 1
-27461 1
-32571 -1
-20525 1
-22925 1
-26870 1
-16615 -1
-8320 -1
93 -1
17249 1
31428 -1
7344 -1
-889 -1
-13645 -1
12498 -1
19023 1
-6358 -1
-14998 -1
22789 1
21699 -1
-28761 1
26103 -1
-24264 -1
32558 1
-16368 1
27156 1
-16053 1
1947 1
24049 1
-8650 1
13969 1
26477 1
1458 -1
-9146 1
17805 1
7429 1
-8808 1
-11538 -1
30907 -1
27314 1
-15428 1
28574 -1
-16334 1
14045 1
25547 -1
-3855 1
-17942 1
-31092 1
-14197 1
-22923 1
3002 1
25238 1
-24457 -1
1908 1
-15158 -1
-9856 -1
7224 -1
3708 -1
30488 -1
6839 -1
16887 -1
21481 -1
-7158 1
-4215 1
-16417 1
-18980 1
-12978 -1
-6234 -1
-3532 1
-17800 -1
3825 -1
6988 1
6378 -1
-5224 1
-21977 1
29870 1
5028 1
-9825 1
-26889 1
31176 1
-15346 -1
20193 -1
-29149 -1
6772 1
-31102 -1
-28407 -1
2275 1
1799 -1
28091 -1
4701 1
-13720 -1
-1923 -1
-21056 1
-19394 1
-16999 1
28666 1
16745 -1
23644 -1
8418 -1
24133 -1
17712 1
29358 -1
23106 1
-11494 1
18504 -1
-3221 -1
-18460 1
18233 1
17787 1
-18585 -1
-4453 1
-19170 -1
-20805 1
-12913 -1
10152 1
8818 -1
22960 -1
22231 1
16517 -1
-1371 1
14449 -1
-10893 -1
-1901 1
-2325 -1
29507 1
-4271 -1
923 -1
12177 1
-18052 -1
3130 -1
28246 -1
-7901 1
-22029 -1
-26845 1
30052 1
-28184 1
-8277 1
-26366 -1
9681 1
13209 1
4041 1
14096 1
31457 -1
16474 -1
-18021 -1
-20499 -1
-19794 -1
13482 1
-32662 -1
-28011 -1
-7894 -1
23058 1
-9299 1
16357 -1
-32207 1
-28295 -1
-28025 1
-7686 -1
-32076 1
19665 1
-12391 1
16278 1
32068 1
-7739 1
12762 -1
-20588 1
16145 1
379 1
6922 1
-26235 -1
-559 -1
-21219 1
27909 1
10013 -1
9525 -1
457 1
3658 1
-10143 -1
1811 -1
-7987 -1
20137 1
-21772 1
-9357 1
4550 1
-32089 1
28477 -1
-11767 1
-6896 1
-27994 1
25376 -1
4401 -1
-6484 1
1037 -1
-4168 1
13285 -1
13429 -1
11792 1
-17845 1
23040 -1
23974 -1
22111 -1
484 -1
29806 -1
-21041 -1
-15272 -1
16922 -1
-21529 -1
2758 -1
16365 1
27884 1
32035 1
-17445 1
3680 -1
-9234 -1
-5729 -1
3342 1
-13178 -1
2413 1
-12571 -1
-1385 1
-861 1
-17237 1
-25858 1
-15025 1
-27244 -1
19495 -1
31858 1
-19878 -1
-1063 1
-22798 1
-11496 1
-19762 -1
-5195 -1
25617 1
-6085 -1
-29338 -1
15913 1
9565 -1
-3909 1
10985 -1
-5702 -1
2003 1
23481 1
-6553 1
27188 -1
25813 1
32012 -1
131 1
23215 1
-4940 1
-9332 -1
-14601 -1
-9211 1
5629 1
-25207 1
10880 1
-12412 1
29964 1
-17697 1
27107 -1
-20886 -1
3792 -1
25219 1
28341 -1
15047 -1
27609 -1
2926 -1
2359 1
6913 -1
-25151 -1
8817 -1
-1482 1
28748 1
5165 1
21263 -1
10662 -1
29084 -1
-5548 -1
-9541 -1
-29884 -1
10992 1
-17843 -1
-10555 1
-21736 1
10155 1
9839 -1
-14152 -1
-13914 -1
18230 -1
16591 1
-44 -1
7494 1
6102 -1
-24403 1
-27016 -1
-13513 -1
21450 1
-11286 1
-29344 1
32542 -1
23720 -1
32280 1
7509 -1
-4866 1
20728 1
25039 -1
5980 -1
4708 -1
-6161 -1
10481 -1
8132 1
-18001 -1
-52 -1
-3451 -1
-25766 -1
3102 -1
-19174 -1
-13316 1
21805 1
32726 1
-17298 -1
-6472 1
9161 1
-4070 -1
-15454 -1
-14063 -1
29871 1
-26118 -1
-3405 1
27550 -1
29844 -1
20842 1
29077 1
29248 -1
-21417 1
7721 -1
-24386 1
29844 -1
24793 -1
-1516 -1
13579 1
1274 -1
-16705 -1
9691 1
23155 1
-2938 1
-32751 1
9668 1
11812 1
29205 1
29151 1
31885 1
-24199 -1
-7247 -1
10802 -1
-32219 1
2215 -1
-30204 -1
-31408 -1
-7427 1
-14663 1
9545 -1
-15488 1
4400 1
11329 1
11278 1
-23845 -1
18133 1
26145 -1
-1107 -1
27580 1
-19029 -1
-1025 1
-1056 1
-8820 -1
6128 -1
-23974 -1
5256 1
10317 1
31985 1
-21980 -1
-2039 1
-1812 1
30229 -1
29966 1
-7099 -1
4509 -1
14142 -1
-10792 1
28881 -1
-13891 1
-18520 1
-19889 1
-2033 -1
-31133 -1
-25482 -1
-17187 1
3292 -1
5505 1
-160 -1
21645 -1
31971 -1
30782 -1
14775 1
-9324 1
29882 1
-8213 -1
-29995 -1
20933 1
12671 1
-3831 -1
-189 -1
-10886 -1
-4357 1
-21125 -1
-2568 -1
-2078 1
-7526 1
-23620 -1
8230 -1
-12890 -1
-28615 1
-9760 1
-10909 1
25730 1
30317 -1
-24355 -1
-399 -1
20660 1
-27136 1
-7286 1
-4897 1
-15743 -1
-32285 1
19095 1
16939 1
-6595 1
-6434 -1
23260 1
-27169 1
-8903 -1
7989 -1
-26919 -1
-13377 -1
-30875 1
-7318 1
21994 1
10749 -1
-15536 1
-23334 1
-4190 -1
12459 -1
-5813 1
-12086 1
-3327 1
23146 1
-15283 1
-1940 1
-9291 1
14423 -1
-21355 1
-3283 -1
-21946 -1
6640 1
-22511 -1
23513 -1
11008 1
-26056 -1
-19327 -1
-10159 1
14209 1
30572 1
-24741 1
-20099 1
28692 1
11924 -1
28819 1
11777 1
-22268 1
-7053 -1
23483 1
17108 1
14371 1
29925 1
-12464 -1
-24438 -1
-29080 1
-16984 1
-13628 1
-1599 -1
-1099 -1
26875 -1
-11713 1
12972 1
-26887 1
1190 -1
-32468 1
7663 -1
26031 1
15014 1
-1303 1
-19128 1
-24252 1
29091 -1
16214 -1
-25666 -1
-24822 1
6862 1
-9957 -1
-15519 1
24433 -1
-30799 -1
21048 1
-30279 -1
25035 1
-3309 -1
15811 1
-9439 1
-7843 1
8447 -1
22292 1
28998 -1
15964 -1
-2194 -1
-9774 1
-3301 -1
-16915 1
-5850 1
12583 1
-55 1
19166 -1
-27358 -1
30212 -1
8342 1
-15685 -1
350 1
-5843 1
-14663 -1
32005 1
-14344 1
5130 -1
13256 1
-15619 1
11739 1
12575 1
19289 1
8078 1
-11482 -1
-24424 -1
6088 1
8921 -1
2293 -1
19252 -1
-31617 1
5559 -1
-8244 1
-26409 -1
-16596 1
4248 1
26661 -1
-4575 1
29320 1
-11971 1
13447 1
-12733 -1
-15265 1
981 1
9014 -1
-25364 1
-23149 1
-2425 -1
22873 -1
-5241 -1
29396 1
361 -1
-32202 1
-11623 1
-19424 -1
1956 1
-7365 -1
6932 -1
-17546 -1
20720 -1
-24788 1
24467 -1
-3015 1
-20883 1
19705 -1
32554 1
-26579 -1
18508 -1
-25629 1
-26613 1
6332 -1
27032 -1
-27065 1
12219 1
8752 1
10018 1
10178 1
-17424 -1
2186 1
-20362 -1
26073 -1
-26795 -1
19739 1
602 1
32179 1
8201 1
-13749 1
13381 -1
-14533 1
-23106 1
-11133 1
-16290 -1
-25395 1
-1578 -1
15602 1
15655 -1
-16378 1
24747 -1
3896 1
-8425 -1
19036 1
7777 -1
19113 -1
-22419 -1
28812 1
19318 -1
20125 1
-24550 1
13210 1
-32191 -1
14456 -1
7280 -1
-22689 1
-13592 1
-2548 1
22928 1
5934 1
1532 1
31408 1
-17321 1
-28914 -1
-27239 1
-16633 1
18853 -1
7851 1
-21744 1
-24024 -1
-10157 -1
15951 -1
25121 -1
14427 -1
5670 -1
-11898 -1
17434 -1
-5159 1
22766 1
-17177 1
17509 1
-12094 1
10967 -1
16215 -1
-30747 1
4877 1
16740 -1
16583 1
-567 -1
25784 1
25794 1
2003 1
-57 1
-16553 1
22537 1
18788 1
31998 -1
27990 -1
-3507 -1
30162 -1
-1502 1
29010 1
25692 -1
-8462 1
-15879 1
-22678 1
-26555 1
30733 1
3096 -1
13584 -1
20960 -1
28535 1
-15873 1
-9836 1
18607 -1
6032 1
-16153 1
-29986 -1
-5020 -1
-16742 -1
15488 1
3264 1
17832 1
24891 -1
-21431 1
-24952 -1
-6043 1
23092 -1
10109 -1
-3308 1
-28290 1
-8003 -1
30443 -1
11832 -1
19052 -1
21841 -1
-4819 1
22848 1
6496 -1
25263 -1
-19796 -1
8507 -1
-10913 1
-6078 1
-16321 1
-2687 1
-15909 -1
23773 -1
-692 -1
-28558 1
27729 -1
4499 -1
-13420 -1
9569 1
25082 1
-2301 -1
-26991 -1
-27380 -1
11416 1
20345 1
-25436 1
28690 1
4812 -1
-9619 1
10769 -1
-32609 -1
-13588 1
-23599 -1
-25341 -1
-6064 1
-29389 1
32247 1
-710 1
-127 -1
-20329 1
-29191 1
13598 -1
9679 1
-21488 -1
-983 1
-5857 -1
-18219 1
10428 -1
-31848 1
7795 1
-17910 -1
-25456 -1
-14513 -1
20057 -1
7926 1
17721 -1
26956 1
3605 1
23329 -1
25928 1
-26460 1
17733 1
935 -1
910 1
19137 -1
5374 -1
-25919 -1
-32698 -1
11646 1
-19301 1
11957 -1
-12400 1
18537 -1
-28047 1
-14003 1
-5834 -1
-21781 1
-29595 -1
-29903 1
-10771 1
24828 1
4877 -1
31190 1
-14274 -1
-32240 -1
13164 1
-29526 1
-5044 -1
-31683 -1
-26909 -1
-1649 1
5294 -1
-5941 1
-4737 -1
3552 -1
-6417 -1
-18973 -1
29518 -1
-1861 -1
-4063 1
-10459 -1
27178 -1
15285 -1
-16878 1
30973 1
-7309 -1
-28549 -1
-22378 1
-27951 -1
-13528 1
9555 1
-21904 1
-12903 1
3760 -1
-16472 -1
4264 -1
-14929 -1
28064 1
-4588 -1
-20035 1
-28408 -1
-6639 -1
-7770 1
5046 -1
15286 -1
-32701 1
9445 -1
23766 -1
5981 -1
-11364 -1
14106 1
-14068 -1
-31654 -1
17933 -1
27479 1
-31771 -1
-30169 -1
-22928 -1
30363 1
-10888 -1
-15549 1
-6800 1
14735 -1
5225 -1
-30658 -1
29143 1
-3285 1
-25562 1
9069 1
-30190 -1
22672 -1
12060 -1
16131 -1
-10752 1
-17203 -1
-6424 1
-12152 -1
7920 -1
-910 1
14867 1
921 1
-21176 1
-8725 -1
-19633 -1
1400 -1
27141 1
-13682 -1
23343 -1
-17687 1
-8207 -1
26190 1
26844 -1
2136 -1
2236 1
18011 1
-21464 -1
19492 -1
-248 -1
-18085 -1
27408 -1
-17114 1
-26958 1
-22809 -1
-29817 -1
31738 1
1739 -1
2390 -1
-8076 -1
-8466 1
-9747 1
-6322 -1
-8193 -1
-29672 1
-23748 -1
27023 -1
-27854 1
31207 1
-1290 -1
17888 -1
24418 -1
207 -1
20355 -1
-19702 -1
12062 -1
26775 1
-1876 1
-5263 -1
1300 -1
-24230 1
-25739 1
18720 -1
9219 -1
30258 -1
-2231 1
22881 1
-24721 -1
-18935 1
454 1
31001 -1
26058 -1
-4892 1
-28446 -1
-1835 1
472 -1
24930 -1
-9470 1
8929 1
30468 -1
-24718 -1
-27157 -1
31863 1
3308 -1
22295 -1
-11107 1
11498 -1
-24070 -1
18963 1
-16975 1
8450 -1
-7509 1
-29278 -1
-10505 1
-25501 1
-20585 -1
-28428 1
14626 -1
21310 -1
14748 1
24849 -1
-20585 -1
-3797 1
-28298 -1
-23599 1
-30728 1
-9679 1
-22224 -1
22815 1
-27102 1
-22369 -1
3849 1
-5378 1
-4126 1
27920 -1
27654 1
2569 -1
23336 1
-31876 -1
6732 1
28003 -1
2470 1
7309 1
5587 -1
24166 1
16106 -1
-22902 1
-30203 1
-13057 -1
903 1
-29833 1
18898 1
-3425 1
-3117 1
15074 -1
132 1
9954 1
25289 -1
32631 1
6690 -1
-31800 -1
19933 1
-1127 -1
-7319 -1
-18141 -1
4636 -1
24451 -1
2278 -1
28604 -1
-27209 -1
9754 1
-19624 -1
-26399 -1
20816 1
27656 -1
-27589 -1
3542 -1
31397 -1
-25089 1
-24178 1
7080 1
-5341 -1
-7961 1
-24427 -1
12030 -1
12938 -1
-24983 1
-9840 -1
-29133 1
30042 1
21243 -1
19204 1
-32707 1
22386 -1
-6989 1
19300 1
-31158 1
12040 1
-20391 1
-29638 -1
-29257 -1
-18495 1
-2053 1
-8659 1
-8159 -1
12614 -1
-10315 -1
-8293 1
32708 1
5299 -1
-10391 -1
6021 1
-22169 1
15900 1
26824 1
19615 1
14848 1
9463 -1
-23374 -1
-12039 -1
3976 -1
-6579 -1
4915 -1
-27824 -1
-11483 1
28950 1
361 -1
2858 -1
1317 -1
-18905 -1
-27990 -1
-16604 -1
-4039 -1
-18561 -1
-29853 1
2691 -1
-21564 -1
-25984 -1
-7726 1
-14571 1
-18250 1
10635 -1
19600 -1
29419 1
25965 -1
29757 -1
-7020 1
-26534 -1
-13952 -1
10477 -1
-29789 1
-11519 1
9900 -1
24011 1
-26359 1
-1628 -1
24725 1
-26945 -1
-4117 -1
-4000 -1
-5315 -1
27016 1
7270 1
2146 1
-23118 1
-8840 -1
12858 -1
15217 -1
-5325 -1
-19957 -1
-20104 -1
16013 1
-2943 1
-14758 1
24899 -1
1630 1
7611 1
20536 1
13534 1
2744 -1
16532 -1
-26595 -1
27933 -1
30481 -1
-12752 -1
29595 1
-10526 -1
9026 -1
3083 1
-29290 -1
-5287 1
-20605 -1
10279 1
14604 -1
-29872 -1
-26255 -1
-30710 1
29132 1
-31539 1
11606 -1
-17962 1
-28318 1
28211 1
16004 1
-1916 1
10620 -1
28170 -1
-11157 -1
-10523 -1
-3844 -1
-26358 -1
5133 -1
2135 -1
28498 1
-31206 1
-10230 -1
-32653 1
-12571 -1
-26753 -1
-21145 1
13396 1
-8970 1
20599 -1
-2427 1
-4841 1
1886 -1
-16908 -1
31642 1
8920 -1
-13764 -1
32225 -1
7401 -1
-8428 1
28530 1
-26117 1
-18952 -1
-2648 1
16772 1
28219 1
71 1
-1317 1
-4506 -1
6028 1
26077 -1
-20958 -1
-12465 1
-17168 -1
-7781 -1
12922 -1
4162 -1
-26616 -1
-10137 -1
29321 1
30104 1
30943 -1
-14929 1
31906 -1
18294 1
1106 1
-27581 1
10507 1
-20969 1
23708 1
-2785 -1
-12714 1
7273 -1
-21207 1
30289 1
-30507 1
-11831 1
20783 -1
-26158 -1
-882 1
23793 1
24696 -1
26209 -1
30019 -1
-377 -1
-25842 1
-32021 1
16687 1
12040 1
7771 -1
14713 1
29633 1
-18573 -1
-14134 1
-9911 1
-24809 1
-4171 -1
-28505 1
-24367 1
27816 1
3506 -1
11708 1
-15352 1
22780 1
25981 -1
-1408 -1
-23704 1
-17677 -1
-12 1
31294 1
-769 1
-18841 -1
-6658 -1
3985 -1
32719 1
-24221 -1
6946 -1
-28646 -1
10944 -1
30276 -1
-20326 1
13954 1
9075 1
30996 -1
24161 -1
10451 1
-22117 -1
-3926 -1
7382 -1
27387 -1
-552 -1
25541 -1
5272 1
-31641 1
14565 1
-19323 1
-24228 1
730 -1
6675 1
-32535 1
11131 -1
-16576 1
16504 1
20786 -1
-5573 -1
-9904 -1
-8288 1
-3588 1
-6947 1
26690 1
-21021 -1
28754 1
22356 1
3908 -1
1214 1
22426 1
-23947 1
-24335 1
5395 1
11138 1
-19470 1
4878 1
-1248 1
-6268 -1
30226 -1
17547 -1
-20063 1
4541 -1
-16342 -1
955 1
20476 1
-17504 -1
2302 1
-28684 1
19531 -1
26582 -1
16689 1
23469 -1
-14925 1
6033 1
-757 1
18015 -1
25060 -1
-8688 1
20681 -1
-15226 1
146 -1
30828 -1
-20611 1
24386 -1
-29305 1
11523 1
-8428 1
-14187 1
-7055 1
-10469 1
-9625 -1
31465 -1
3360 -1
2141 -1
-25868 -1
29948 1
-9097 -1
-18433 1
-21771 -1
18299 1
6194 1
12060 1
-12607 1
-6240 1
17356 -1
-9051 -1
14351 1
-30356 1
-3276 1
20918 1
-27070 -1
508 -1
15911 1
-22689 1
-9667 -1
-8900 1
16975 -1
24436 1
16999 -1
23529 -1
32365 1
18198 1
31397 1
1292 -1
-18911 1
-24560 -1
20029 1
30581 -1
-15860 -1
-20753 -1
12314 -1
31333 -1
23014 1
7325 1
-7910 -1
31393 -1
14103 -1
-28026 -1
-1002 1
22843 1
18831 1
-6717 -1
29738 -1
23970 -1
-26806 1
-2386 1
12224 1
5868 1
-7245 1
25194 1
31608 -1
14434 1
27058 1
14633 -1
-12461 -1
15692 -1
-7508 1
-7440 -1
8035 -1
-24574 -1
-19572 1
15016 -1
7844 1
12322 1
2845 1
31215 -1
26398 -1
21575 1
4709 1
-17927 1
5117 -1
17066 1
21220 1
27164 -1
-26118 -1
-32068 -1
-12149 1
-12181 -1
9460 -1
7443 -1
23596 -1
-10623 1
15127 -1
14508 1
-7574 -1
-22838 -1
-26410 1
-29185 1
25655 -1
6228 -1
-8307 1
-14191 -1
64 -1
29662 1
2337 1
-1034 -1
-27024 -1
25772 -1
-2785 -1
-11052 1
-22510 1
4377 -1
31169 1
-31547 1
-10115 -1
-1003 -1
-22857 -1
17337 -1
17821 1
1156 -1
-8151 1
-2706 -1
8610 -1
31818 -1
5179 1
-31905 -1
-24146 -1
5459 1
-8595 1
25987 -1
16192 1
32341 1
15719 -1
-15007 1
3730 1
-32716 1
15368 -1
1397 -1
-30456 1
20075 1
-12069 1
14630 1
-3561 -1
18120 -1
10926 -1
-16196 -1
-2597 1
32323 -1
-3052 -1
-18395 1
-25190 -1
21815 -1
-7905 -1
10431 -1
20584 1
-30307 -1
15837 1
-22551 1
-29724 1
28570 1
-18273 -1
20009 1
4903 -1
-20393 1
1591 1
23143 -1
-12449 -1
-30089 1
26577 -1
14266 1
30987 1
-31941 -1
7394 1
27662 1
16016 1
29485 -1
59 1
-16157 1
384 1
17339 -1
-24551 -1
-21632 -1
-16649 -1
-708 -1
1161 1
13554 1
-4151 -1
-1891 1
4852 1
-21222 -1
-11053 -1
-32290 -1
-9227 -1
22092 1
2213 -1
24810 -1
11995 -1
15263 1
-9125 1
45 1
-8438 1
-4658 -1
-31107 -1
-2385 -1
16657 1
26043 1
30746 -1
13919 -1
-14304 -1
-7968 -1
22605 1
4843 1
23345 -1
26753 -1
-8380 1
-581 -1
5959 -1
-24709 1
19653 -1
29409 1
-4729 1
-10472 -1
-21438 -1
27396 1
26378 -1
-7236 -1
-3184 1
-23216 1
-3914 -1
14111 1
-10454 1
24273 -1
24556 1
-53 -1
17942 1
-24999 1
11434 1
-31751 -1
19647 -1
-17526 -1
29463 1
30628 -1
7492 -1
32364 1
10179 1
-14005 1
17593 -1
23762 1
-404 1
-20686 1
13772 -1
-20598 1
24419 1
-18931 -1
16901 -1
-29783 1
-9173 -1
12905 1
-20289 -1
-14738 -1
-9084 1
22975 -1
-1388 -1
-25740 -1
302 -1
-24859 1
28798 -1
-18272 1
-5284 1
-14536 1
-21175 1
-25994 -1
-14165 1
-21760 1
-8990 -1
-27861 -1
5012 1
-9718 1
-29750 -1
-12161 -1
-20968 1
7975 -1
16131 1
3000 -1
16555 1
23009 -1
-20028 1
27699 -1
20965 1
7955 1
17873 -1
-20008 1
2922 -1
-25686 1
-671 1
30838 1
-17714 -1
-2108 -1
-20081 1
20499 -1
20983 1
-23000 1
9274 -1
-30132 1
-28181 -1
-14221 -1
145 -1
-6334 -1
-4253 1
20762 1
-31341 -1
11116 -1
31418 -1
22758 -1
-8225 1
-25665 -1
-8520 1
-12424 1
21658 1
-14512 -1
19634 1
-23705 -1
-10454 1
-15626 1
-2828 -1
-19389 1
28071 -1
-5543 -1
20592 -1
15599 -1
-31145 1
25944 1
-24989 -1
-20748 1
24449 1
25867 -1
25804 1
-5027 -1
-4183 1
4287 -1
13525 -1
-1786 -1
-9877 1
5546 -1
-21123 -1
32611 -1
21728 1
28073 1
-4147 1
-22977 -1
-13654 1
21479 -1
21427 1
22869 1
29962 -1
-32465 -1
-2649 1
-14540 -1
6077 -1
19256 1
11105 -1
-14989 1
-20445 1
-17607 1
-25739 -1
17471 1
9922 -1
14248 1
-19701 -1
20889 1
28966 -1
14193 1
-14901 -1
19054 1
19430 1
-18260 1
-5050 -1
2040 -1
-7415 -1
-3974 1
-16484 -1
-5475 1
-21674 -1
-19439 -1
-2657 1
-30621 1
27427 1
24595 1
5450 1
2139 1
22039 -1
-15424 1
-17021 -1
-12398 1
-29381 1
32761 -1
-8124 -1
3400 1
-8246 -1
1441 -1
-15366 -1
-19913 -1
1464 -1
17259 1
32437 1
21070 -1
16791 -1
11649 -1
-23768 -1
-23548 1
31774 1
-1394 1
2258 -1
-22344 -1
6861 -1
-17121 -1
-30771 1
3530 -1
-4059 1
-363 -1
-23510 -1
19266 -1
494 1
8152 -1
26171 -1
-16874 1
-18457 1
-31877 -1
-31782 -1
14846 -1
30230 1
31504 1
11127 1
-22665 -1
-29892 -1
16198 -1
1100 -1
-2418 -1
-25314 -1
-18761 -1
-12373 -1
-22726 -1
14861 -1
-24324 -1
25718 -1
-18246 -1
29687 1
28371 1
2210 1
26163 1
-11241 -1
22382 1
-12790 -1
-18009 -1
30843 -1
-16663 -1
-19220 -1
1625 -1
31121 -1
-29699 1
1729 1
-3131 1
22168 -1
-22541 1
-30914 -1
13874 1
-10497 1
-2456 -1
28914 -1
3761 -1
-3838 -1
12228 -1
-29864 -1
20399 1
-25212 1
-32725 -1
29255 1
-16694 -1
20576 -1
-6624 1
-2853 1
16178 1
-19461 1
10934 1
4001 -1
29303 -1
-6900 1
32533 -1
2431 -1
-2323 1
-29925 -1
29708 -1
28806 1
-31189 -1
-29686 1
-28847 1
25948 1
-7964 1
-20777 1
-21755 -1
-3745 1
13541 -1
-10531 -1
2571 -1
29769 1
-1551 1
-17699 -1
8060 1
-30014 1
21744 1
9280 -1
-8733 -1
-13109 -1
19229 -1
-16615 1
-6106 -1
4304 1
-31861 -1
-20115 1
-19690 -1
7669 -1
18799 1
-27597 -1
-24119 1
3693 -1
11428 -1
-1126 1
-11534 1
5824 1
16287 1
-24563 1
-10247 1
-19278 -1
740 -1
6281 -1
-5429 -1
-23985 1
-13630 1
-30138 1
18833 1
-21586 -1
17996 -1
26575 1
31140 1
-6218 -1
-12365 1
-8006 1
-3955 1
30075 1
-17707 1
-31886 -1
12719 -1
-26861 1
15046 -1
21505 1
26653 -1
-22893 1
-642 -1
16930 1
2370 1
5731 -1
-14355 1
3095 1
-23890 1
-14580 1
-13190 1
18537 -1
8795 -1
17240 -1
2707 1
-19449 1
-23981 -1
-6780 1
-3362 1
-5957 1
9868 -1
-13787 -1
-2330 -1
16348 -1
22040 -1
-8601 1
-24945 -1
-4639 1
18555 1
-12000 1
17520 -1
26425 -1
-6996 -1
-28287 1
3398 -1
-27489 -1
-5476 1
-20928 1
7375 1
20557 -1
-9078 -1
3465 -1
-13733 -1
-10233 1
5779 1
7093 1
10087 1
-25497 -1
-3942 1
30388 1
-21833 -1
-13019 1
-17133 -1
27489 -1
-25564 -1
16224 1
1121 1
7458 1
6686 1
-125 -1
-16486 -1
6214 -1
-16837 -1
-9006 -1
21878 -1
-3738 -1
4807 1
-16986 1
-30090 1
-6733 -1
-30252 1
-27469 -1
-32011 -1
8965 1
-11288 1
-10866 1
-27383 -1
16705 -1
8467 1
7248 1
26199 1
15345 -1
32410 -1
-16071 1
-31967 1
-31827 1
-17131 -1
-32395 1
-1766 1
5136 1
-27660 1
15584 -1
23689 -1
-12694 -1
540 1
-18838 -1
-18458 -1
-7863 1
3294 1
3399 1
25039 -1
9602 1
-16514 -1
24527 -1
-16551 -1
-30561 -1
-28086 1
-18188 1
11423 1
29299 1
237 1
-6615 -1
15893 -1
24876 1
-7405 -1
-17218 -1
-5755 1
4138 1
7326 -1
8723 -1
-7744 -1
-22104 1
-2065 -1
16511 -1
29691 -1
-27465 1
18639 1
-24619 1
-30937 -1
10189 -1
-10595 1
5727 1
-9800 1
3288 -1
27689 -1
-29836 1
6372 -1
11413 1
1368 1
-30976 1
31905 -1
-20932 -1
-17485 1
17383 1
-17978 -1
348 -1
30746 -1
-19589 1
-26073 1
-12893 -1
-23374 1
-4785 1
24326 -1
-22517 1
-21254 1
-2196 -1
29140 1
6614 1
19764 1
-12451 1
-16714 1
-22229 1
18990 -1
-11226 1
8975 -1
-19911 1
-23929 -1
13370 1
1113 -1
2200 -1
12758 -1
-16260 -1
4119 1
26028 1
23693 1
-17974 -1
605 -1
-23418 1
3065 1
27334 1
-21775 1
-21093 -1
-23891 1
-32029 1
-12753 -1
-12509 -1
26051 1
5718 1
-21805 -1
-30134 -1
15012 -1
-18616 1
-20229 1
31943 -1
1302 -1
8176 -1
-19515 1
-18886 -1
-27849 1
28050 1
-21919 1
30050 1
26120 -1
7634 1
-12313 1
-6306 1
12035 1
4222 1
-18966 -1
21117 -1
2145 -1
12863 1
-25143 1
-17337 -1
-29957 1
21008 1
21303 -1
7432 -1
3360 -1
28413 1
-12573 -1
-7008 -1
-12407 -1
-31264 1
9123 -1
3738 1
9204 -1
18649 -1
-10725 1
17998 1
26226 -1
-13133 1
13133 -1
237 1
-18629 1
-6944 1
-14781 -1
-14623 -1
5385 1
22134 1
18686 -1
-27998 1
-20779 1
-15142 1
-8040 -1
-15826 -1
-26812 -1
17984 -1
-21458 -1
-31855 -1
18932 1
7106 1
-11452 -1
2893 -1
-16900 -1
23189 1
5307 -1
9543 -1
-9377 1
205 1
-22564 -1
27862 1
2765 1
-23585 -1
-6139 1
23854 -1
-13543 -1
17064 1
-7709 -1
-31130 1
-23541 1
-4053 1
-32428 1
-22292 -1
32303 1
8629 -1
-12987 1
23592 1
29391 -1
21095 1
6202 1
21258 1
-20760 1
10715 1
-803 -1
-10740 -1
30373 1
-17358 -1
-19429 -1
32197 1
-14579 1
-9732 -1
1808 -1
-19159 -1
3631 -1
-712 -1
-21057 -1
24608 1
-14660 -1
-9121 -1
-25168 -1
-28812 -1
17695 1
-30805 -1
16056 1
-24216 1
23365 1
1571 -1
-22086 -1
-7730 -1
16792 -1
13115 1
-22789 1
-18640 1
2916 -1
10881 -1
873 -1
16334 1
-18864 1
21379 1
-18105 1
30989 -1
-18114 -1
6839 -1
-31425 -1
20936 -1
-6387 1
1528 -1
-1208 1
953 1
-6325 -1
-20802 1
-8047 1
-6252 -1
-1505 1
-4013 -1
-12475 1
-30434 1
26693 1
3239 -1
-22564 1
-26473 1
-30573 1
-26998 -1
8909 1
10682 -1
5552 -1
13036 1
4262 -1
31059 -1
-10878 -1
-27499 -1
22224 1
7190 1
26600 -1
17692 1
2896 -1
22306 1
-18288 -1
2155 1
-9719 -1
26097 -1
18962 -1
25285 -1
-657 1
20403 1
-18321 -1
-6549 -1
20556 1
-14057 -1
-22790 -1
23931 -1
-6762 -1
32580 -1
10919 1
-14798 1
-22058 1
-26047 -1
16596 1
23637 1
8690 1
26362 1
31847 1
12608 1
-8641 -1
-4057 1
-27195 -1
3948 1
-9428 1
-5213 1
10749 1
-28888 -1
151 1
18625 -1
30770 1
29537 -1
-19662 -1
-22744 1
10121 1
7621 1
27907 1
-22950 1
-5474 1
9430 1
-4914 1
4412 1
26013 1
11517 1
-10162 1
4312 1
-4519 1
-17394 1
16998 -1
32060 -1
5826 -1
-3769 1
8485 -1
-8526 -1
-20373 -1
-26592 1
-18278 1
9968 -1
-17651 1
-27126 -1
13103 -1
4641 -1
495 -1
-8782 -1
-21310 1
-23124 -1
14111 1
26613 -1
10873 -1
-15888 1
-14639 -1
4848 -1
19603 1
-11464 -1
-9897 -1
-4026 1
8191 -1
25340 -1
16643 -1
-2813 -1
-4377 -1
-5264 -1
17641 1
-12686 -1
8850 -1
16748 -1
-19916 -1
-16558 1
1820 -1
4180 -1
4266 1
25215 1
12375 1
19464 -1
-31263 1
4804 1
-32506 -1
-24223 1
31660 -1
-2013 -1
68 -1
-26400 -1
-5190 1
23553 -1
25765 1
-17761 -1
-24609 -1
29373 -1
-7080 -1
14372 -1
-15294 -1
22188 -1
-16676 -1
26991 -1
17970 -1
-2936 1
18338 -1
-1323 1
20152 1
4112 -1
3088 1
-13824 1
31098 -1
3370 -1
16039 -1
-9327 1
10139 -1
-27643 -1
-19737 1
-21552 -1
-28295 -1
20789 1
-14847 1
-31693 -1
-10879 1
-14401 -1
-3457 1
12927 -1
-30815 1
-10942 1
19270 -1
-4168 1
-8881 1
20537 -1
-6557 1
-7249 -1
-19958 -1
-21037 1
1517 -1
-9604 1
28723 -1
20540 1
-4698 -1
24941 -1
24506 -1
-24751 1
30904 1
27981 1
1339 -1
22827 -1
20148 -1
-3456 -1
-32010 -1
-23477 -1
-30527 -1
-18192 1
13233 1
-25576 -1
-3390 1
-12185 -1
-18873 -1
-20597 1
13168 -1
-3935 -1
19124 1
9434 -1
-30110 -1
12717 1
-909 1
-32614 1
9993 1
32623 1
1044 1
32620 1
-27152 1
-16402 1
-6084 1
-6086 -1
19745 1
7323 1
-16854 -1
-2445 -1
10465 -1
16646 -1
2187 1
-790 1
11166 1
-14305 1
-7094 -1
7983 1
15860 1
-23592 1
8839 -1
16538 1
-11454 -1
-32097 1
15518 -1
1481 -1
17471 -1
4603 1
591 -1
20699 -1
18576 1
5091 -1
4146 -1
-8151 1
30540 1
-25448 -1
27118 -1
12583 -1
32378 1
-19537 1
16454 1
12375 1
5306 -1
-2363 -1
-26212 1
26382 1
7859 -1
24887 1
612 -1
11852 -1
-3516 -1
-15267 1
17699 -1
7141 -1
25544 1
-17992 -1
13641 -1
10301 1
2198 -1
2484 -1
22932 -1
18501 1
23578 1
2009 -1
20070 -1
-14261 -1
12837 -1
-16615 1
-4753 -1
28554 -1
9052 1
-14950 1
-5985 1
1218 -1
-24407 -1
25750 -1
24554 1
27478 -1
27671 -1
-31242 1
-15252 1
22904 -1
-32428 1
-13699 -1
-26595 1
18190 -1
-22823 1
31241 1
-9611 1
-17774 -1
-22973 -1
-18768 -1
-3251 1
-11098 1
-10045 -1
9289 -1
-11400 -1
20798 1
9908 -1
-12806 -1
-16901 -1
22951 -1
9821 1
-18642 1
-4608 -1
16903 1
-27086 -1
13712 -1
12920 -1
14247 1
864 -1
-23892 1
-20254 1
-27884 -1
9951 -1
-5439 -1
13601 1
27341 -1
-24946 -1
-19615 -1
-12861 -1
6804 -1
-25292 -1
25926 1
4869 -1
980 -1
17299 1
22058 -1
19568 1
31402 -1
29968 -1
29757 1
7329 1
-14903 -1
-17944 -1
32142 -1
12027 -1
-10076 1
10553 -1
17057 -1
3941 -1
14263 1
-10280 -1
2570 1
30937 -1
14558 1
-12394 1
2640 1
19251 -1
-29659 1
9537 1
5632 -1
-13367 -1
-26855 -1
25305 1
-22031 1
22498 -1
8041 1
-7859 -1
11892 -1
-1013 -1
17969 -1
20817 -1
-10502 -1
15039 1
-8176 1
-5410 -1
-658 -1
-8490 1
-30715 1
-9903 1
13888 -1
-7176 -1
6976 1
29191 -1
-8999 1
-10399 -1
4488 -1
22887 -1
-10285 -1
-15473 1
-4846 -1
-8493 -1
21028 1
-14416 1
30111 -1
-11518 1
30754 -1
15010 1
-4051 -1
-31286 1
-25120 -1
23793 1
-18955 -1
912 1
21974 -1
10421 -1
23947 -1
31253 1
9685 -1
-20325 1
31514 -1
-32585 1
-7909 -1
29114 1
-22009 -1
-19603 -1
28577 1
-582 1
20256 -1
-29677 -1
-26191 1
-3893 1
15551 -1
9677 1
-8452 -1
32610 -1
2548 1
10323 -1
3064 1
3741 -1
10953 -1
27571 -1
18982 -1
5434 -1
8304 1
26595 1
25640 -1
-26332 1
-2497 1
12168 -1
-22864 1
21635 -1
-31731 1
25630 -1
28426 1
7635 1
-8089 -1
30566 -1
-23152 1
-23975 1
-19936 -1
26133 1
8238 1
-15830 -1
-10759 -1
-22457 1
18072 -1
32323 -1
-29470 -1
20462 1
13833 -1
-6954 -1
2562 1
23746 1
-25469 -1
-7849 -1
26520 -1
28260 -1
-8561 -1
27020 1
32584 1
-17428 1
13050 1
-32605 -1
18877 -1
-6726 1
-32036 1
8619 1
29658 -1
-1560 -1
29325 1
18074 -1
28159 -1
-10742 1
5441 1
-13995 1
22396 1
12170 -1
10967 1
24012 1
-597 -1
-13033 -1
32460 -1
7074 1
2872 1
-2811 -1
20254 -1
7957 -1
16827 -1
6955 1
16172 1
6429 -1
-23770 -1
-6736 -1
-27852 1
21195 1
-14255 -1
31450 1
942 -1
29338 -1
-4723 1
24639 -1
27376 1
-31991 1
5045 1
19880 1
-26881 1
23565 1
-1496 1
-31191 1
-22970 1
-31445 -1
3282 -1
29787 -1
-21177 -1
16221 -1
20514 1
-2039 1
-20993 1
28760 1
-21778 -1
1615 -1
21199 1
-20966 1
1326 -1
26836 -1
25790 -1
1445 -1
-7427 1
-29425 -1
8478 -1
-31223 -1
32540 -1
-16757 1
-6800 -1
-29845 1
-10041 -1
29507 -1
-8933 1
-1108 -1
-14802 1
-22328 -1
824 -1
-26166 1
-27595 1
-19293 1
585 1
10675 1
-15992 1
-14669 1
21788 1
8264 1
19411 1
23528 -1
-21970 -1
-25665 -1
7931 1
14904 1
-7367 1
-707 -1
-21744 -1
931 -1
22508 1
5404 1
397 1
14674 -1
-31846 -1
21837 1
-5317 -1
-20704 -1
11878 1
-31192 1
-15393 1
-15430 1
31562 -1
25798 1
-31865 -1
773 1
-16884 -1
29180 1
-32754 -1
-22678 1
25962 -1
-28863 -1
21559 -1
-23566 1
9647 -1
-5252 -1
5371 -1
-27925 -1
15072 1
26876 -1
-16046 1
-16904 -1
-3729 1
5471 -1
-9598 -1
11116 -1
-12137 -1
-31479 1
-19600 -1
12438 1
23291 1
-31472 1
-6527 -1
-29080 1
-14823 -1
-28511 1
8213 -1
-31342 1
-10801 1
-9103 1
584 -1
29544 1
13281 -1
22419 -1
-8311 1
-23258 1
987 -1
-6920 -1
5605 1
13314 1
-2304 -1
2857 -1
-15733 1
22329 -1
-3973 -1
16409 -1
-15015 1
-20317 1
30354 1
-30059 1
-17106 1
28797 1
-23581 -1
14838 -1
-8867 -1
5062 -1
23304 -1
13015 1
15318 -1
-9389 1
-14201 1
-15814 1
-30514 -1
-27485 1
-5498 1
32413 1
-26314 1
16483 1
-5585 -1
9253 -1
5233 1
-5527 -1
-29984 1
28706 -1
-14461 1
77 -1
-2367 1
-20129 -1
-21696 -1
-12476 -1
14552 -1
-2177 -1
-28611 -1
-686 -1
-18756 1
-23872 -1
-27717 1
4969 1
7845 1
4103 -1
-14579 -1
2268 1
-19012 1
-13303 -1
21608 -1
30221 -1
812 1
17332 1
-24935 1
2241 1
-25862 1
-20530 1
18263 -1
27757 -1
-4407 -1
-21183 1
-6910 -1
-3676 -1
3639 -1
28241 1
-19329 -1
12066 1
308 -1
11281 1
20380 -1
-27968 -1
-7655 -1
32551 -1
-20253 1
-13591 -1
-26805 1
7110 1
1190 1
-16914 -1
9993 1
-28027 -1
-21411 -1
-7438 -1
-6640 -1
14514 -1
-20104 -1
-17421 1
24309 -1
-13193 -1
-10575 1
-26395 1
4926 1
-8664 -1
21553 1
26239 1
5351 -1
16511 1
15011 1
32293 -1
-32414 1
-3058 1
25235 1
-19019 1
14719 -1
11779 1
26595 1
-4458 1
-16689 1
-7918 -1
4134 -1
-32615 -1
-30272 -1
17834 -1
-29337 -1
15866 1
6845 1
-9069 -1
-28772 1
-5726 -1
21780 1
-22144 -1
30993 1
2105 1
21804 -1
-68 -1
-22348 -1
461 -1
30661 -1
23172 -1
476 -1
-9568 -1
-1037 -1
-2045 1
11489 -1
18408 1
-24451 1
27691 -1
-5967 1
5370 1
-21520 1
5717 -1
-20650 -1
1012 1
17506 -1
-3035 1
29443 -1
-2665 -1
-27276 1
-32190 1
3378 1
14284 -1
-31963 1
-13680 1
-14677 1
9824 1
21754 1
-17629 1
7048 -1
-27998 1
30025 -1
17848 1
-17637 1
-104 1
2169 1
-13322 1
14015 1
10286 -1
14188 1
-12281 -1
537 -1
94 -1
29003 1
13013 1
-16236 -1
9936 -1
-487 1
871 -1
23194 1
-2033 1
-4692 -1
30077 -1
28460 1
-29808 1
-28611 1
16561 1
12499 -1
27687 1
13472 -1
31353 1
-7198 1
-19019 -1
-12268 -1
-32627 1
27511 -1
16087 1
-9947 1
-22513 1
3171 -1
16693 -1
-19633 -1
25539 1
-4346 1
26670 -1
-3289 -1
22852 -1
22947 1
-21267 -1
-838 1
25511 1
29460 1
-4140 -1
-16142 1
-27778 -1
-25737 1
11360 -1
11076 -1
23706 1
-27204 1
22566 1
14869 1
24561 -1
-22596 1
19883 1
11813 -1
30989 -1
-8520 -1
-25668 -1
-7723 -1
28554 -1
-15878 -1
32021 -1
-3787 -1
26082 1
-28840 -1
13570 -1
16051 -1
-8827 -1
8327 -1
-2006 1
-248 -1
-22513 -1
18987 1
-20657 -1
16818 -1
-30884 -1
16257 -1
-21431 -1
4309 1
24965 -1
-13406 1
-15605 -1
20306 -1
26652 -1
21300 1
16534 1
-23149 -1
6109 1
22034 -1
18503 1
-20833 1
10924 1
-24545 -1
23015 1
-20785 -1
2222 1
4572 1
-9075 -1
17104 -1
-23377 1
6480 1
-22576 1
6004 1
32669 1
-12693 1
19225 1
3895 1
25533 -1
22092 1
29322 1
-26095 -1
7112 -1
8666 -1
-16685 1
-590 -1
-14804 1
5156 -1
37 -1
828 1
13628 1
15756 -1
5753 1
18291 -1
-27952 -1
2603 -1
27074 1
19292 -1
4734 -1
10575 1
17432 -1
31017 -1
-1184 -1
-19766 1
27449 -1
18227 -1
-28165 -1
-16140 -1
21755 -1
-16534 -1
-11171 -1
-803 1
-9459 1
-21513 -1
-19388 -1
2417 1
24422 -1
-1282 1
-12271 1
9806 -1
-32111 -1
23305 1
-7810 -1
20333 -1
20081 -1
11100 -1
20207 -1
-22811 1
21183 -1
6340 1
-15788 -1
12215 1
-31625 1
26038 1
21310 -1
-18802 1
31754 -1
-29869 -1
-10880 1
19527 -1
-6127 1
4806 1
559 1
-9276 1
6921 -1
26780 1
9657 1
1497 -1
26166 1
11621 1
-22854 -1
6377 1
-15756 -1
-30797 -1
5383 -1
-18287 1
17351 -1
-19474 1
7102 1
-27883 1
20213 1
-14560 -1
-14478 -1
25038 1
607 1
-12398 1
-12292 1
7994 -1
22969 1
-26713 -1
-12389 1
-30462 1
-4493 -1
26304 1
-19769 -1
7120 -1
-6373 -1
-5407 1
-21015 1
30156 1
-30775 1
-30064 -1
-30897 -1
32556 -1
-22933 1
-21887 -1
-20003 -1
-9545 1
7700 1
7310 -1
-21368 -1
27090 1
11388 -1
-3881 1
-9597 1
16458 1
25905 1
-9546 -1
-14282 1
-25543 1
26465 1
20144 -1
28429 1
8425 -1
4974 -1
16763 -1
-9880 1
20503 1
30365 1
-12043 -1
-27949 1
-31744 -1
-3072 -1
-31515 -1
1288 -1
-28753 -1
-32416 1
20760 1
-29485 -1
11443 1
-22767 -1
13255 1
10740 -1
30728 1
19820 1
25366 -1
-6865 1
-4069 -1
1175 1
-13377 -1
-15208 -1
12369 1
7191 -1
14377 -1
-18896 -1
-28607 1
-17193 1
19440 1
-23590 1
11082 1
-8267 1
28632 -1
1876 -1
-32559 1
27689 -1
93 1
10531 1
-1935 1
-28104 -1
-11664 1
-8575 -1
25957 -1
-17392 -1
-19637 1
-1801 1
-17349 -1
-10206 1
24608 1
8930 1
22870 -1
5418 1
29004 1
16309 -1
-8721 1
757 -1
-6460 -1
-6149 -1
-19770 1
6743 -1
21270 1
28601 1
-7071 1
-5639 1
-29949 1
-9445 -1
10768 1
-14155 1
27438 1
17369 -1
-25630 -1
-31778 1
4446 -1
27247 -1
-6935 1
-688 -1
18002 -1
-1680 -1
-32065 1
-17897 -1
-5566 -1
-15367 1
-26965 -1
-8065 -1
5218 -1
-32138 1
-23101 -1
15122 1
-19043 -1
-9478 1
-26386 -1
26254 1
18406 -1
-5930 1
-4944 1
27623 -1
-16371 1
15926 -1
-27483 1
24573 -1
17799 1
-26628 1
-10550 -1
4808 -1
1786 -1
-21334 1
-23937 1
-3269 1
9108 -1
30817 -1
-22708 -1
-17829 -1
-30569 -1
22682 -1
20633 1
-52 -1
-31100 1
25024 1
32271 1
30598 -1
2068 1
-12329 -1
12029 1
18792 -1
16216 -1
15441 -1
2195 -1
18950 1
13873 -1
16287 1
30152 -1
11479 1
15712 -1
23674 -1
-32271 -1
11985 1
31965 1
-21899 1
91 -1
11722 -1
-2931 1
-24660 -1
3670 -1
22827 -1
23705 -1
24305 1
-25564 -1
26587 -1
8338 1
3373 -1
-14014 -1
-32618 -1
-29383 -1
27847 -1
23220 -1
14461 -1
29283 1
-32005 1
-30114 1
-27769 -1
-8496 1
2426 1
16399 -1
14450 -1
9393 -1
7187 -1
3553 1
24917 -1
-17791 -1
-24168 1
7005 1
1364 -1
18664 1
-30272 -1
23135 1
18066 -1
-197 -1
-10597 -1
15317 -1
23311 -1
11675 -1
-21673 -1
12673 -1
-11733 1
-3829 1
-568 -1
-25583 1
32099 1
15872 1
-11040 -1
22708 1
-9049 1
11879 -1
-28701 -1
-1256 -1
29029 -1
29040 -1
-21929 -1
2021 1
20333 -1
-5975 1
20291 -1
-2624 -1
-1789 -1
19178 1
-9727 -1
-32007 -1
-26610 1
-870 1
1614 -1
13628 1
-12903 -1
26768 1
-16654 1
-8082 -1
-29152 1
-17686 1
-3028 -1
-2150 -1
13748 1
8998 1
19576 -1
-13312 1
21183 1
28495 -1
15329 1
-17163 1
6728 -1
-15768 -1
27667 1
8017 -1
-12848 -1
3294 1
-32117 1
27834 -1
-31324 1
-9330 1
3943 1
-14982 1
11108 1
-26611 1
-14339 -1
28874 -1
-6780 1
-15720 -1
-3890 1
-13864 1
20129 1
-24993 -1
-6387 -1
18898 1
21256 -1
18126 1
-6886 -1
-3520 -1
29379 1
22880 -1
-10526 1
-15664 -1
-18868 -1
18207 -1
-30248 1
2910 1
-22198 1
9356 1
12886 -1
9861 1
-31498 1
3192 -1
1617 -1
-23317 1
-4863 -1
-5605 -1
-29918 -1
21301 1
5092 1
-15388 1
12271 -1
11899 -1
23346 1
5390 -1
11500 -1
-28137 1
-6901 1
-29168 1
-1090 -1
28715 1
3963 -1
17937 -1
-26668 1
-31247 -1
27200 -1
-28669 1
-16065 -1
1861 -1
7704 -1
-16600 1
11070 1
24407 -1
-30877 -1
24051 -1
4757 1
10986 1
-13531 1
-22707 -1
-26421 1
1334 1
29498 -1
6307 1
18459 1
17859 -1
-17067 1
29655 1
-16152 -1
32357 -1
10005 1
4483 -1
-10852 1
27001 -1
18689 1
-29402 -1
7523 1
-17504 -1
-14980 1
-15916 1
17590 -1
-21052 -1
-32109 -1
-10298 1
6533 -1
746 -1
13999 1
-6108 -1
28682 1
31295 -1
15121 -1
24534 1
11617 -1
29573 -1
24851 1
-10998 -1
12430 1
15672 -1
17442 1
-30321 -1
15055 -1
-18684 1
-25855 -1
13951 -1
25379 1
3042 -1
21356 1
309 1
-24858 1
10972 1
-19737 1
-23457 1
-15071 1
-12157 -1
-32205 1
1323 -1
-8834 1
-16628 -1
19672 -1
-23850 -1
3722 1
-7498 1
-25527 1
-16069 1
-22970 1
-20187 1
23049 -1
-28428 1
30242 1
23058 -1
12977 -1
-31063 1
32617 -1
24424 -1
-5708 -1
-5597 -1
14425 1
-28062 -1
30421 1
-30359 1
16299 1
-57 1
2198 -1
-5719 1
-2067 1
26174 1
15441 1
26147 -1
24462 -1
-3375 1
9902 1
-29910 -1
-4587 1
-27717 1
232 1
-27897 1
29336 1
3054 1
11955 1
-1246 -1
-22957 1
25993 1
-30063 1
-15615 1
-24638 -1
5984 -1
20627 -1
-2197 1
26588 -1
-10469 1
3923 -1
-15483 1
14700 1
23344 1
10131 1
24643 -1
18220 -1
16825 -1
-27152 -1
-15769 -1
24065 1
8017 1
971 1
18904 -1
20998 -1
17254 1
-30905 1
17898 1
29266 -1
-25463 -1
937 1
-12388 -1
-20489 1
-11477 1
1909 -1
-26081 -1
-9381 -1
2715 1
32108 -1
-2974 1
25477 -1
23535 -1
3326 1
-8278 1
17078 1
-5754 -1
-14504 -1
20320 -1
-18176 -1
4388 -1
19490 1
25094 -1
7987 -1
-29460 1
30663 -1
-27431 1
23219 1
-743 1
17732 1
2319 1
18241 1
21039 1
20868 1
-22933 1
-524 -1
302 -1
-30682 1
-31862 1
-2039 1
5843 1
-23151 -1
16369 1
-20780 -1
10485 -1
29678 -1
-21411 -1
-17376 1
20686 1
-7790 1
7588 1
2664 1
-10169 -1
-15263 -1
3553 1
6268 1
18479 1
-27192 1
3003 1
27594 -1
-3839 -1
29856 1
-23009 1
-21437 1
-6349 -1
25819 1
-3178 1
19599 1
-14285 1
27062 -1
27958 -1
14732 -1
23999 1
-31029 1
-27269 1
-2728 -1
-13869 -1
23612 1
-27608 -1
6468 1
-27875 1
3964 1
-10503 1
18492 -1
-23727 -1
9632 -1
24483 1
-13107 1
-8794 1
5816 -1
654 1
31010 -1
20454 1
-10469 1
-16343 1
28190 -1
-15368 -1
24134 1
-30938 -1
16489 -1
10728 1
-5153 -1
-2200 1
-23740 -1
17687 1
16213 1
29779 -1
-7635 1
11728 1
29183 -1
25197 1
-4920 1
-4467 1
-5739 -1
-29570 -1
-27475 -1
2878 1
-2876 -1
22979 -1
19634 1
18765 -1
-3295 1
19093 -1
10901 1
12756 1
6188 1
9834 1
24764 -1
-1178 1
-12893 1
-29406 -1
-8820 -1
-13496 -1
16948 -1
789 -1
-2271 1
30355 -1
-26216 -1
-27219 -1
19587 -1
15895 1
-30031 -1
-5340 1
-30229 1
-10549 -1
4561 1
-8973 -1
4743 -1
-4766 -1
396 1
25275 -1
13903 -1
18624 1
-12355 1
715 -1
-23545 -1
9473 1
3212 -1
23825 1
27119 -1
32570 -1
-10681 1
29294 -1
27526 -1
14710 -1
-21254 -1
29988 1
18764 1
-24555 -1
31748 1
32124 1
-3217 1
-6456 1
-14917 1
-17562 -1
-31283 1
-25313 -1
13384 -1
415 1
4270 -1
22023 -1
-12711 1
-17664 -1
13667 -1
28779 -1
14462 -1
-28197 1
-7463 -1
7589 -1
-25629 1
-5957 1
-15374 -1
-31904 -1
-24818 -1
-4993 -1
-18552 -1
-7512 -1
14768 -1
-23358 1
-7517 1
13015 -1
25027 1
-710 1
-2005 1
-30061 1
10488 1
5922 1
19434 1
-12590 -1
1128 1
32049 -1
27809 -1
-15537 -1
22693 -1
12044 -1
-837 1
21510 1
12583 -1
-29598 1
-12790 1
5112 1
4344 -1
-27774 1
32114 -1
-4484 -1
-18590 1
-5647 1
-6690 1
18840 -1
32073 -1
5594 -1
-30824 -1
-25871 -1
19773 1
29483 -1
7206 1
-3309 1
15744 1
5609 -1
-2962 -1
-19158 -1
23751 1
-10170 1
-24888 1
-12756 1
-18334 -1
-13143 1
19791 -1
19274 1
-31191 -1
7724 -1
4672 -1
-1074 -1
6452 1
-22579 -1
-18547 -1
-5790 1
9559 -1
24081 1
-30044 -1
11117 1
-14569 1
26993 -1
16838 1
12364 -1
18440 -1
-27552 -1
-23390 1
-7663 -1
-2038 -1
-11882 -1
-19842 1
10896 1
27647 -1
14131 -1
-23882 -1
9384 -1
-25515 1
-18520 -1
-13527 -1
29165 -1
-17957 -1
-7367 1
27099 1
-28299 -1
5865 -1
14813 -1
-11113 1
10406 -1
-4020 1
-29567 1
8958 1
13326 -1
7080 1
-32379 -1
21710 -1
4676 -1
12222 1
11552 1
-2899 -1
-27309 1
-11377 -1
-12827 -1
-6675 -1
-3861 1
13480 -1
1427 1
-945 -1
2150 -1
9699 1
-18568 1
-20278 1
-10152 1
7593 -1
17000 1
-6304 1
-22332 1
-14384 -1
-21747 1
10412 -1
-10324 -1
29773 1
592 1
-8159 1
-22709 -1
26783 -1
24943 -1
218 -1
-19632 -1
-13815 1
-7328 -1
-9694 1
14686 -1
25353 1
22132 -1
28061 -1
-31515 1
3416 -1
4307 -1
-11075 1
21572 1
7006 -1
29278 -1
9668 -1
-4148 -1
23547 1
-1543 -1
12903 1
-18043 1
-16160 -1
20718 1
13971 1
14944 1
5051 -1
23165 1
-7384 1
-4761 -1
-30437 1
710 1
-2368 -1
-25929 1
24649 1
-17179 1
22743 -1
21562 -1
-30679 -1
13550 -1
-14456 -1
-13659 -1
-8361 1
-31467 1
24281 1
-891 -1
-25909 -1
26707 1
-13785 -1
4935 1
-12468 1
667 1
-32520 -1
-18561 1
-465 -1
-14661 -1
16247 -1
-18306 -1
-661 -1
28669 -1
-32449 1
-24306 1
-12690 -1
14071 -1
-9562 -1
-9669 1
-2126 -1
-19847 -1
-1558 1
-2425 1
19186 1
-19201 1
24316 -1
18573 -1
27954 -1
-2514 -1
23883 -1
5444 1
-14463 1
-12511 -1
28877 1
-23707 1
8043 1
30493 -1
-31323 -1
28039 -1
-27228 -1
-32113 -1
-8624 1
31859 -1
-10612 -1
23241 -1
24178 1
-16120 -1
6079 -1
13947 1
126 1
7134 1
-23453 -1
3292 1
-17266 1
11091 -1
-20594 -1
-31268 -1
14720 1
-873 -1
-17804 1
10113 -1
6513 -1
-3285 -1
-24148 -1
13945 1
15351 -1
-23526 1
-32696 1
18052 1
-21559 1
18883 -1
-30424 -1
-28905 1
-12182 1
18921 -1
-17646 -1
-22233 -1
2243 -1
-14307 1
15491 -1
7625 1
-14852 1
6474 1
23503 1
30228 -1
-23237 1
4096 1
4207 1
2000 1
5213 1
-30888 -1
-20558 -1
-25071 1
-14883 1
29032 -1
13261 -1
18330 -1
28848 -1
17634 1
-32052 1
-30665 -1
28790 -1
30063 1
-14685 1
19238 -1
12161 -1
25757 1
-26013 -1
-17444 1
32395 1
21227 1
18166 1
-27994 -1
25926 -1
13251 -1
24187 1
-8740 1
18917 -1
-4536 1
-9986 1
7548 1
-12267 1
-32512 1
2064 1
-27413 -1
-6712 1
-20020 -1
10753 -1
5817 -1
23632 1
3910 1
-6006 -1
-13796 1
-26350 -1
3266 -1
-22531 1
10144 1
-23496 -1
17736 -1
-28697 1
-9890 1
-29860 1
7496 -1
29232 1
2469 1
2458 1
-17664 -1
-3385 1
19974 -1
17067 1
-3763 1
17474 1
-18593 -1
16514 -1
-12587 1
15211 -1
6378 -1
-18569 -1
12912 -1
17928 -1
14927 1
-16431 -1
30409 -1
-8726 -1
20428 -1
-888 -1
12275 1
-3299 -1
-1486 1
25285 -1
10400 -1
-7416 -1
9804 1
21476 -1
-10291 1
3402 1
-15139 -1
8794 -1
27321 1
-26017 -1
23218 1
10991 -1
26921 -1
-11336 1
31414 -1
28282 -1
-28127 1
-3317 -1
-25959 1
-2030 -1
12630 1
8442 -1
-11475 1
-20901 -1
31525 -1
-17581 -1
-14457 -1
-17899 -1
-828 1
-9748 1
-18729 1
26318 1
3935 1
-30932 1
3866 -1
14628 -1
-2274 -1
31579 -1
-11852 1
-7900 1
-1702 -1
14668 -1
-19744 1
-7304 1
1875 1
14123 1
2356 1
22059 -1
22486 -1
-29512 1
-28292 1
20287 -1
-25117 1
26608 1
-19646 -1
-14857 1
24593 -1
31442 -1
-1764 1
25121 1
-11988 -1
-1455 1
14632 1
32316 1
-15932 -1
25669 -1
20739 1
30011 1
-22670 1
13180 -1
-29591 -1
25209 -1
-15999 1
11729 1
20039 -1
25936 1
21351 -1
20739 1
11667 1
2028 1
21959 1
-14588 1
30264 -1
18772 1
-24573 1
23553 -1
-23687 -1
-5813 1
11589 1
-5149 -1
30213 -1
16368 -1
24307 -1
8650 -1
324 1
-13158 -1
-15854 -1
-5089 1
0 1
-3331 1
13424 -1
16580 1
-32637 1
-17544 -1
31740 1
15561 1
11039 1
1821 1
-15262 -1
-31208 -1
1354 -1
-2070 1
-4714 1
-31912 -1
-25212 -1
21764 -1
18990 1
21062 -1
679 1
30975 1
-11897 -1
13351 1
-25811 -1
31537 1
17361 1
1151 -1
-12532 -1
1190 1
23343 -1
4162 -1
-21513 -1
14674 -1
15806 -1
16971 -1
10869 -1
-4195 -1
27861 -1
13258 1
21665 1
14280 1
-12849 1
17907 -1
4562 -1
20225 -1
31862 -1
12516 1
-15687 -1
-1320 1
-17384 -1
13270 1
18838 1
-26176 -1
29541 -1
21127 1
-22087 1
25532 -1
4518 1
19430 1
-15281 1
25682 1
-9910 -1
13823 -1
-10517 1
-26369 -1
-6578 1
27433 1
-12536 1
1376 -1
706 1
-13422 1
24517 -1
-24873 -1
11607 -1
23867 1
-14498 1
18693 1
-18085 1
-7240 -1
13457 -1
8344 -1
-29795 1
32201 1
8139 1
-22479 1
-20417 1
-15061 -1
29017 1
32105 -1
-170 1
-10773 1
30963 -1
14531 1
-30011 -1
-13745 -1
32540 -1
-14056 1
-29058 -1
631 1
13181 1
-22232 -1
29563 -1
13389 1
1410 -1
-8471 1
-10055 1
-31704 1
17203 1
22137 -1
-26542 -1
22893 1
6740 1
8748 -1
1751 1
-16695 -1
22463 1
-15110 1
23366 -1
-3241 1
-256 1
-16 -1
-19733 -1
25894 -1
-9265 -1
23633 -1
24438 -1
-5103 -1
31255 -1
32223 1
-29288 -1
-25420 -1
13949 -1
11299 -1
14520 1
-31997 -1
-8913 -1
-18796 -1
7739 1
-29155 -1
-24316 1
-19383 1
6729 1
-22250 -1
25734 1
-14524 -1
10876 1
-9017 -1
-10217 -1
-28987 -1
-29098 1
15260 1
-29748 -1
22408 1
14111 1
22321 -1
-23780 1
-7508 -1
16927 -1
10577 -1
-25086 1
17598 -1
19867 1
-31936 -1
-8816 -1
8345 1
-4146 -1
11288 1
14505 1
-24574 1
-5226 1
-9075 1
-7542 1
28949 -1
23854 1
22359 1
-11551 1
18207 1
-4747 1
23782 1
10946 1
20423 -1
-12966 1
3909 1
24046 -1
-9130 1
769 -1
-28236 1
-9859 1
15908 1
15854 1
8815 1
8904 -1
18524 -1
-14419 1
20972 -1
17357 1
17297 1
-31647 1
13110 -1
27651 1
-7846 1
-4107 1
2208 1
-29721 1
748 -1
29461 1
-29005 1
12824 1
-25647 1
30266 -1
15190 1
-24257 -1
8194 -1
-499 -1
-9021 1
-29990 -1
14414 -1
30961 -1
11409 1
-26759 -1
29976 -1
14235 1
32738 1
19566 -1
-31122 1
-27592 -1
31207 -1
19213 1
-6245 -1
16568 1
22509 1
-1494 1
29500 -1
7000 -1
11651 1
-15452 1
12692 1
25271 -1
-3939 1
21865 -1
-23234 -1
-4290 1
-8098 1
-9823 1
8004 1
1863 1
26394 1
5331 -1
7500 -1
-25896 -1
10263 -1
-28263 -1
27785 -1
22495 1
5697 -1
4839 1
-32056 -1
-9521 -1
-8137 -1
-19623 -1
5739 1
-26934 1
13271 1
29467 1
-32664 -1
17544 -1
12850 1
13239 1
8548 -1
30410 1
28721 -1
-7433 -1
10673 -1
8540 1
-32481 -1
-18452 -1
32485 1
-11868 1
-7798 1
15342 -1
-3708 1
-6111 1
-2807 1
26524 1
-17103 -1
2928 -1
-3620 1
20012 -1
-11302 -1
9672 -1
-683 -1
16660 -1
-10492 1
17103 1
-13451 -1
-17610 1
6546 1
7635 -1
19144 1
-31651 -1
-27318 -1
-15879 -1
-9807 -1
-13041 -1
-979 1
27454 -1
25131 -1
-28247 1
-25660 1
-9960 1
-24809 1
3438 -1
31669 1
25932 -1
4936 1
-26525 1
2626 -1
-775 1
-25636 -1
31285 1
-4916 -1
-12997 1
30116 1
-1227 1
-12144 -1
24381 -1
-7074 -1
-12250 1
-19201 -1
-15729 -1
16218 1
6552 1
6624 -1
2855 1
6230 1
-25880 -1
-20482 1
13730 -1
-26265 1
10144 1
26786 -1
-25765 -1
-6665 -1
20556 -1
2256 -1
9641 1
-4898 -1
-26083 1
-18746 -1
13149 1
-26840 1
14073 1
29497 -1
-5470 -1
-24524 -1
-22597 1
-32030 1
-5175 -1
32435 1
-3396 1
-20926 -1
-15771 1
27650 -1
30478 -1
12091 -1
29920 -1
221 -1
9591 1
10516 -1
19391 1
-15682 -1
-26217 -1
-6511 -1
8010 -1
-2416 -1
-28544 -1
3493 -1
13613 1
28829 -1
15846 1
-31246 -1
-21800 1
-16601 1
-18544 -1
16654 -1
6860 1
15420 1
-24570 1
22880 -1
-31604 1
18262 -1
-23039 1
8097 1
15495 -1
16599 1
24955 -1
7967 -1
-21996 -1
-28285 1
2565 1
-24034 -1
31948 1
11070 1
295 -1
-30715 1
-21134 -1
-17078 1
31233 -1
-5644 1
29712 -1
-9682 -1
12061 -1
2840 -1
25890 -1
-25789 1
-5779 1
9611 1
5191 1
6667 -1
9313 1
-32652 -1
-29358 1
-13091 -1
14084 -1
-23170 1
23662 -1
16882 -1
2650 1
-20964 -1
-19713 1
-17357 -1
19643 -1
28996 1
7171 1
-2469 -1
-12885 1
31134 -1
15915 -1
-11633 1
-8903 1
25053 1
18057 1
-16600 -1
-23809 1
-24238 -1
-9217 -1
8478 1
11610 1
-32136 -1
22279 1
-7249 1
4594 1
-7931 -1
-7068 -1
-21427 -1
26954 -1
23608 -1
17288 -1
1897 1
1825 1
9185 -1
15577 1
-14181 -1
-19344 -1
6674 -1
155 1
17808 -1
-6249 1
-1967 1
-26072 -1
-1339 1
16587 1
25839 -1
-5330 -1
25544 -1
-20233 -1
19241 -1
-5759 -1
-5779 1
-15549 1
-23005 1
15429 -1
31270 1
-31014 1
-23301 -1
-23542 1
3741 1
22986 -1
-12957 -1
7182 -1
-15702 -1
-20808 -1
-25968 -1
19499 -1
-21469 1
-2173 1
-17188 -1
1484 -1
-24598 1
-13787 -1
32648 -1
-4429 1
22956 1
-20229 1
-18204 -1
-19234 -1
-17592 1
28846 1
-6881 -1
1363 -1
14773 1
6322 -1
32610 1
8503 1
32419 1
-3701 1
19202 1
23924 -1
-7546 -1
-5499 1
8071 1
5174 1
-9169 -1
17993 -1
-23271 1
26030 1
30670 -1
-10618 -1
2897 -1
2766 -1
28240 1
28964 -1
12927 1
19522 -1
3674 1
27756 -1
25658 -1
-22961 -1
-11714 1
4455 1
3117 -1
32052 1
21275 1
14644 -1
-26350 1
-26391 -1
-2271 1
27222 1
-31305 -1
-3534 -1
3552 -1
-19798 1
-6351 1
-24122 1
-3824 -1
10137 1
15519 -1
14364 -1
-21967 1
30846 -1
17779 -1
29401 1
-6485 1
-5308 1
26093 1
26223 1
-23263 -1
-23545 -1
19490 1
13495 -1
31998 -1
-25773 1
20838 1
20188 1
-32605 1
14905 -1
15706 1
-29467 -1
3059 1
2370 1
26676 -1
-7868 -1
16745 -1
-22099 -1
-18509 -1
-12368 -1
26317 -1
-6834 -1
14063 -1
13868 -1
29816 -1
25474 1
30816 -1
9509 -1
-7741 -1
20250 1
-21289 -1
29580 -1
19154 1
1188 1
17068 1
-21612 -1
9346 1
-504 1
-4325 -1
-3842 -1
-12052 1
23481 -1
25470 -1
-11901 1
-3829 1
19377 -1
2073 1
1527 -1
28077 1
10601 -1
-3033 -1
-17586 1
10112 -1
-10508 1
27185 1
5782 1
11874 -1
31869 -1
-24304 1
3306 -1
20000 -1
-12982 1
10125 1
19282 -1
-15820 -1
-29027 1
-16303 -1
13576 1
-10856 -1
-25791 -1
-25856 -1
-5726 -1
9942 -1
-429 1
28210 1
-1652 1
11519 1
-30234 -1
16721 1
32053 -1
7234 1
25489 1
-30026 1
-22935 1
-24863 -1
16415 1
-27323 1
-21522 -1
12836 1
31080 1
-26621 -1
6496 1
-3607 -1
-13834 1
-1135 1
2423 1
26468 1
20785 -1
28420 -1
-22212 1
-10440 -1
27771 -1
23567 1
424 -1
32574 1
13325 1
-9805 -1
-27703 1
5417 -1
12533 1
-28467 1
-559 -1
10946 -1
17858 -1
19065 1
-12598 1
14276 -1
-12642 1
-16615 1
-11608 -1
-598 1
-13371 -1
-13918 -1
15808 1
-22329 1
-13195 -1
-32552 1
-3508 -1
-20274 1
30468 1
12420 -1
15830 1
19896 1
-23715 1
-30828 1
-12696 -1
-9441 1
7888 -1
2217 -1
21760 -1
-2697 1
-2235 1
24857 -1
-22173 -1
-19141 1
-13557 1
1342 -1
4553 -1
25479 1
12877 1
26891 -1
9504 -1
30097 1
10989 1
-8426 1
-28992 1
13982 -1
-27060 1
8464 1
31682 1
-20686 -1
22997 -1
6149 -1
29303 -1
23378 1
23728 1
12397 1
19175 -1
-22617 -1
-4591 -1
17948 -1
14854 1
-25657 -1
28132 -1
23129 -1
-56 1
481 1
-14882 1
-21361 1
17799 -1
-12414 -1
-23641 1
-21375 1
-546 1
-13932 -1
-32630 -1
12922 1
12057 1
19807 1
31483 -1
26495 1
-15191 -1
7121 -1
-5275 1
-27999 -1
224 1
10157 1
-30745 -1
-28268 -1
-13899 -1
11837 -1
-353 -1
17279 -1
-6273 1
3409 1
13543 -1
4685 -1
-18614 -1
-10672 1
-576 -1
5866 1
6824 1
32451 1
11518 1
25757 1
-20247 -1
-17279 1
-30671 1
10726 -1
30340 -1
-20627 1
-28120 1
17357 1
30765 -1
13266 1
-26191 -1
-11372 1
-31047 1
7394 1
-7767 -1
4287 1
8317 1
-3877 -1
-1311 -1
-6570 -1
29097 -1
1255 1
5693 1
-13387 1
-15825 1
-28617 1
-24135 1
25985 1
25444 -1
-17005 -1
1459 1
29884 -1
23221 -1
28515 1
32240 1
31238 -1
-19127 1
-2386 -1
11460 1
-6993 1
-8698 -1
28777 -1
-12776 1
-1283 -1
-28646 1
14600 1
-8929 1
27071 -1
31285 -1
14250 1
22817 -1
-5493 1
-19126 -1
24085 -1
-11869 1
-24491 1
-12608 1
21957 1
17200 -1
-2317 1
30195 1
917 -1
-11249 -1
20531 -1
14261 1
24750 1
-8144 -1
-18865 1
-13036 1
-21685 -1
1591 -1
18276 1
27768 -1
32047 -1
-32351 -1
23291 1
-31987 -1
3639 -1
15664 -1
-16323 1
30764 -1
-14435 -1
-23902 1
-14263 -1
11488 -1
16371 -1
-32192 1
-10183 1
14522 -1
12603 1
-18931 -1
32615 1
-11405 1
-24146 1
-18735 -1
-14171 -1
15568 -1
4603 -1
-3944 1
-29633 1
-14938 1
-9170 -1
-11432 1
5470 -1
20318 -1
22971 1
-30379 1
-17965 1
-15528 1
17032 1
2236 1
19749 -1
4888 -1
30184 1
5582 1
13641 -1
9567 -1
-26007 -1
26846 1
-5109 -1
-11769 -1
-11203 1
12167 1
-31335 -1
-25962 1
700 1
27366 -1
24204 1
1212 1
-20959 1
-8880 1
-1804 -1
-28728 -1
-31684 -1
13968 -1
-18071 1
1635 1
22949 1
-27077 -1
-4721 1
-20284 -1
4113 -1
-1276 1
-16443 1
1971 -1
-10450 -1
-10859 1
-30467 1
-17772 1
-7707 -1
14382 -1
-8079 -1
11956 1
-17141 1
21733 -1
24549 1
707 -1
-13547 1
-653 -1
28189 1
28211 -1
17140 1
-21407 -1
-18027 -1
-26560 1
30112 -1
7782 -1
-4199 1
4417 1
9350 -1
19109 1
16286 1
22758 -1
17644 1
-5481 1
-15198 -1
22196 -1
23992 1
26410 -1
-6589 1
8765 -1
-19606 1
-6184 1
14827 1
-7331 1
18538 1
-16132 1
18872 1
-27342 1
19704 1
-26013 1
616 1
-7148 -1
23505 -1
-16429 -1
10422 -1
14377 -1
16000 1
-17059 1
-7205 -1
13231 1
-13813 1
12354 1
-398 1
480 -1
17201 -1
378 1
-21734 1
-17618 1
-30002 -1
-15366 1
-28239 -1
-21771 -1
-26657 1
-6470 -1
-18018 -1
7550 1
25017 -1
5853 1
1466 -1
1988 -1
14074 -1
-19854 1
11203 1
-29854 -1
-26382 -1
10835 1
22724 1
31915 -1
-6011 1
26047 1
-1835 1
-30053 -1
23946 1
-21909 -1
16407 -1
-30305 1
-247 1
29864 1
5931 -1
-23239 1
-9177 1
15604 1
31120 1
31503 -1
-31698 -1
12285 1
7243 -1
-6909 1
2171 1
10600 -1
-5569 -1
-18398 -1
-29449 -1
-22487 1
-28295 -1
8963 -1
-836 1
-30729 1
13679 -1
21630 -1
-21930 -1
11825 -1
25295 -1
-8731 1
-16094 -1
6549 -1
5906 1
-26273 -1
-2134 1
-32362 -1
-132 1
25930 1
29252 -1
8687 -1
-29786 -1
13695 -1
-9924 1
13512 1
1792 -1
-17112 -1
2630 -1
-26524 -1
12198 1
-7506 1
5438 1
-1521 1
-17164 1
-5586 -1
-8970 -1
-13126 1
-20877 1
25306 1
-25123 1
-9841 1
-13418 -1
18825 1
-20872 -1
32571 1
-22103 1
-1752 -1
30566 1
-4665 1
-843 1
-29971 -1
15627 1
18157 1
19331 1
-10645 1
7180 -1
-25629 1
-17879 1
-1735 1
-2228 1
26225 1
-15681 1
32346 1
17840 -1
15699 -1
5546 -1
32707 1
-3321 -1
2563 1
29687 -1
20215 -1
-14848 -1
-15608 -1
-30035 -1
-16231 -1
24864 1
-11646 1
446 1
3902 -1
64 1
1933 -1
-1494 1
-24282 1
13510 -1
-11238 -1
8164 -1
135 1
8900 1
-24180 1
-3113 1
-7298 -1
31069 1
24289 1
23658 -1
-25901 1
-16503 1
-18294 -1
-18105 -1
-22414 1
-23463 1
-20023 1
6021 -1
-17421 -1
-28249 -1
17470 -1
-4836 -1
7022 1
3390 1
28503 -1
20767 1
15372 -1
-26875 1
-6621 -1
-25214 -1
15191 1
24078 -1
-29908 1
-18005 -1
-26511 1
5635 1
10310 -1
-334 -1
-32193 1
-9687 -1
-11745 -1
24312 1
20482 -1
-21932 -1
20945 -1
-10896 -1
-22507 1
-32174 1
-30171 1
-27406 -1
-29012 -1
9285 1
29370 -1
-28275 1
14676 -1
-18811 1
13246 -1
12369 1
-19832 1
-2991 1
-26786 1
26523 -1
26434 -1
4474 -1
-27052 -1
-18349 1
4068 1
-25825 1
10763 -1
-16542 1
26685 -1
11196 -1
21612 -1
-19140 1
-16659 -1
-26982 -1
28125 -1
2440 1
-32658 -1
-13734 -1
6886 1
20844 1
-2565 -1
5340 1
25317 -1
23897 1
-14546 -1
-23918 -1
-3498 -1
-16173 -1
-1979 1
22132 -1
-30547 1
-22404 1
-851 1
31651 1
-30312 1
-24774 1
11966 -1
-4727 -1
12346 1
-22896 1
23980 1
31908 -1
30584 -1
22951 1
-16023 1
29629 1
4370 -1
8185 1
-4411 1
-6693 -1
31569 1
-24949 1
-17750 1
-3382 1
-4919 -1
-10478 1
-32161 1
25776 -1
-13332 -1
-20875 1
-13069 1
-19299 1
-11625 -1
-26771 -1
29762 -1
-7456 1
-11008 -1
630 -1
-32084 1
13788 -1
-27467 1
-20254 -1
-9159 1
24101 -1
-24573 -1
31094 1
21190 -1
202 1
5351 -1
7739 -1
-5022 1
-5573 -1
30996 1
-26114 -1
-24192 1
-28268 1
26151 -1
-3722 -1
-12151 -1
20183 1
-499 1
-28483 -1
7079 1
148 -1
-22107 -1
-17694 -1
25287 -1
-19081 -1
-15212 1
20886 1
-14560 -1
31272 1
-28600 -1
6398 1
17479 1
27097 -1
-31476 -1
19468 -1
-3032 -1
12452 1
-14036 -1
10406 1
-20852 1
26397 1
-6694 1
24043 -1
5308 1
11669 -1
8749 -1
16261 -1
-14862 -1
24445 -1
30272 1
-21549 -1
4543 1
8221 1
8610 1
2942 -1
15258 1
11382 1
32674 -1
9982 1
-8857 -1
-7796 1
-13814 -1
8809 1
3299 1
-3415 1
-22869 -1
-10048 -1
31749 1
14179 1
6226 -1
-22417 1
22899 -1
8390 1
2176 1
-31752 1
11072 1
21449 -1
-29122 -1
24886 -1
-19740 -1
11834 1
-13298 1
28704 -1
-27023 1
-26648 -1
-8885 1
-19979 -1
-12148 -1
-16256 1
29597 1
3973 1
32695 1
30167 -1
6784 1
19127 -1
-3922 -1
-2616 1
12311 -1
-5353 -1
-14725 -1
23839 -1
-16089 -1
-14165 -1
32340 -1
-10583 -1
-4633 1
-10033 1
-26950 -1
-32288 1
-25438 -1
-3318 1
23643 1
9893 -1
-514 -1
26357 -1
-31565 -1
10908 -1
-20749 -1
-4892 -1
-13067 -1
21566 1
-14163 1
-19461 1
-6515 -1
26473 1
24012 -1
25919 1
8526 -1
30227 1
-22578 -1
-21216 1
-24208 1
32241 -1
-5089 1
18507 1
-22224 -1
-15208 1
10474 -1
31293 -1
6660 1
23987 -1
27000 1
-20509 1
8066 1
2134 -1
19303 -1
-4228 1
-9011 -1
-19906 1
2082 1
-21771 -1
32537 1
-3912 1
3773 -1
-20820 1
-15619 1
-28227 -1
9298 1
-14683 1
23694 1
14976 1
-20128 -1
-21245 1
2398 -1
2544 1
-25824 1
32456 1
15773 1
26001 -1
-25322 -1
-17413 -1
-3252 -1
-14234 1
-23177 1
-11267 1
-4680 1
26341 1
7962 -1
-30885 -1
-16760 1
-19360 1
1899 -1
-558 -1
4180 1
26935 1
25042 -1
-18507 -1
-15264 1
6523 1
30347 -1
609 -1
7881 1
-5399 1
13398 -1
15128 1
23591 1
1333 -1
-25425 -1
-17191 -1
20853 -1
2667 1
31250 1
1889 1
5261 -1
25835 -1
-28936 -1
5632 -1
29799 1
10730 -1
12307 -1
-24368 1
-14932 1
12881 1
-29281 1
31966 -1
-10102 1
-11938 1
-15498 1
3522 1
27266 1
-3116 -1
-16623 1
28586 1
2489 -1
-6001 -1
20047 1
25865 1
32036 -1
2007 1
-9386 -1
29119 1
-29966 -1
-24717 1
-19546 1
31529 -1
2247 1
-21184 -1
-19310 -1
30571 -1
-18838 1
3326 1
-21833 -1
-14333 1
30207 1
-9194 -1
-20603 -1
-7027 1
18742 1
-33 1
20191 1
-12945 -1
-8930 -1
32107 -1
21493 -1
9358 -1
-789 1
10021 -1
1409 1
24231 -1
5771 -1
-15854 1
8803 1
23271 1
-20258 -1
-29328 -1
23481 -1
-2613 -1
-17562 -1
560 1
-27698 1
11678 1
-22925 -1
-8121 -1
-2485 1
-10979 -1
-24752 -1
22149 -1
3378 1
-10309 -1
15947 -1
-21069 1
27847 -1
-31631 -1
-16886 1
-14418 1
-25622 1
-14437 -1
-13461 -1
32204 -1
-26340 1
-27083 1
22166 1
-26514 -1
-14838 1
-17144 -1
19048 1
-7946 1
-20007 1
21340 -1
10046 1
-2132 1
-14797 1
2543 -1
12292 1
-17841 -1
-27726 1
5051 1
27297 1
5177 1
30717 -1
-25003 -1
4975 1
-28092 1
-3642 -1
24982 -1
10488 -1
7160 1
-2505 -1
13958 -1
3057 -1
10492 -1
-9073 -1
31821 -1
-28539 -1
-22748 -1
-11480 -1
25162 1
5528 -1
-6293 -1
28062 1
10615 -1
-5099 1
3650 1
32439 -1
20918 -1
7347 -1
-13952 1
16397 -1
605 1
-2057 1
-15134 1
-17493 1
-31231 1
6489 1
28425 1
20273 -1
-4476 -1
15646 -1
-7029 1
-16775 -1
-7755 -1
-15073 -1
2639 -1
-4128 -1
16389 -1
-6004 -1
31203 -1
8323 -1
-25909 1
-9066 1
26057 1
10259 -1
4958 -1
29145 1
-20756 1
-26983 1
15949 -1
13139 1
-32189 1
27625 -1
15009 -1
12577 -1
-15693 -1
-2482 1
6039 -1
25793 1
18121 1
-28580 -1
-27674 1
-26530 1
-15842 -1
-27591 -1
-25354 1
14110 -1
22365 1
9704 1
-4811 -1
-2231 1
18111 -1
7791 -1
27664 -1
-10902 1
-24893 1
3969 1
-19433 1
11328 1
-8674 -1
-3158 -1
-32011 -1
19354 1
31489 1
31451 1
-13406 1
-25119 -1
8413 -1
-17291 -1
21708 -1
-20063 -1
-14742 -1
-21386 -1
-1607 -1
5562 -1
7766 -1
-19714 -1
-27676 1
-14942 -1
6588 1
450 -1
1654 -1
-382 1
-20361 -1
-5140 -1
2869 -1
-9684 -1
14729 -1
-23006 -1
-16880 -1
-12888 1
26051 -1
24059 -1
-12103 1
-321 -1
25059 1
-7131 -1
-7022 -1
6972 -1
32742 1
20825 -1
16374 1
29419 1
-24583 1
-731 -1
10461 1
-14496 1
-27626 1
3504 1
5336 1
-16986 -1
12038 -1
25765 -1
24800 1
-17408 -1
14424 1
21225 -1
19194 -1
21468 -1
-28997 -1
-24866 1
-6218 -1
-30553 -1
-5583 1
14543 -1
-27226 -1
-13312 1
-14843 1
-8672 1
20391 -1
-24752 -1
2177 1
-30355 1
23404 1
13085 1
9909 1
-10641 -1
-20658 1
17803 1
-27060 -1
-14920 1
-11416 -1
4299 -1
18643 -1
-13194 1
7135 -1
5749 -1
14660 1
-4198 -1
10168 1
-14182 -1
-24329 -1
9030 -1
-9681 1
-29308 -1
-16158 -1
-23369 -1
-14236 1
1936 -1
24289 -1
-994 1
-25826 -1
15028 1
-31941 -1
23218 1
-7560 1
-13229 -1
-20022 -1
6049 -1
-11936 1
13747 1
28366 1
-17219 -1
-30386 -1
11111 1
27833 -1
-30568 -1
-25932 1
17172 -1
-7781 -1
26116 -1
-4551 -1
5930 1
-11630 1
-16962 1
30043 1
7927 -1
713 1
-26594 -1
5221 1
-25511 1
-46 1
23771 -1
8951 1
-13694 -1
-13002 -1
-2349 -1
28832 -1
-23891 1
27428 -1
-16646 -1
-10109 1
1616 1
26192 -1
-32024 -1
-10879 -1
23528 -1
-29778 1
23864 1
7934 -1
6167 -1
18388 1
-20795 -1
-28030 1
32224 1
-23308 1
-1037 -1
17857 -1
31748 1
5606 1
25874 -1
-29197 -1
29695 1
-8569 -1
27584 1
1469 1
24903 -1
-5288 -1
-29053 -1
13069 -1
23752 1
26135 -1
15798 -1
21538 1
14490 1
20304 -1
-8256 1
-29527 1
12292 1
-3381 1
-13810 -1
24271 -1
26549 1
-10665 1
-13186 -1
4919 -1
-14913 1
14969 -1
-21151 -1
2522 -1
-3289 -1
16784 -1
-15696 -1
-13803 1
-10318 1
-6746 1
-5004 -1
15630 -1
21064 -1
-8312 1
-26393 1
14119 -1
8898 1
31654 1
-18857 -1
358 -1
20937 -1
-15592 1
-18738 -1
28818 1
-31093 1
14587 -1
-30349 1
28309 -1
2086 1
19450 -1
21074 1
-20296 1
-24323 1
29263 -1
-15346 1
-26752 1
-22704 -1
-25308 -1
-16149 1
-14680 1
-13390 1
-5738 -1
23349 1
11456 -1
8376 1
-26705 1
8570 1
17222 1
-25595 -1
15465 -1
17624 1
12323 1
-23317 -1
-22063 1
30823 1
13704 1
-19953 -1
19771 1
-14338 -1
-19497 1
-21411 -1
-19169 -1
22306 -1
-25098 -1
-17120 -1
-32037 1
-29179 -1
-15497 1
27327 -1
-27364 -1
-7384 1
18860 -1
4022 1
-5440 1
28083 -1
27820 1
26830 -1
-4684 -1
15384 1
-4545 -1
-6441 1
-3320 1
13115 1
-5423 1
-25014 -1
-22078 1
-4694 1
-18832 -1
1842 -1
-29581 -1
14152 1
-10595 -1
-10338 1
22133 1
-20331 1
-32725 1
-142 -1
-10644 -1
-19125 -1
-5326 -1
-21056 1
-24255 -1
-27922 -1
-10303 -1
30270 -1
-27252 -1
6655 -1
18602 1
19140 1
-22656 1
-13930 1
-20721 1
32518 1
9708 -1
-15561 -1
6499 -1
30436 1
-3116 1
24440 1
10244 -1
-17135 1
-10633 1
21848 1
-27675 1
26780 1
-13006 1
11428 1
20737 -1
-30407 -1
6706 -1
16406 1
-13351 -1
-8810 -1
-22406 -1
10810 -1
2665 -1
26525 -1
-15775 1
21265 1
16530 1
-27345 1
-2309 -1
-29673 1
9007 -1
5704 -1
5083 1
-11643 -1
22935 1
12248 -1
-23313 -1
3141 1
16442 -1
25312 1
16584 1
-5929 -1
11817 -1
-31369 -1
14341 -1
17478 -1
29157 1
-18497 1
17818 1
-28694 1
4460 -1
29301 1
-592 1
13001 1
6529 1
-10125 -1
-2648 -1
-12256 -1
-2107 -1
-28973 1
1523 1
15372 1
-7888 -1
9129 1
14176 -1
30024 1
9891 1
9672 -1
-14853 -1
10548 1
-30090 1
-3261 1
24289 -1
9652 1
-15716 -1
18530 -1
21041 -1
20425 -1
-29403 -1
23478 -1
-30305 1
-7342 1
22389 1
23961 1
-8245 1
18742 1
-29408 -1
-15813 1
-8247 1
27493 -1
-1918 1
2576 -1
17763 1
14924 1
-20015 -1
-12256 -1
17680 1
-10281 1
-1374 -1
-30189 -1
-13345 1
10942 1
-8014 1
-10814 1
-32109 -1
19953 1
-7077 -1
-16477 -1
-363 -1
27812 1
22585 1
-23517 -1
19233 -1
-11222 -1
25881 -1
-782 -1
-1613 -1
-5114 -1
-10207 -1
30205 -1
8917 -1
-25751 1
-23092 -1
26034 1
20844 -1
-32288 1
12195 1
1956 1
-17797 -1
32277 -1
11937 1
-16768 1
-26748 -1
-26970 1
-2269 -1
-26907 -1
27138 -1
-215 -1
-32452 -1
-21684 -1
22985 1
7248 -1
-6744 -1
14190 1
-13937 1
-10117 -1
-19762 1
1548 -1
-7601 1
-7565 -1
-15827 1
24557 -1
2505 -1
-7791 1
-20531 1
14411 1
-18470 -1
-31489 1
13699 1
-15279 1
-5462 1
-21253 1
3909 -1
11704 -1
-2607 1
8577 -1
-29070 1
15116 1
-17978 1
21342 -1
20633 1
31645 1
869 -1
-17476 1
-9616 1
-8480 -1
-32489 1
-15796 -1
22166 -1
3531 1
25464 -1
-21606 1
11799 1
-20302 1
-8363 -1
16356 -1
-27987 1
-14867 1
-23466 -1
2151 -1
17960 1
8376 1
25884 -1
9969 -1
-18464 -1
25548 1
24657 -1
-29610 -1
3258 1
21961 -1
1965 -1
32383 1
12028 -1
-12114 -1
-14935 1
11769 1
-23096 1
4013 1
-16162 -1
-16474 -1
31773 -1
-17795 1
26811 -1
-2814 -1
26114 1
-23510 -1
-1811 -1
5103 -1
26990 1
-10050 1
21007 -1
-25033 -1
-15338 1
20343 1
14702 -1
7632 1
11786 1
4342 1
17914 -1
-25678 -1
441 -1
-13066 1
-30705 -1
-24370 1
27588 1
28170 -1
-20149 -1
-1766 1
3242 1
15820 -1
-26035 -1
-9584 -1
-27809 -1
-23660 1
21136 1
30668 1
-18155 -1
24894 1
12442 -1
2440 -1
-12378 -1
16400 -1
1389 1
-9888 1
-25889 -1
-9380 1
-27364 -1
32666 -1
18909 -1
-26221 1
10818 1
-23525 -1
-27619 1
-4232 -1
13472 -1
30318 1
3275 1
-14844 -1
-9369 -1
-24708 1
-1340 1
10806 -1
-13620 1
1774 -1
2809 1
1470 -1
-23057 1
-13641 1
9771 1
-32574 1
25815 1
13222 1
25072 -1
-18613 1
-25565 1
-23139 1
-1061 1
-16631 -1
-9750 1
-14409 1
22639 -1
-6504 -1
-4162 1
-9958 1
-23183 1
28665 1
-12114 1
26924 1
19431 -1
-6498 1
13339 -1
-12363 -1
71 -1
6049 -1
17470 -1
-8907 -1
-28156 1
-30898 1
-19542 1
16876 1
-19738 -1
-6543 -1
-16227 1
18753 1
-21000 -1
2410 1
28534 -1
-25739 -1
20301 -1
-2345 -1
27549 1
-22482 -1
-19098 1
25377 1
-3857 1
-30154 1
20759 1
-5911 1
11677 -1
-100 -1
-5873 1
5747 -1
2385 1
-20402 1
11811 1
3270 1
-32104 1
23295 -1
-24707 -1
28798 -1
2677 1
46 -1
-30992 1
-22503 1
-12244 -1
9555 1
-2170 1
-20069 -1
-15952 1
-4239 -1
-28914 -1
9712 -1
-4112 1
4656 1
-17716 -1
207 1
20935 -1
23816 -1
-18129 1
3992 1
18715 -1
-10509 -1
4032 1
-16231 1
17493 1
31793 1
-13095 -1
21597 -1
8010 -1
-13699 -1
24934 -1
-11356 -1
2440 1
13959 1
-23397 -1
-9728 1
-31173 -1
-18129 1
16670 1
-26592 -1
31363 -1
3560 1
-1900 1
1029 1
15368 1
-16217 -1
-8469 -1
-13226 1
6013 -1
-21785 1
-10006 1
-10038 1
-28515 1
-29727 -1
-3118 -1
9846 1
6462 -1
-22337 1
10157 -1
32030 1
15484 -1
23631 -1
-9085 1
-28546 -1
-21159 -1
3950 -1
6512 1
13200 1
-13515 -1
20662 1
-27595 1
10769 1
25128 1
-28685 1
9491 -1
-21536 -1
27675 1
-23365 1
-27415 -1
16618 1
-13130 1
14964 -1
-20798 1
28583 -1
-25102 1
5779 -1
5649 1
-25048 -1
20517 -1
26202 1
-6155 1
-22978 -1
-15255 1
7514 1
-3487 1
-298 1
744 1
-6491 -1
-19594 -1
29777 -1
19584 1
2552 1
-11355 1
27954 1
-18262 1
-11895 -1
20543 -1
-2810 -1
28899 1
1517 1
25616 -1
29127 -1
3142 1
19858 -1
-6304 1
16037 -1
14003 -1
-26977 -1
27458 1
-3013 -1
17697 1
4852 -1
-1178 -1
255 1
-22322 -1
-27293 1
15014 -1
-11402 -1
-19301 -1
18120 -1
-523 -1
-8186 -1
-123 1
-23951 1
-23204 1
3449 1
-4134 1
9374 1
839 1
24905 -1
28408 -1
-841 -1
218 -1
-4986 1
-7561 -1
13035 -1
17558 1
11751 1
22250 1
27008 1
-32153 -1
17013 -1
26698 -1
10885 -1
-25010 -1
-19855 1
7654 1
-23055 1
-31080 -1
-16604 1
-28981 1
-28202 -1
-15179 -1
12867 -1
-25684 -1
-23156 1
639 -1
27424 1
13999 -1
4601 -1
11397 -1
-21447 1
24304 1
-15184 -1
27211 1
-30521 1
30252 -1
-29430 -1
-4214 -1
6949 1
-75 1
14313 1
29422 -1
10273 1
15800 1
24200 1
-6059 1
24104 -1
29258 -1
-9641 -1
19646 1
4439 1
19825 -1
18940 1
-28066 1
-27363 -1
-24484 -1
-13215 -1
-25539 -1
27230 -1
-18697 1
-6657 1
-11855 -1
-9002 -1
3429 1
14843 1
-32060 -1
-29245 1
-14662 1
-31275 1
-11161 1
10262 -1
-17519 -1
6547 1
-9497 1
25343 1
23940 -1
17523 1
732 -1
5508 -1
-2806 -1
11107 -1
27520 -1
30003 -1
-19760 1
30899 1
615 1
19860 -1
-11777 -1
16391 -1
-29258 1
-29547 1
26956 1
-17453 -1
24318 1
21548 1
6895 1
-12097 1
19076 1
-23998 -1
7664 -1
6403 -1
-14679 1
14964 1
2285 -1
30583 -1
8689 -1
7496 -1
-29637 1
-21950 -1
29598 -1
-6746 1
29314 1
27956 1
-16517 -1
-18344 1
29066 1
31946 -1
22259 1
-8717 1
24326 1
31396 -1
21994 1
29311 1
-19857 1
31734 1
2281 -1
12164 1
-31780 -1
-28443 -1
5885 1
-5877 1
-28481 -1
1014 -1
-20744 -1
31734 -1
1886 1
-24205 -1
-11087 1
1333 1
-16531 1
28643 -1
11850 1
-22370 1
-1927 -1
4373 -1
27303 -1
-26606 -1
20375 1
-15543 -1
-15519 1
-29702 -1
-22088 -1
624 1
-27260 1
-22482 1
-16367 -1
4307 -1
27242 -1
16874 -1
-31134 1
29056 -1
-23421 1
32536 1
3153 -1
-21371 -1
32259 -1
-23124 -1
19800 -1
-32716 -1
14091 -1
-19708 -1
6151 -1
21591 1
27445 1
-31571 1
-31900 1
24829 1
15548 -1
-14653 -1
-4208 1
755 -1
30912 -1
-4919 1
19297 -1
-6753 1
-16344 -1
6044 -1
7806 1
-13885 1
-13783 1
23574 -1
12276 1
-21097 -1
17629 1
31585 1
-26680 -1
-1035 -1
16289 -1
1863 -1
15477 1
-12333 1
28413 -1
-10967 -1
25144 -1
-10388 1
-22202 1
-30951 1
-22617 -1
-19173 1
15773 -1
8909 -1
28972 1
-32245 -1
17585 1
-4953 -1
18920 -1
-10607 -1
-6614 -1
-10773 1
23383 -1
-940 1
4489 -1
4799 1
4031 1
-20942 -1
13301 -1
29959 1
2575 1
-30238 1
2363 1
-30853 -1
2637 -1
26791 -1
12541 1
-22781 -1
-6974 -1
30226 1
4400 1
1749 -1
-30039 -1
24772 -1
-10274 1
4054 1
-17124 -1
16437 1
-19913 -1
-19490 -1
-12662 1
-14995 1
28749 -1
2933 1
-31889 1
-29847 -1
-6104 1
-16031 1
-23958 1
21414 -1
15773 1
22849 -1
3309 1
28203 1
16934 -1
26567 -1
16502 -1
17970 -1
-3810 -1
-5541 1
-21298 1
10825 1
12014 1
8149 1
-557 1
-22675 1
-27426 -1
-28560 -1
-27310 -1
16429 -1
-13663 -1
-22859 1
-13730 -1
31940 1
-28439 1
-15348 1
-7236 -1
26743 -1
-22300 -1
-31854 1
-12817 1
24554 -1
-10925 -1
6473 1
-8170 -1
-5290 -1
-17853 1
21189 -1
15498 -1
2504 1
-20102 -1
-8969 -1
11819 1
-5808 -1
14413 1
-671 1
-371 -1
-3145 -1
-10615 -1
-13619 1
24996 1
22610 1
-4300 1
6796 -1
24068 -1
17148 -1
-30218 1
16331 1
-26761 -1
-8899 1
-20909 1
11490 1
31176 1
8849 -1
30716 -1
-10838 1
-1567 1
30228 1
25431 -1
-31544 -1
12321 -1
6239 -1
-27071 1
18272 -1
-25665 -1
28863 1
10661 -1
12779 1
-18882 1
-31199 1
-14839 1
-22520 1
13534 -1
18207 -1
-26984 -1
13214 1
-1588 1
1072 1
-6399 1
-7984 -1
9079 -1
19188 1
32226 1
-29876 1
30036 -1
-27540 -1
22115 -1
-1440 1
5795 -1
-737 1
-24139 1
-26326 1
8401 -1
-31471 1
3686 -1
19682 -1
-16781 1
-20975 -1
-29518 -1
-29810 -1
1457 -1
17229 -1
10107 1
-21269 -1
-1394 1
-12042 1
15499 -1
-3127 -1
24011 1
23386 -1
8142 1
26204 1
8998 -1
-27777 -1
-17940 -1
15516 1
-14668 1
12010 -1
10938 -1
10335 -1
15502 1
-3976 1
28146 -1
-24409 -1
-26676 -1
24177 -1
-7762 -1
455 -1
9766 -1
-14264 1
-31136 -1
21738 1
-13272 -1
11914 -1
12507 -1
-9668 -1
-2170 -1
5771 -1
-31628 1
20497 -1
26720 1
-1906 1
1614 -1
-9608 1
20911 -1
-30435 -1
-2204 -1
12626 -1
11848 -1
1164 -1
-3545 -1
-5067 1
-30457 -1
-21634 -1
15780 1
-29303 1
-13281 1
-5085 1
-12125 -1
14407 1
-1572 1
913 1
-5362 1
8716 1
9936 1
-9615 1
18671 -1
21307 -1
1806 -1
-26651 -1
-3013 -1
28386 -1
-32139 1
27504 -1
31833 1
-28906 1
11560 -1
-15761 1
-6095 -1
-17295 1
-4321 1
-10353 -1
-19608 1
19740 -1
-22779 -1
28230 -1
-27833 -1
29162 1
1393 -1
-4138 -1
2909 -1
18074 -1
27039 -1
-31475 -1
-4510 -1
28305 -1
1328 1
13907 -1
-5775 1
25268 1
24132 -1
-29234 -1
-18060 -1
-7268 -1
18661 1
-3658 1
-26053 -1
-24764 1
18348 1
30724 1
14856 1
-10249 1
-29102 1
-31378 1
-26574 -1
-23946 -1
-2476 -1
-23885 1
3721 1
29545 -1
-12923 -1
-27728 1
-12331 -1
-1784 -1
-27824 -1
-18261 1
12282 1
-4399 1
-18832 -1
4815 -1
-29842 1
24421 -1
32566 -1
26439 -1
31034 1
-20558 -1
-18949 -1
-6907 -1
23147 -1
-4405 -1
18256 1
16820 1
10654 1
-22394 1
-13639 -1
-32487 1
5205 -1
-21069 1
-17445 -1
1551 -1
10859 -1
-20651 -1
-25751 -1
-25929 -1
20383 1
-22425 -1
16238 -1
30256 -1
-9311 -1
-9376 -1
-17032 1
-4346 1
-29137 -1
-22664 -1
28411 -1
-24019 1
-25895 -1
-18008 1
21635 -1
24697 1
9763 -1
-8844 -1
26158 -1
-6680 1
5352 1
-3736 1
-5189 -1
23911 -1
-15107 1
-15517 1
22397 -1
-12547 1
15288 -1
10090 1
-6493 -1
-23562 1
-20369 -1
6837 1
-9714 -1
-30971 -1
5924 1
1946 1
4785 1
10957 -1
-20772 -1
24916 1
18092 -1
-20557 1
16299 -1
-32314 1
4088 -1
-20924 1
-18629 -1
14587 -1
29277 1
-25769 -1
7743 -1
19997 1
-6975 1
25099 -1
-30897 -1
-12723 1
9932 -1
-2721 -1
-12745 -1
-22877 1
8806 -1
-21902 -1
-18905 -1
-13957 -1
-30803 -1
-9519 1
9379 -1
23767 1
-12450 -1
32320 -1
2403 -1
-4353 1
13152 -1
7470 -1
12829 1
-15275 1
30715 -1
-1470 -1
30248 -1
31929 -1
-19957 -1
26846 1
23547 -1
23231 -1
10957 -1
31946 1
-7734 -1
-19141 -1
10538 1
-9059 1
28659 1
-3132 1
9545 -1
31435 -1
3150 1
5439 -1
8873 -1
-13380 1
-23858 1
-2830 1
26356 -1
-19786 -1
17766 1
711 -1
30255 1
-1774 -1
22998 1
-1637 -1
23588 -1
-14196 1
-5670 1
-6654 1
-28431 -1
21040 1
-22644 -1
-15672 -1
30600 -1
-16797 -1
12396 1
-9484 -1
-27056 -1
-28606 -1
19857 1
10687 1
-7071 -1
6329 1
6345 1
-9501 -1
-9484 1
-17329 -1
17706 1
15606 1
21565 1
32227 1
25604 -1
-21981 1
25649 -1
-13316 1
-18478 1
10783 1
-24588 1
-17881 1
-17557 -1
16642 -1
-24514 -1
-12310 1
4609 1
16959 -1
2567 1
-26747 -1
-26665 -1
-25025 1
-1909 1
-18477 1
5626 -1
24478 -1
21246 1
-8273 1
-9506 -1
-22613 -1
-5013 1
-21743 -1
-21731 1
-24905 1
-27415 -1
6660 1
-30742 1
11646 -1
26239 1
12008 1
637 -1
-13970 1
-31562 1
-13282 -1
20814 -1
-9725 1
15911 1
-30217 1
-31483 1
-31372 1
16098 1
-19805 1
-12870 1
-9754 -1
-13714 -1
26918 -1
2181 1
8081 1
-27904 -1
9867 -1
6961 -1
9505 1
5723 -1
19829 -1
-30901 -1
10942 -1
29210 -1
-20389 1
18548 -1
-12511 1
31280 -1
26131 1
539 1
32628 1
31094 -1
-10378 -1
-16424 -1
295 1
15444 1
31617 -1
-31163 -1
15063 -1
-18097 -1
-28731 -1
12187 1
-6993 1
-15133 1
29473 -1
-22667 1
8016 -1
-24381 -1
25694 -1
-6350 1
-1463 -1
26998 1
-30396 -1
-4344 -1
-4109 -1
-988 1
-28861 1
20470 -1
2873 -1
-12380 1
-11261 1
13408 -1
-7294 -1
31272 1
-28359 1
-18685 -1
3768 -1
-8291 -1
-31733 -1
26775 1
7128 -1
-9741 1
29964 1
-13568 -1
-28317 1
-29488 -1
-27287 1
11620 1
22676 1
-29515 1
-14019 -1
-28624 1
30801 -1
-23807 1
32315 1
29187 1
-19438 -1
3831 1
-29509 1
-15732 -1
27588 -1
-11804 1
14109 -1
-31395 1
26984 -1
-28921 -1
-30097 1
-22435 -1
-3816 1
17515 -1
-5854 -1
-5607 1
-31303 1
13709 -1
-9161 -1
-19277 1
-20789 1
19683 -1
-14335 1
8808 -1
2323 -1
18116 1
-7857 1
9745 -1
-32550 -1
-21773 -1
30059 -1
-25647 -1
23833 1
-22019 -1
28981 1
29637 1
1464 1
-11399 1
-8684 1
10813 -1
1515 -1
-9600 1
20449 1
3060 1
17904 -1
5765 1
-20403 -1
17413 1
-30428 -1
8650 1
26729 1
-12121 1
-30803 -1
19276 -1
-10195 -1
18158 -1
-12934 1
-19264 1
-16673 1
-30055 -1
-8302 1
-18872 -1
20932 1
-9172 -1
1606 -1
28566 1
-10372 1
-2499 1
4174 -1
30902 1
27362 -1
-3206 -1
21949 1
13142 1
-13487 1
14790 -1
-31750 -1
-6344 1
-3565 1
10567 -1
-30287 1
27483 1
21221 -1
20989 -1
7470 1
-1413 -1
27272 -1
-7760 1
6822 1
18005 1
-26378 1
-19371 -1
26208 -1
18200 -1
27837 -1
-24906 -1
-20013 -1
17994 -1
-31530 1
-19012 -1
18108 1
29631 1
29814 1
-24278 1
-151 -1
2578 -1
-32498 1
26865 1
32100 -1
24908 -1
-7427 -1
28679 -1
-8536 1
26328 1
5940 1
22545 1
-31998 1
-9894 -1
-5272 1
8164 -1
-19241 1
20893 1
-32101 1
-19125 1
-24374 1
27974 -1
-974 -1
-16617 1
-32647 -1
-6326 1
28449 1
13345 -1
-26683 1
-4796 1
1312 1
-21124 1
29234 -1
27980 1
11683 1
21839 1
6720 1
-6698 1
11374 1
-13979 1
25776 -1
-15577 1
3407 -1
6765 1
22779 1
28101 1
7803 1
-14083 -1
4553 1
-23215 -1
-5418 1
18524 -1
7463 1
28762 -1
14448 -1
23304 1
-10506 1
31091 1
11870 1
-31281 1
-14340 1
24260 -1
18265 1
3306 1
23109 -1
29852 1
-25529 1
-28342 1
-9940 -1
377 1
-20389 1
3932 -1
28941 1
27127 1
12589 -1
9705 1
-30301 1
-11772 1
-25769 -1
-17157 1
60 -1
8996 1
25424 1
20089 1
-13931 1
6250 -1
-4123 -1
-15360 -1
7535 1
-20248 -1
1755 -1
-846 1
32078 -1
29936 1
18841 1
-10078 1
11399 1
-2971 1
26669 1
-22784 1
-31574 -1
-26961 -1
-32289 -1
-161 -1
-15144 1
-16073 -1
8903 1
-15196 1
-7772 -1
20067 -1
-10137 1
5953 1
-27708 -1
-16531 -1
16592 1
6885 -1
-17723 -1
16784 1
-29767 1
-25641 1
-29551 1
-21565 1
-27280 -1
27214 -1
-848 1
-1623 1
-32343 -1
-12089 -1
-8370 1
29152 1
-9719 1
-27651 -1
-29696 -1
14282 -1
4954 1
-1220 1
31674 -1
24551 -1
9749 -1
-20383 1
7728 -1
18960 1
-3011 -1
-31505 1
-28544 1
-7316 -1
10913 1
8054 -1
26573 1
23523 -1
-12906 1
-18395 1
1472 -1
6010 1
-28533 1
-32266 -1
6468 1
22545 1
15372 -1
-9683 1
12925 1
-15107 -1
11278 1
13208 1
-28937 -1
-26365 -1
-20167 -1
-2587 -1
-12153 -1
-17898 1
8974 -1
-2955 -1
18194 1
-12317 -1
-6560 -1
10699 1
-26560 1
-29887 -1
-16828 1
-516 -1
16474 1
27515 1
-31743 -1
20334 -1
-29468 1
-31592 1
-20353 1
16730 1
-4705 1
-17207 -1
15663 1
-132 -1
-8608 1
20125 1
11626 1
28566 -1
-22184 1
1281 -1
-21473 -1
29439 -1
-5919 -1
15721 1
9643 1
19445 1
-28216 -1
9121 -1
15784 -1
-21192 1
-30388 -1
-23213 1
19224 -1
-7273 -1
29978 1
-2161 -1
-26236 -1
-22329 1
-7738 1
13982 1
26796 -1
27414 -1
-17887 1
13536 1
8249 1
10403 -1
29138 1
26693 -1
-260 -1
5079 -1
3351 -1
-13295 -1
10783 -1
5576 1
14179 -1
-26364 1
24035 1
-8632 -1
27867 -1
-23477 1
-18514 -1
6496 1
-531 1
13301 1
-12206 -1
-31867 1
12358 -1
-24284 1
27481 1
12182 -1
11729 1
21429 1
15599 -1
-26134 -1
3829 -1
-11812 1
26529 -1
-31625 -1
27341 -1
6035 1
-8660 -1
18481 -1
-141 -1
-10717 1
15610 1
-15566 -1
22781 1
14140 -1
8111 1
-20907 -1
8244 1
9071 1
28183 -1
5355 -1
13207 -1
14896 1
31862 1
25620 -1
8212 1
-11989 1
-26640 1
7387 -1
3227 -1
-12612 1
29250 1
20785 -1
-19677 1
17435 1
31200 -1
-19086 1
-6216 1
16415 1
-11985 1
-26749 -1
8514 -1
12517 1
23529 -1
-9832 -1
2212 -1
30400 -1
25350 -1
21669 -1
-27001 1
-23018 1
18286 1
-20672 1
30968 -1
31476 1
-25191 1
-18698 1
-30398 -1
19570 1
-7702 -1
22369 -1
26959 1
483 1
-21148 -1
32577 -1
25294 1
-8158 1
-8558 1
-23306 1
-18940 -1
-6530 -1
27380 1
-1171 -1
-25454 1
-10015 -1
-14949 1
1264 1
5906 -1
-16928 1
17377 -1
-22399 -1
-11748 1
-29243 1
20688 -1
-19512 -1
-1004 -1
22492 1
13945 -1
-21813 1
-27258 -1
8141 1
-13029 -1
-2944 -1
13989 -1
-19498 1
-19446 -1
30492 -1
-14337 1
-32388 1
3266 1
26197 -1
-5023 1
-12115 -1
15669 -1
-24651 1
-16201 -1
-32417 1
-28646 1
-32444 1
6398 -1
-2548 1
568 -1
-15121 1
22187 1
29564 1
27316 1
31403 -1
18988 -1
-1661 -1
-29093 -1
26223 1
-13698 -1
-9470 1
-12277 1
22927 1
-11093 -1
-27314 1
-28743 1
-29594 1
-14252 -1
12581 1
20053 1
-6599 1
-19690 1
24875 -1
12427 -1
29565 -1
12555 1
15749 -1
-30691 -1
11813 1
-26400 1
4821 1
-514 -1
-5171 -1
-20744 -1
-30916 -1
22931 1
-17265 -1
1392 -1
4209 -1
12515 1
-3727 1
5645 1
-27675 1
-702 -1
21992 -1
-16919 1
-3090 -1
-30088 -1
-25493 -1
20744 1
-7386 -1
-23710 1
-5815 1
-4501 -1
25249 1
-29678 1
-27136 -1
14573 1
32227 -1
12757 1
8579 -1
-7728 -1
30042 1
19256 -1
11196 1
-3634 -1
-12587 1
-17893 -1
-482 -1
-13168 -1
21326 1
-13611 -1
-4972 -1
-20050 -1
6462 1
31927 1
2273 -1
14755 1
13026 1
13744 1
-27108 -1
-30541 1
-15034 1
-4630 -1
29310 1
16729 1
-15181 -1
-23127 -1
-9133 1
-23333 -1
28113 1
-24883 -1
-23341 1
7910 -1
-7708 1
2513 -1
-32390 1
-865 1
24522 1
15393 -1
-1366 1
-5605 -1
175 -1
25459 -1
-28383 1
9355 1
-25727 -1
-21336 -1
-28371 1
-5297 1
-13755 -1
-11960 -1
-23902 1
8628 1
6109 -1
11572 1
-13940 1
-32748 -1
-18119 -1
23230 1
13404 1
8172 -1
20329 1
11638 -1
-20861 1
-3578 1
-19889 -1
-3526 -1
-15719 1
10701 1
23480 1
11455 1
4388 1
-12933 1
7721 1
17590 1
20160 -1
25327 -1
-6644 1
8218 1
30742 1
6649 -1
16179 1
664 -1
18652 -1
-19315 1
21852 1
20593 1
24561 1
13575 1
-13480 -1
-4122 1
-25573 -1
-4987 -1
-30914 1
-8725 1
-28361 -1
21541 -1
-6324 1
-19214 -1
-19768 1
-32430 -1
-4109 -1
27705 1
23717 1
-21258 -1
-1366 -1
1514 -1
-5351 1
22454 -1
6583 -1
24693 -1
-2305 1
-21556 -1
19941 1
30535 1
27446 -1
-29635 -1
-10318 -1
-581 1
-24652 1
-3171 1
-2183 1
-14692 -1
-11808 -1
17928 1
-21493 1
-11913 -1
4458 -1
7709 -1
-26554 -1
-22946 -1
18129 1
-827 1
-31714 1
13061 -1
-4913 -1
-1322 1
25549 -1
-30727 1
-22315 1
21784 1
-22495 1
30176 -1
-31214 -1
-4632 -1
-13414 -1
-30398 -1
14148 1
7645 1
-22987 -1
-11559 1
-7391 1
30135 1
6652 -1
-14739 1
-17124 1
-19405 1
-24345 1
-9801 1
3000 -1
-23707 -1
30557 1
30074 1
30474 -1
-15535 1
-12878 1
7579 -1
21536 -1
-6815 1
-15143 1
-4102 -1
-24421 1
12621 -1
23685 1
9684 -1
-5939 -1
26206 -1
-6480 -1
3828 1
-21469 1
20727 1
-18156 1
8080 -1
-28416 1
-9402 1
-5280 -1
6048 1
-1546 1
15616 -1
-11334 -1
16590 1
-9226 1
-17496 1
-22580 1
32397 1
24250 1
13375 -1
23145 1
-11380 -1
-13002 -1
10528 -1
-24827 -1
26335 1
11118 -1
-18061 -1
-17343 -1
6600 -1
8489 -1
10175 1
30522 1
29154 1
-7131 1
6219 1
-24776 1
3063 1
-9224 -1
-4390 1
30730 1
32387 -1
-3946 -1
13787 1
-24980 1
6544 -1
5306 1
-19978 -1
28375 -1
30931 1
-12986 1
30500 1
12108 1
17415 -1
-13958 1
-2660 -1
32481 1
-14729 1
27932 1
-29457 -1
15784 -1
-24373 1
-19496 1
28913 1
7357 -1
-30079 -1
-7700 -1
784 1
11383 1
2260 -1
32079 1
-30386 -1
-6098 1
-15667 1
-10972 -1
22165 -1
-14620 1
12294 1
-3102 1
-13931 -1
-29663 -1
-3141 -1
23522 1
-5782 -1
13 1
-11469 1
-23213 1
-23589 1
4721 -1
-26877 -1
2631 -1
6415 1
-3669 -1
26514 1
-16520 1
-8366 1
-11376 -1
5060 -1
-7521 -1
9342 -1
17170 -1
-4257 -1
12333 1
-21782 -1
7057 -1
18088 -1
-22584 -1
-17254 -1
245 1
-26537 -1
-11407 -1
32305 1
29667 1
-1243 -1
30474 1
10189 1
12231 1
-4926 -1
3735 -1
-26 1
27972 -1
-31283 1
-7369 1
-7872 -1
-3552 -1
2136 -1
-6816 1
-22956 -1
-7403 1
27305 1
4250 -1
-5068 -1
20911 -1
468 1
26105 -1
-28682 -1
-32478 1
12763 1
19285 1
-9349 1
6968 -1
-2032 1
-3173 -1
27158 -1
-20347 -1
-21132 1
21770 1
-17410 -1
13711 -1
-2001 1
-13724 1
7163 1
13553 1
-5666 -1
29304 1
28252 1
10336 1
31487 -1
-27338 -1
677 1
14534 1
-15397 1
8854 1
-27700 -1
6505 1
-7909 1
15372 1
20294 1
-4433 -1
-14788 1
27661 -1
9772 1
32251 1
-15444 -1
13816 -1
-721 1
-15167 -1
2385 -1
-31417 -1
2155 1
7295 -1
-32511 -1
-10004 1
-6528 1
-25361 1
-2498 -1
3374 1
-30236 1
-24045 1
23806 1
13660 -1
18000 1
7834 -1
28208 -1
12847 -1
-19693 -1
28501 -1
3661 1
-17342 -1
16002 -1
30339 1
15706 -1
22070 1
-30866 1
13144 1
-5196 1
-10144 -1
5402 -1
16328 1
24866 -1
8433 1
5698 1
942 1
20799 -1
11862 1
-9825 -1
-17723 1
-17932 1
8897 1
-10294 -1
-17056 -1
12238 1
-29359 -1
-4965 -1
16638 1
2756 -1
-21051 1
-22831 1
-15501 1
23172 1
615 -1
-19830 -1
9739 1
16278 -1
22953 -1
20463 -1
-22887 1
-849 1
-21428 1
-12712 -1
14765 1
13814 1
13448 -1
-4797 -1
7732 1
-15114 -1
-2748 -1
-13398 1
-32007 -1
-24568 1
-7434 -1
-31460 1
32400 1
-22758 1
-3866 1
-7324 1
26250 1
-16342 -1
18835 1
-14386 -1
-32296 -1
29185 -1
29023 -1
20442 -1
27521 1
-26480 1
31294 -1
-25723 -1
-8766 1
24795 -1
-8333 -1
11573 -1
-22919 -1
-1989 -1
-22103 -1
10006 -1
-13098 -1
23767 -1
28572 -1
-30999 -1
-13 -1
-4221 1
-6624 1
-26717 -1
19925 -1
8639 1
27383 1
22701 -1
10711 -1
24417 -1
4879 -1
5423 -1
-17726 1
10045 -1
32254 -1
-23910 1
26237 1
32735 1
-28620 -1
-29295 1
21495 1
26721 1
-26755 1
-8312 -1
-9197 1
-31368 1
23350 -1
-132 1
-7591 1
15135 1
-1103 1
-28253 1
-6118 1
-13460 -1
-27421 -1
-28376 -1
-136 1
-14288 -1
23196 -1
592 1
31100 -1
24411 -1
-23942 -1
8028 -1
14056 1
-12463 -1
2459 1
-20946 1
2712 1
30683 1
9773 1
14849 -1
-18602 1
-14684 -1
31214 1
-26665 -1
29047 -1
22071 -1
19452 -1
20542 -1
-19652 1
15962 1
-25645 -1
20958 -1
-25129 1
-19764 -1
-5783 -1
-4239 -1
-31424 1
-11410 1
-9827 1
-6205 1
6161 1
-22972 -1
3026 1
-2546 -1
3133 1
10448 -1
-27023 1
19671 1
8041 -1
-25181 1
-15671 -1
-32618 1
-28269 -1
-22339 -1
-5925 1
-9473 1
28349 1
-1737 1
25987 -1
19326 -1
17303 1
13055 -1
-7821 -1
9555 1
-20590 -1
-32598 -1
-22055 -1
-21433 -1
-13461 -1
-30077 -1
-2722 1
-23852 1
7215 -1
-3197 -1
-13513 -1
3113 1
4693 1
-3607 -1
-26418 1
12843 -1
-16521 -1
30301 -1
2243 1
2786 1
18266 1
-10639 1
-30338 1
-15286 1
-7256 1
-7223 -1
-6305 1
-11131 -1
6458 1
18823 -1
14025 1
-11893 1
10317 1
5105 -1
6053 -1
17038 1
14880 -1
-27656 1
-14257 1
-22485 -1
28781 1
-22934 -1
-9028 1
24890 1
-10825 1
-17149 -1
-16348 -1
10632 1
-23951 1
3794 -1
4265 -1
-10402 1
-27017 -1
31671 1
-16987 -1
-21761 1
-20191 1
-19064 1
-2607 -1
-11629 1
-30917 1
-5737 1
-9271 -1
30458 1
863 1
-30718 -1
-31977 -1
-27462 1
11128 -1
19883 -1
-20970 1
21232 1
-21347 -1
18174 -1
22043 -1
-18523 -1
18736 1
-3578 -1
-9444 -1
7844 1
14867 1
-10933 -1
-4288 -1
-10464 -1
32528 1
32052 1
6409 1
23962 -1
-12011 1
27013 -1
-4869 -1
-4748 1
8526 -1
4638 1
21040 -1
-19612 1
20284 -1
-15477 1
23498 1
24601 1
15541 -1
-15327 1
29091 1
23862 -1
-22441 -1
32429 1
-38 -1
-1222 1
30754 -1
-6533 1
15268 -1
16697 1
-28077 1
-27901 -1
30946 -1
24534 1
-17929 -1
