10000 1000
-22560 -1
10418 -1
457 1
30328 -1
-853 1
27002 -1
-11162 1
-25057 1
-26014 1
-4242 -1
6582 -1
3788 1
4236 -1
16242 -1
-31858 1
16740 -1
17098 1
23672 -1
621 -1
23270 1
30031 -1
-16205 -1
-31453 -1
-19354 -1
-9668 1
-26488 -1
-25373 -1
13585 1
2616 1
6467 -1
-11127 -1
-14496 -1
-6657 -1
31949 1
-16174 1
-11804 -1
-6133 1
-7024 -1
-7119 -1
-16086 -1
-2505 1
22357 1
952 -1
8409 -1
-18633 1
14676 -1
6120 -1
28258 -1
6073 1
12561 1
25865 1
-21920 1
-27145 -1
-9043 1
-12218 1
7340 1
-18496 1
25255 -1
3105 1
-13771 1
32162 1
-28213 -1
3249 1
24546 1
-31523 -1
4833 -1
-5175 -1
-3897 1
7056 1
19109 1
5930 1
6771 -1
13563 1
-30253 1
-22580 -1
-26573 -1
-9062 -1
19635 1
-27643 -1
-5782 1
-14515 1
-7709 1
4148 -1
24814 -1
15820 1
17236 1
-8682 1
-12739 -1
-28941 -1
22758 1
-16139 -1
11015 -1
-11769 1
-8159 -1
24371 1
6198 -1
-10781 -1
-8420 1
-28604 1
2311 -1
-29503 -1
28048 -1
16133 1
4209 1
6859 1
7186 -1
17153 1
-25568 -1
-14974 1
-22791 1
-1795 1
-22200 -1
-15955 -1
11156 1
-19656 1
-28170 1
8109 -1
-18376 -1
11461 1
-2197 -1
-32197 1
2864 -1
16818 -1
-22271 1
-16214 -1
32698 1
11094 1
-8276 -1
-10631 -1
-206 -1
-29844 1
3774 1
-6169 1
24234 1
10422 1
134 -1
-17105 1
-7165 1
9208 1
6475 -1
15398 1
8647 -1
27480 1
3968 -1
5422 1
1392 1
6043 1
29227 1
-21190 -1
15654 -1
-8099 -1
25307 -1
-8192 1
-24187 -1
-3567 1
32746 1
27089 1
-17213 -1
-28018 -1
31476 -1
-20474 1
12440 1
31128 -1
6039 1
5942 -1
23658 -1
23958 1
-3691 -1
2213 -1
27878 -1
-3825 1
-4164 1
27256 -1
-20076 -1
3921 1
-26022 1
32222 1
-31654 1
8583 1
26249 1
-11822 1
-5094 1
-15835 -1
17998 1
-23892 1
-23487 1
-20890 -1
-28672 1
-31104 1
993 -1
5599 1
-28366 1
18445 -1
-21050 -1
-2465 -1
-7880 -1
4527 1
-2377 1
-23293 1
8665 -1
-7136 -1
-10692 -1
19396 1
-21764 -1
7052 -1
27245 1
-23879 -1
16867 -1
-3322 1
-561 -1
-20322 1
18524 -1
7421 1
-8322 1
-16070 -1
31908 1
3931 -1
-12277 -1
-28299 -1
30073 1
20093 -1
16158 -1
-2293 1
1691 -1
4184 -1
-11179 1
25477 1
9099 1
-15515 -1
27583 -1
4674 1
-26246 1
-25 -1
-4496 1
-22089 -1
30660 -1
14712 1
25923 1
-13202 1
20717 -1
11034 -1
-12551 -1
14852 1
6364 1
7755 -1
-7023 -1
-19900 1
5015 1
25516 -1
-11284 1
-31385 -1
25229 -1
-23775 -1
-22123 -1
-7947 -1
4369 -1
31604 1
9955 -1
-31260 1
10518 -1
-24850 -1
-28227 -1
26815 1
19500 -1
-3304 -1
-1857 -1
24151 1
3258 -1
16982 1
4710 -1
-25738 -1
-893 -1
-5335 1
17440 -1
-11847 -1
23873 -1
17713 -1
8488 -1
2581 1
-23773 -1
-23520 1
17686 -1
-16286 -1
3444 -1
11455 1
3905 1
-9338 -1
-8425 1
12280 1
-20956 -1
29760 -1
13987 -1
-23597 1
-24397 -1
14282 1
1666 -1
-28134 -1
-4560 -1
18375 -1
-11296 -1
18493 1
-10573 -1
13959 1
-3660 1
-23240 1
-7029 -1
-11522 1
-7875 -1
-14535 -1
12835 1
-1832 1
-28208 1
-19854 1
-5104 1
15216 -1
-20582 1
-23092 1
4887 -1
22938 -1
-3292 -1
-10364 1
-24204 1
-11463 -1
-22376 -1
-7939 1
29015 -1
-19644 1
3391 1
8874 1
23605 1
10865 -1
29229 1
28998 -1
-17776 -1
-25568 -1
-27152 -1
-24965 -1
15102 1
27404 1
-27290 1
-13347 -1
13016 -1
-19535 -1
8519 1
25166 1
21917 1
8168 1
-2459 -1
5462 -1
-28518 1
-29379 1
-28576 -1
-13208 1
-8939 1
-12938 1
6815 -1
11948 1
-15062 1
26861 1
-7197 -1
-32460 1
-13671 -1
-21037 -1
-32536 1
30599 1
26184 -1
6895 1
-21379 -1
24999 -1
-19122 1
-20798 -1
20990 1
-1631 -1
-27584 1
21728 -1
-5082 1
6072 -1
27410 -1
21213 -1
-6988 -1
-8765 -1
5542 1
-6221 1
10223 -1
29669 1
-6386 -1
-18529 1
4991 1
9280 -1
-13893 1
-16820 1
-13011 1
-10725 1
4190 1
16083 -1
30491 1
10522 -1
28493 -1
32266 -1
-19291 1
-26565 1
5770 -1
-31856 1
27176 1
-4754 -1
-2387 -1
4148 1
10145 -1
-16229 -1
-22858 1
-28201 -1
-27567 1
22786 1
23374 -1
-26256 1
22655 1
-24570 -1
-24216 -1
-25892 1
-22848 1
11480 -1
16922 -1
-107 -1
5401 1
-8076 1
1043 -1
-9275 -1
621 1
26647 1
-10230 -1
9098 1
5714 -1
21623 -1
-3709 -1
-15737 1
19534 -1
-20437 1
-7176 1
-24995 -1
-595 1
-32492 1
18747 -1
16290 1
-25853 1
-9660 1
31190 -1
-28131 -1
-26634 -1
17007 -1
-13782 1
13227 -1
-1818 1
2443 1
-8397 -1
17000 1
19111 -1
-12121 1
-19326 -1
27196 1
-19782 -1
-10901 1
-15292 -1
-5574 -1
-15647 1
23638 -1
18052 1
6451 -1
-5545 -1
-18751 1
-6232 -1
-8325 -1
-3498 1
20454 1
2013 -1
18722 1
-30063 1
-2179 -1
3767 1
12959 -1
-327 -1
14813 -1
-1188 1
4813 1
15429 1
3954 -1
-30935 1
6404 1
-7989 -1
31973 -1
17814 1
-11439 -1
2014 1
-31404 -1
14871 -1
21272 1
3194 -1
2041 1
30358 -1
18548 1
-26482 1
-7656 -1
-22202 1
-6193 -1
-30558 -1
-32745 1
-1577 1
16511 -1
3899 1
5488 -1
7017 -1
-11548 1
4846 1
14555 -1
-21753 1
-5475 -1
-7161 -1
-10147 1
21680 1
2455 -1
8827 1
32711 -1
30036 1
-15212 -1
-26221 1
-30324 -1
5758 -1
-19926 1
-5402 -1
13304 1
31404 1
14357 -1
26336 -1
-232 1
5031 -1
-2049 1
12581 1
12431 1
22807 1
-3986 -1
-10395 -1
29850 1
-1379 1
-18866 -1
20407 -1
1538 -1
21710 1
-581 1
-19822 1
-20281 -1
8911 1
-3449 -1
-10289 -1
-919 1
-432 -1
6731 -1
8491 1
20486 -1
-10345 1
-27737 1
11193 -1
-4331 -1
-21182 1
2286 -1
15658 1
14680 1
28566 -1
9035 1
-28856 1
-22384 1
14750 -1
21554 1
-15301 1
-25113 -1
5662 1
-26808 -1
-11866 1
-15336 1
-22042 -1
21579 1
31708 1
-5961 1
-13740 1
-4609 -1
18447 1
-10221 -1
13729 -1
291 -1
29776 1
19833 -1
11089 1
2297 -1
-26894 1
-9067 1
-8899 -1
4055 1
6026 1
8783 -1
-28416 1
-4456 -1
-12239 1
15906 -1
-1207 -1
-24633 1
-18163 1
-11782 -1
-31505 -1
24200 -1
27023 1
18727 1
-20182 -1
-14925 1
22139 1
9453 1
17345 -1
30857 1
-24014 -1
24674 -1
31 -1
-23502 -1
-8213 -1
-18661 1
16046 -1
-29198 -1
-10705 -1
17423 1
-12979 1
-21928 -1
-10039 -1
10981 -1
-31325 1
-28079 1
-11298 -1
-575 1
15193 -1
-14717 -1
19548 1
15480 1
-17845 1
-29560 1
14 -1
28759 -1
22778 -1
5923 -1
-4227 1
12604 1
-26500 1
-5735 1
-2340 1
29837 -1
-29731 -1
-18978 1
26800 1
12387 1
26103 -1
27120 1
-3771 1
8048 1
-28296 -1
5944 -1
8552 -1
-22067 -1
-24100 -1
-18298 1
26474 1
5471 -1
637 -1
6615 -1
-21048 -1
1415 1
-27522 -1
-25569 1
13455 1
18446 1
12925 -1
420 -1
24877 -1
2382 1
8045 -1
13556 1
11723 1
-7 1
-18597 1
-8184 -1
-5722 1
-1545 -1
2213 1
9974 -1
-31874 1
13861 -1
26167 1
-17760 1
16215 1
-15184 -1
19150 -1
8735 -1
-10077 1
-15640 1
-8986 -1
28447 -1
-25279 1
5452 1
-17903 1
-24603 -1
3530 1
15078 1
15703 1
17577 1
-943 1
-3644 1
19957 1
4488 -1
29561 -1
-29286 -1
-22684 1
-25896 1
30028 1
-24562 1
29231 1
21369 -1
-7135 1
23750 1
-19899 1
1272 -1
15931 1
1364 -1
21714 1
-29944 1
30133 -1
-4868 1
2601 1
-23341 1
-3113 -1
3038 1
4725 1
-3197 1
-22135 -1
-1910 1
-32641 1
24330 1
14147 1
13597 1
-14739 1
23930 -1
17896 -1
-3909 -1
-8961 1
21897 1
21948 -1
26675 -1
-21006 -1
-3537 -1
22922 1
-15339 1
32010 -1
11992 -1
-24396 1
-29528 1
29865 1
-11099 1
-8232 1
1210 -1
-18594 1
-13272 -1
-24750 -1
7509 1
-29323 1
353 1
-7503 1
-16471 -1
8947 1
927 -1
16159 -1
1801 -1
3264 1
-15908 -1
-21710 1
-28217 -1
-19147 1
-24821 1
-3044 1
-23782 -1
15290 -1
26710 -1
26172 1
20525 1
28700 1
-20440 -1
26562 -1
-22643 1
-1738 -1
-9376 -1
14448 1
21459 -1
4988 -1
-762 1
-30342 -1
4553 1
27562 1
-19229 -1
13576 -1
19488 1
-30116 1
6463 -1
25213 -1
-8473 -1
22004 1
19676 1
-5093 -1
31452 1
-5875 1
-11074 1
28666 1
4130 1
9898 1
-26976 -1
-13995 -1
-27171 -1
-18154 -1
10447 -1
8405 -1
7101 -1
-19374 1
-13345 1
5188 1
-5606 1
-17328 -1
-1641 -1
-26601 1
17747 -1
26441 -1
-27146 1
-13404 -1
-25961 1
27021 -1
15044 1
27795 1
13411 1
-1958 -1
5883 1
15076 1
-29893 1
29297 1
-3145 -1
-24120 1
-26624 1
-28246 -1
-2886 -1
913 1
11877 -1
17772 -1
-11927 -1
-22462 -1
-14415 1
-26572 -1
8500 1
19803 -1
-13451 -1
-22069 -1
-12286 -1
21263 -1
10250 1
13025 -1
-21120 1
30209 1
-6858 1
-5286 -1
-14084 1
11419 1
-1538 -1
30799 -1
7641 1
-17794 1
28556 -1
27708 -1
4066 1
14037 1
24215 1
-21047 1
15458 -1
-18852 -1
-5516 1
21401 1
2566 1
-23987 -1
15679 -1
-25501 -1
-10035 -1
16751 1
27994 -1
27652 -1
-9617 -1
-23088 -1
15879 -1
32745 1
27863 -1
-6321 -1
-20188 -1
12517 1
4312 -1
30156 1
28427 -1
25190 1
22221 -1
29561 -1
-21194 -1
14156 -1
-30181 -1
24072 -1
511 1
30149 -1
24330 -1
18846 1
27695 -1
-32106 1
6133 -1
-2029 -1
-19880 -1
11161 -1
-30068 1
4663 1
20972 -1
18964 -1
16633 -1
9093 -1
8033 1
25562 1
-5478 1
32546 -1
14390 -1
-7237 1
-32536 1
-8030 1
-23704 1
25700 1
-11057 -1
-18560 1
-23061 -1
-10906 -1
-12841 -1
-15371 1
-29776 1
24695 1
18839 -1
2101 1
21222 1
29398 -1
26939 1
-12196 -1
8351 1
-4151 -1
-12112 -1
9579 1
-18392 1
22878 1
-4112 1
-22852 1
30768 -1
-22572 -1
7303 1
20494 -1
24945 1
22716 -1
-27803 1
1161 -1
20416 1
193 -1
30811 1
3151 1
5384 -1
16670 1
27783 -1
-15637 1
27555 1
-32198 -1
-18017 -1
20003 -1
15946 -1
2006 -1
17074 1
-12817 -1
-318 1
17904 -1
-27678 -1
-9411 -1
-2231 -1
-9945 1
-21676 -1
-10662 -1
-2188 -1
14934 -1
18064 -1
30252 1
-10532 1
-3139 1
30779 1
1156 -1
-23964 1
7668 -1
4004 -1
19102 1
-26424 -1
-6607 1
-216 -1
20830 1
12815 -1
-7466 1
5055 -1
10271 1
30449 -1
-13409 -1
7472 1
28778 1
20124 1
25915 1
14136 -1
-32247 -1
-8735 -1
-25471 -1
-1190 1
18148 1
-9358 1
19409 1
-19418 1
8244 1
16871 1
209 1
29902 1
650 1
12098 1
-1653 1
13924 -1
21285 -1
2111 1
30630 -1
32498 -1
-27934 -1
-9644 1
29210 -1
25610 1
26337 1
-6518 1
5232 -1
-9614 1
20457 1
-31697 1
27281 -1
4084 -1
25279 -1
-30122 -1
-25669 -1
-18902 1
26420 1
13389 1
-12820 1
-22716 1
16605 1
-12882 -1
9311 -1
-26925 1
26064 -1
-460 1
26814 1
-9715 -1
14748 1
948 -1
-16795 -1
-10925 1
-2189 1
14483 -1
5134 -1
-23963 -1
7969 1
-5742 1
26619 -1
-15524 -1
14789 -1
-4086 1
13930 1
27051 1
-18643 1
14576 1
8741 1
-531 1
-17616 1
13281 1
30360 1
-3472 -1
3809 1
21758 1
2276 1
-4144 -1
6543 -1
9810 1
22340 1
2984 1
21948 1
-14640 1
677 1
-31715 -1
8164 -1
28891 1
32383 1
-6856 -1
10647 -1
12915 1
-4857 1
-30538 1
6965 -1
9762 -1
3389 1
11189 1
27116 -1
-30087 1
14871 1
16183 1
7663 -1
-13155 -1
1748 1
32428 -1
-1271 1
-22658 1
-25689 -1
-22702 1
3327 1
491 -1
-18561 1
2269 1
17211 -1
-23626 -1
-27068 -1
-7786 -1
13145 -1
26780 -1
-4325 1
10729 1
-8955 -1
1564 -1
-7523 1
7768 -1
25971 -1
-28014 -1
-6018 -1
-12650 1
17344 -1
-2313 -1
27922 -1
18200 -1
13513 1
22250 -1
-13377 -1
13418 -1
25048 -1
16246 1
-4277 1
-25985 1
13144 1
-3503 1
-5869 1
13032 -1
-25042 1
29850 -1
-18905 -1
-29211 1
-18213 1
-19951 -1
3767 1
-3416 1
27653 -1
-32258 -1
-13104 1
-11941 -1
-3510 1
-10480 1
25010 -1
18977 -1
6152 -1
-9486 1
-8207 1
5007 1
-20373 1
22158 1
13398 1
-11040 1
-10298 1
-24690 -1
3057 -1
3455 -1
-979 1
-22198 -1
256 1
4898 1
-21818 1
23992 1
-6644 1
-2766 1
25472 -1
-25323 -1
-8046 -1
15211 1
-10605 -1
-23227 1
9305 -1
-22794 -1
-3382 -1
12226 -1
23621 1
-14644 1
-27773 1
-20268 1
-23558 -1
-21108 -1
-14477 1
-32360 -1
-8332 -1
21286 -1
7894 -1
26127 1
-30725 1
-23425 -1
31142 1
32281 1
10545 1
-9955 1
1321 1
18237 1
29956 -1
12379 -1
5283 1
-32168 -1
20097 1
-7804 -1
17387 1
-12513 1
-25813 -1
-607 -1
24875 -1
27900 -1
23474 1
-13817 -1
-2773 1
24829 1
19950 1
26015 1
15848 1
11918 1
-30299 1
-4310 1
-20580 1
20197 1
-6888 -1
3679 1
5130 -1
14575 -1
-5624 1
24450 -1
-7513 -1
13504 -1
6658 1
24218 -1
-27332 1
-2110 -1
2921 1
5345 -1
-26680 1
-26892 -1
3229 -1
17276 -1
-2765 1
-24500 1
6258 -1
27593 1
202 1
2072 1
-18111 -1
25319 1
-12766 -1
-23323 -1
5946 1
-15494 -1
2972 1
-28042 -1
-24211 -1
-6385 1
-22072 1
20560 -1
-12750 1
8793 1
-3456 1
-32217 1
-27621 -1
17762 1
-31261 1
-198 -1
10654 -1
28915 -1
-1802 1
16339 1
-22440 -1
26937 1
3924 1
-6916 1
12028 -1
-31228 1
8211 -1
17942 1
-15218 1
-5158 1
27303 1
3108 1
-18594 1
-8848 1
25399 1
-26776 -1
20733 1
8719 -1
-18279 1
-8532 1
19243 -1
18622 1
2392 1
20001 1
29094 1
-18573 1
23268 1
-31063 1
-24727 -1
-30985 1
-21786 -1
-17870 1
9711 1
29805 -1
-30712 1
-17923 -1
-8137 -1
29673 1
-32359 1
28814 1
-17663 -1
30514 -1
-17019 1
-24003 1
-13322 1
842 -1
11755 1
15014 -1
9247 -1
-1168 -1
-29390 1
-7444 1
5254 -1
-8202 -1
2200 -1
-9519 -1
22076 -1
32753 -1
-10579 -1
-6154 1
-19404 -1
26493 -1
-19233 -1
24469 -1
31594 1
-6641 -1
-20977 1
-7114 -1
20305 -1
24810 -1
-30080 1
-12568 1
8285 1
-15844 1
-6035 1
15 1
26347 -1
-4877 1
1650 -1
12877 -1
-11760 -1
-20301 1
-26535 -1
-18600 1
9304 -1
27029 -1
18167 1
22171 -1
26784 1
14182 -1
1441 -1
-5878 -1
27318 -1
-27301 1
-9685 -1
-17857 -1
-16 1
17054 -1
11895 -1
-27504 1
-1547 -1
15445 -1
8981 1
1356 1
11909 -1
-19988 -1
-19493 -1
-14113 1
-21181 -1
-31280 -1
19330 -1
-29220 -1
26729 1
-17694 1
-14633 1
-15654 1
-29976 -1
-23222 -1
17455 -1
2558 1
-7114 1
28358 -1
-5126 1
-17459 1
8397 1
-9434 -1
-26096 -1
-1257 -1
-32730 -1
2889 -1
-8899 1
-6157 1
-28783 -1
-30083 -1
-26846 -1
-16067 1
-29806 -1
16793 1
-18026 1
23311 1
-19703 1
-21773 1
-8149 1
-28867 1
29058 1
-23771 1
32396 -1
-10152 -1
25919 1
-7367 -1
17399 -1
15087 -1
-1713 -1
-23016 1
-31929 -1
-473 1
-13704 -1
-11380 -1
20521 1
-32165 -1
-27327 1
17613 -1
-18443 1
-6330 -1
-7926 -1
28620 1
-27795 1
-788 -1
6929 1
-26189 1
-28827 1
22515 1
-3857 1
-13306 -1
-27170 1
30914 1
-2866 -1
16731 -1
-21255 -1
-18757 1
-14149 1
-19742 -1
19975 1
14598 -1
25678 1
-24739 -1
27636 1
17921 -1
-21600 -1
3019 -1
-27959 1
-25741 -1
-21688 1
-29697 1
-15240 1
-30861 -1
-1560 -1
648 1
6124 1
19416 1
28518 -1
-15878 1
14574 1
-11749 -1
-13956 -1
6992 1
21793 1
-10426 1
-7025 -1
20856 1
21972 -1
-30485 1
4513 1
32020 -1
-11799 1
-10204 1
-5016 1
-7888 1
-4590 -1
6850 -1
3277 -1
-16694 1
-2516 1
16954 1
30140 -1
-20924 -1
-7795 1
-22176 1
32332 -1
30990 -1
6305 -1
-26277 -1
-25188 -1
32413 1
4509 1
28923 1
-17608 -1
871 -1
-20361 1
29506 1
-11320 -1
-8200 -1
10794 1
-6705 -1
32459 1
-12801 1
29663 -1
-32520 1
-6024 -1
25671 -1
-8927 1
-7732 -1
21062 -1
-16143 1
-14007 -1
29507 1
-10692 1
-19159 1
5634 -1
-26123 -1
-17419 1
4792 1
24682 1
29974 1
2308 1
4586 -1
-28894 -1
18767 1
8020 -1
-22679 1
3092 -1
7922 1
-27519 -1
-29668 1
30530 -1
-12208 -1
27964 -1
-25917 1
-29463 1
2594 -1
5909 -1
-13536 -1
-22272 1
-624 -1
-31811 1
-27564 1
18584 1
-10305 -1
28872 -1
-42 1
-19311 -1
-28133 -1
30669 -1
-732 1
9471 1
27840 1
7229 1
5572 1
-20715 1
-29433 1
-4001 -1
31544 1
377 -1
18019 -1
-11070 -1
18404 1
-26706 -1
18603 1
12140 -1
-1055 1
17272 -1
26818 1
-23864 -1
-18546 -1
-27271 -1
3469 -1
17981 1
-8550 -1
-22575 1
-26059 1
28351 -1
-18061 1
27633 -1
18758 1
7689 1
28883 1
24600 1
5949 -1
-30983 1
23557 -1
-12282 1
-15887 -1
17190 1
16289 1
-27248 -1
22572 -1
-24939 1
-19168 1
-11411 -1
2616 1
-31698 -1
28673 -1
-16568 1
-3713 -1
22761 1
-2775 1
-7597 1
6563 -1
20396 1
11925 -1
-16948 1
1145 1
27554 1
9943 1
-10431 -1
26438 1
7991 1
30708 1
-20334 -1
-4643 -1
8284 1
-27267 -1
4165 1
-3755 1
19292 -1
-28203 1
-17841 1
5861 1
10241 1
24495 -1
-30525 -1
-11633 -1
27879 -1
-32313 1
-2704 -1
-17142 1
7455 1
7141 -1
-13482 -1
-5323 1
7175 1
-21904 1
-10079 -1
12515 -1
-21352 -1
-24034 1
-14099 1
-19198 1
18384 -1
10137 1
-29879 1
20237 -1
14130 -1
31511 -1
30723 -1
23781 1
7611 1
-17198 -1
-22004 -1
-6439 -1
-15606 -1
7467 -1
-32649 1
-32622 -1
-290 -1
30752 -1
-1209 -1
8634 1
24787 1
-20341 1
-30647 -1
284 1
4807 -1
-19633 -1
-27752 -1
-27554 -1
-13834 -1
23684 -1
20516 -1
-2949 1
18508 -1
-792 1
5548 1
-5008 -1
-1665 -1
31641 -1
-29036 1
13523 1
5050 -1
-28418 1
-8690 -1
18825 -1
578 -1
20010 -1
-173 1
24901 1
-6908 -1
6926 1
-22249 1
6756 -1
32508 1
11615 -1
-13066 -1
29870 -1
32611 1
-15950 -1
-14856 -1
-2381 1
18303 1
-18326 1
12586 1
21491 1
-13602 1
458 1
-15366 -1
-31046 -1
-31554 -1
3553 -1
-2744 -1
13967 1
-27346 1
-5631 -1
-29793 -1
-26275 1
32223 -1
29061 1
14818 1
18448 1
-237 -1
6234 -1
-27866 1
-28812 1
-30355 1
29050 -1
-14044 1
-6554 -1
-4436 -1
18624 1
-31989 1
-12925 1
-24512 -1
-30704 1
7005 1
25441 1
1739 1
-3847 1
13691 1
28102 1
-9837 -1
-1990 1
-22047 -1
5680 1
17530 -1
20604 -1
23546 1
-781 1
22978 -1
14867 1
28257 1
-15591 1
-23916 1
-5469 1
-30274 -1
15306 -1
27279 1
-2976 -1
22374 -1
11766 1
23570 -1
-32351 -1
26088 -1
-25544 1
-31428 1
31338 1
-21493 -1
-3302 -1
6590 1
-2599 1
5061 1
-12969 1
15609 -1
29474 -1
-27097 -1
7119 -1
-9771 -1
10962 1
-11126 1
1376 -1
25574 -1
3758 -1
-25953 1
23776 -1
16114 -1
11120 -1
-26331 1
-26551 1
8681 1
-8103 -1
-27871 -1
-989 -1
22292 1
-25986 -1
-27034 -1
28104 -1
-14469 1
-4059 1
9258 1
14234 1
-11892 1
18050 1
-11419 1
23942 1
-6110 -1
3531 -1
-24606 1
9091 -1
-31068 1
-9562 -1
-31115 1
10291 -1
-3648 1
2604 1
27161 1
22805 1
-6134 1
-26601 1
30300 -1
13290 1
-1944 1
-1384 1
21374 -1
356 -1
-24018 -1
-30851 1
16577 -1
-29973 -1
-23800 -1
11548 1
22836 -1
-24213 -1
-26981 -1
2927 1
-6581 -1
22517 1
-13334 -1
-18842 1
22310 -1
7524 1
-2950 1
-13417 -1
-8435 1
-31263 -1
-28363 1
-31590 1
-19395 -1
-30365 -1
16113 1
19489 -1
-8316 -1
-13307 -1
-10901 1
18619 1
-27517 -1
8357 -1
12229 1
-9656 -1
-26647 1
-29253 1
-20503 1
-31493 -1
17484 -1
-4336 1
21256 1
5192 -1
-14538 1
-24462 1
12950 1
19559 -1
-28970 -1
3466 -1
-3616 -1
16474 1
16484 1
-23995 1
-16253 -1
25908 -1
23958 -1
3729 1
-28250 -1
19823 1
9461 1
20355 1
-15832 -1
10616 1
-6419 1
-28599 -1
28773 1
20346 -1
8274 1
-12786 -1
-7642 1
-22126 1
-15016 -1
29122 -1
22486 -1
-4195 1
-11156 1
1514 -1
22617 1
28681 -1
21600 -1
3086 1
-5795 1
-9604 -1
-15000 1
2463 1
24142 -1
-32366 1
30409 1
-3592 1
-17578 -1
-21805 1
-1918 -1
16921 -1
6232 -1
7030 -1
17528 -1
4274 -1
-10025 1
-19489 1
28204 1
-21684 1
-30264 1
-20527 -1
5505 1
-14372 -1
-18502 1
-8984 1
-22474 1
-12448 -1
3669 1
16986 1
-11009 -1
-17671 -1
7815 1
-13374 -1
-13894 1
2147 -1
19767 1
-12780 1
-29334 -1
30234 1
-17496 1
16561 1
-4047 -1
6997 1
13582 -1
18063 -1
23012 -1
-14767 1
-16266 1
-26117 -1
-6748 -1
20257 -1
-11562 -1
-11552 -1
12816 -1
-12077 -1
-22736 -1
25537 -1
26404 -1
-6473 -1
-24962 -1
-1328 -1
-9030 1
-30861 -1
-835 1
12513 1
-7717 -1
14496 -1
12848 -1
7813 1
12340 1
-23519 -1
21469 1
24916 1
18848 -1
16079 1
13041 1
-1689 -1
-18831 -1
-13509 1
-2304 1
-23421 -1
-12698 1
-27091 -1
15016 -1
-26136 -1
-29067 1
13813 -1
8686 1
-23989 -1
-18266 -1
19835 -1
-729 -1
11876 1
28517 1
-31417 -1
-1616 -1
-21445 -1
-8431 1
19693 -1
-22320 -1
5906 1
-4827 1
-26736 -1
-15793 1
31854 -1
1193 1
-25632 -1
-21754 1
-27501 1
1969 1
24588 -1
14082 -1
-24291 1
-1181 -1
16737 1
-15017 -1
10224 -1
-14636 1
-16276 -1
8214 1
4171 -1
-10788 -1
-11985 -1
-18258 1
26574 1
17816 1
13218 -1
-19749 -1
18754 1
-12635 1
-19426 1
-10800 1
-8812 1
451 1
22756 1
12363 1
-19287 1
21666 -1
-5855 -1
-544 -1
-14562 -1
3202 -1
11677 1
24840 -1
5773 -1
10271 1
18020 1
-27941 -1
21376 1
29225 -1
21283 -1
13248 -1
28380 1
-1339 1
29408 1
10212 1
-3909 1
-24597 1
8032 -1
-24891 1
-12719 1
-1569 -1
4120 1
15655 -1
-31592 -1
26661 1
-32340 1
-15908 -1
31590 -1
4420 -1
13989 -1
-17756 -1
26322 1
-21562 1
-9103 -1
651 -1
7380 1
29911 -1
-15731 1
13845 -1
32160 -1
-2492 1
-3001 1
-8549 1
-24768 -1
4693 -1
-9026 1
16776 -1
13987 1
32022 -1
-19980 -1
-12297 -1
8550 1
6649 1
-18470 -1
-17934 1
-4321 1
-13623 -1
15830 -1
-23987 -1
-11765 -1
-22085 1
30473 -1
19878 1
-8467 -1
-24337 1
-23546 -1
-31491 -1
16 1
-1917 1
-16166 -1
-7537 -1
-28455 1
28956 -1
-6254 1
4477 -1
-16719 1
-20267 -1
7566 -1
21813 1
-9150 1
24274 1
25533 1
2824 1
-8381 1
11163 1
30372 -1
-7900 -1
-1454 1
-23602 -1
4228 -1
-26993 -1
-30810 1
-862 -1
-24483 -1
28149 -1
-18303 -1
12607 -1
1271 1
3559 1
17048 1
16585 1
-14357 -1
20272 -1
9455 1
-7553 -1
15451 -1
-4223 -1
-24544 -1
-32117 -1
-4956 -1
18404 -1
20591 -1
-19329 -1
6283 1
-10159 -1
-11277 -1
-15807 1
29227 -1
-17803 1
12454 1
-21582 -1
-886 1
-8149 -1
25582 -1
15432 -1
-19467 1
7490 1
28140 -1
-21245 -1
24733 1
-25264 1
-23238 1
-17780 -1
-26841 1
6987 -1
20430 1
-2083 -1
20119 1
3811 1
32717 1
-8940 1
-2628 -1
-8844 -1
27278 1
-3419 -1
-14479 -1
8055 1
13230 -1
-5917 -1
25938 -1
23568 -1
-7330 1
6340 -1
-14274 -1
9048 -1
-28168 -1
-26809 -1
-27610 -1
-30340 -1
-23602 -1
-20609 -1
17668 1
-1237 -1
13040 -1
32308 1
26121 1
30137 -1
21661 1
-11833 -1
-14906 -1
24867 1
22636 -1
-2374 1
23519 1
4646 1
21491 1
29336 1
9184 1
28632 -1
7159 -1
17006 1
20145 -1
10341 1
2170 1
10442 1
-25218 -1
-31346 1
2050 1
13419 1
-17063 1
-14515 1
3627 1
14853 1
7237 1
25551 1
10607 -1
-6082 1
6205 -1
30323 -1
-19508 1
-4349 1
-32349 -1
16308 1
-5398 1
-15933 1
-13765 1
-26538 -1
8822 1
-19824 -1
-20118 -1
31305 -1
-15682 1
-3688 1
-225 1
-5250 1
-26374 -1
-1946 -1
19662 1
3994 -1
5938 -1
-3860 -1
10250 -1
18121 -1
-13229 -1
9151 1
25719 -1
21270 -1
4251 -1
-727 1
15374 1
-22897 -1
-874 -1
-13735 1
-11799 1
-18193 1
21795 -1
-5000 -1
6540 -1
-6159 1
8174 1
29723 1
16585 -1
1091 -1
25573 -1
-3524 -1
-8825 1
11870 -1
24349 1
-15466 -1
21436 1
12616 1
29938 -1
-11374 -1
-18332 1
-10172 1
-12434 1
-9705 -1
12210 -1
-2593 -1
11980 1
-29737 -1
25107 1
-32426 1
-31513 1
9581 1
-28800 1
30640 -1
-11242 1
7902 1
23758 1
-15438 1
-18996 1
-16593 1
-5778 1
14141 -1
20537 1
-5947 1
11793 1
10226 1
-19353 -1
21108 -1
26726 1
4598 1
28312 1
1072 1
8436 -1
-1668 -1
-7344 1
23737 1
9230 1
9320 1
-15961 1
-25713 1
28388 -1
-27158 1
26647 1
28040 1
177 1
-13833 -1
-8389 -1
-14841 1
-10530 -1
-4446 -1
-21280 -1
-4554 1
8 1
-8368 1
13974 -1
-17795 1
29249 1
-22325 1
-15184 1
-22767 1
4067 1
18457 -1
-17789 -1
21009 -1
-1962 1
-12826 1
17376 1
-26729 -1
31652 -1
-8548 -1
-28059 1
-4200 1
6938 -1
17326 -1
-13117 1
-7984 -1
11713 1
19093 -1
-12042 1
656 1
-31777 1
30776 1
-8330 1
-18750 -1
-16708 1
12820 1
-16212 1
-30550 1
-4514 1
13856 -1
-28955 1
-25363 -1
25420 1
20012 -1
-12024 -1
5579 1
9047 -1
-7542 -1
-9721 1
27952 -1
1163 1
25741 1
24298 -1
-30917 -1
29516 -1
22378 -1
-31075 1
-20381 1
23240 -1
25036 -1
17938 -1
-23131 -1
-10081 1
-30163 -1
19529 1
-19814 1
12893 1
16608 -1
-1738 -1
20331 -1
-715 -1
25259 -1
-25554 -1
2071 1
-4024 -1
-677 1
-21603 1
4885 1
-28562 1
-24463 -1
30421 1
4934 1
-8411 -1
13658 -1
-10398 -1
25151 1
-22546 -1
5441 1
-2913 1
-6152 1
32478 -1
3109 -1
-18741 1
26386 1
-20604 -1
13096 -1
-9271 -1
-2168 -1
16235 -1
1676 -1
7506 1
13433 1
-4181 -1
-7885 1
15948 -1
25397 1
22079 -1
10236 1
-21268 1
-20903 -1
-15347 -1
-13150 1
-7754 -1
1763 1
-18093 1
16196 1
-21775 -1
21904 -1
32261 -1
-4396 1
28174 -1
5543 1
9500 1
15897 1
4043 1
4717 1
28938 -1
32047 1
-10794 -1
26797 -1
-26758 -1
8337 1
-1858 1
-20794 1
-22742 -1
20607 1
24419 1
-5028 1
3065 1
25770 -1
15460 1
-7481 1
11283 1
-30682 1
-14385 -1
30783 -1
-24 1
4547 -1
25237 1
-8047 -1
-28092 1
-803 -1
23108 1
27060 -1
27801 -1
-20511 -1
25899 1
-2596 -1
22178 -1
-17631 1
-5115 1
24638 1
16839 1
4199 1
15603 1
5221 -1
20200 -1
440 1
-23021 -1
15516 -1
6655 -1
-17191 -1
-5547 -1
1411 1
-14217 1
-12284 -1
5218 1
7058 -1
27445 1
8270 -1
17287 1
20628 1
-975 1
-18205 1
15577 -1
-14693 1
-2158 1
-32432 1
-2222 1
-16367 1
8924 1
7984 -1
19330 1
-25953 -1
29509 -1
-15237 1
10941 -1
-12466 1
-14627 -1
-24688 1
-29891 -1
1365 1
32104 -1
12778 1
-22593 1
-24125 -1
10733 1
-699 -1
-14005 1
10516 -1
14874 1
-16989 1
24126 -1
15799 1
28887 -1
-23826 -1
13990 -1
-11764 -1
-16305 -1
-27203 1
11693 1
-27014 1
19280 -1
17691 -1
-28311 -1
-29264 1
-14616 1
27492 1
12535 -1
-7385 -1
12829 1
-16033 1
10941 1
-6408 1
18253 1
875 -1
-29053 -1
16160 1
8919 1
-15120 1
-22274 1
23805 1
-13025 1
-13161 -1
3346 1
-32656 -1
14698 1
26875 1
7299 -1
-29848 -1
-28028 -1
5969 -1
-31614 1
-161 1
6551 -1
-5016 1
20241 -1
-1346 1
-25433 -1
-19835 -1
-9210 1
5010 -1
-10352 1
-4673 1
-10930 1
-9963 1
-7364 1
-28196 1
-17081 -1
994 -1
-5600 1
-18419 1
24864 1
30597 -1
-12194 1
4842 1
-7771 1
-29399 1
-13859 1
-13008 -1
-30535 -1
16008 -1
231 -1
28242 -1
-3449 -1
17145 -1
11080 -1
-2974 1
29385 1
8303 1
-22047 -1
-29507 1
19487 -1
5013 1
24244 1
30024 1
22396 -1
25143 -1
-14055 -1
3211 -1
8523 -1
-19516 -1
19103 -1
-15451 1
29928 -1
15589 1
7795 -1
25687 1
-21617 1
-14404 -1
-5015 -1
9864 1
972 -1
16638 1
32009 1
15293 -1
-29432 -1
-12868 1
29179 1
-21030 1
-5015 1
18958 1
2434 1
-21044 -1
-26044 -1
24474 -1
-27519 1
-9647 1
18417 1
-548 1
25294 -1
-23832 1
22156 -1
-31719 1
-23725 -1
-20288 1
26162 1
30035 1
-366 1
3881 -1
26027 -1
-13455 -1
21088 -1
21532 -1
-13032 1
-13617 -1
-30970 -1
-12299 1
12113 1
-5179 1
-13128 -1
-12328 1
-8019 1
-3161 -1
2458 1
17349 1
-8490 -1
32345 -1
-14699 1
-1390 1
18154 -1
16875 -1
399 -1
-16964 -1
8147 1
-15001 -1
-15265 1
-23452 -1
15574 -1
27912 1
28330 -1
-24279 -1
-31842 -1
-4208 -1
-18197 1
28547 1
10612 -1
-22617 -1
-8146 -1
24499 -1
-14813 -1
29335 -1
-2248 -1
-4763 1
-14293 -1
-30087 -1
30336 1
1391 -1
8896 1
14987 1
-1807 -1
6780 1
21311 1
-24770 -1
-2116 1
-646 1
11898 1
-29708 -1
11027 1
24676 -1
-13484 -1
29757 -1
4160 1
-730 -1
-14062 1
-14495 -1
6734 1
20662 -1
16456 -1
-27566 -1
12457 -1
-17198 -1
32244 -1
6927 1
-24595 1
-2679 1
13045 1
-6096 -1
1100 1
-14505 1
728 1
-8934 -1
-26372 -1
3794 1
8136 1
-8675 -1
-5 1
-18519 -1
-10199 1
-22518 1
-17051 1
-147 -1
15755 -1
-24360 1
-9287 -1
3754 -1
10151 -1
24021 -1
18596 1
29613 1
-1083 -1
-13416 -1
-32408 1
14067 1
23278 1
-8026 1
-31423 1
19637 1
6794 -1
-2412 -1
31508 -1
25324 1
19912 -1
-2595 1
16353 1
12391 -1
4957 1
-19588 1
1512 -1
-8751 -1
9540 -1
23057 -1
28114 -1
799 1
31564 -1
1539 -1
31959 -1
31166 1
21733 -1
-29896 1
8878 -1
30815 1
13863 -1
-31679 1
-28855 -1
31611 1
9251 -1
-21810 1
28262 -1
-12877 1
11373 1
-25747 1
14066 1
28079 -1
1001 1
1787 1
19518 1
-28980 -1
18645 1
-11231 -1
-19207 1
645 1
-13335 -1
12820 1
-27727 -1
21248 1
17863 1
-17669 -1
-8 1
8078 1
14591 1
13874 -1
19716 -1
-8900 -1
-19170 -1
3819 -1
540 1
13629 1
-8426 1
22094 -1
9375 1
14390 1
23158 1
18302 -1
10237 1
9835 1
6547 1
-29732 -1
-6836 1
-26416 -1
-3849 1
-3883 1
5241 -1
16338 1
-21929 1
-23479 1
20906 1
32559 1
-10452 -1
31845 1
-10227 1
16275 1
16975 -1
-7881 1
16447 1
-23254 -1
27461 1
16164 -1
-16865 -1
27826 1
3228 1
101 1
-23299 1
-32617 1
19069 1
-21603 -1
21069 -1
16023 -1
30494 -1
-28760 1
-3545 -1
-19540 1
26833 -1
18848 1
-15191 1
-5261 1
32593 -1
5809 -1
-1404 1
15012 1
25675 1
4189 -1
687 1
32069 1
-21291 -1
28487 -1
-18678 -1
11402 1
29736 -1
24995 -1
21277 1
-3666 1
5778 1
30001 1
9000 -1
19678 -1
-22105 1
12667 -1
19963 1
19372 -1
-30945 1
24141 1
-23623 -1
32407 1
-3333 -1
12917 -1
11448 1
-7983 1
-6761 -1
26300 1
17244 1
-23638 1
27651 1
-26916 1
-12885 -1
-24603 1
16876 1
11363 -1
1985 1
18395 1
30307 -1
20382 1
-27881 1
27284 1
25121 1
-6761 1
-25256 -1
2443 -1
3044 -1
-2303 -1
-18206 1
-18210 1
-28469 1
25789 1
-4246 1
32755 -1
-26236 1
-9444 1
-27060 -1
-25136 1
1095 -1
-5007 1
-6882 -1
-24382 -1
-26582 1
-29426 1
27899 -1
21390 1
22761 -1
-7892 1
-28985 -1
190 -1
14029 1
26191 -1
23132 -1
-13809 1
-1700 -1
-6597 -1
-21275 1
-17003 -1
11508 1
-2341 1
-32207 -1
3696 -1
-7795 -1
-28255 -1
2397 1
30301 1
5136 1
-36 -1
1891 -1
-17415 1
3652 1
-10466 1
-28582 1
-25171 -1
13210 1
-7679 1
31931 1
-10006 1
22140 -1
-21332 -1
-19957 -1
20270 -1
11840 1
-1772 -1
-31374 -1
-2272 1
3954 1
24829 -1
536 -1
-10356 1
12130 1
25639 1
-17956 -1
25359 1
-16112 -1
-10731 -1
31028 1
-11215 1
26775 1
-10093 -1
-11998 -1
3884 -1
32184 1
30317 -1
31041 1
10382 1
-24360 1
-24195 1
-16301 -1
3626 -1
-27899 1
-6810 -1
14989 1
20257 -1
-2450 -1
-5807 -1
16535 1
-24538 1
-31714 -1
-8649 -1
-20791 1
-4255 1
15622 -1
20539 -1
2103 -1
27254 1
32007 -1
2585 -1
26291 -1
-3649 -1
-27370 -1
503 -1
7484 -1
-29208 -1
-3067 -1
4073 1
17226 1
6374 1
11864 -1
-11446 1
-10215 1
8258 1
17087 1
2398 -1
10137 -1
16527 -1
-10652 -1
-32462 -1
13200 1
-6999 -1
-16205 -1
20962 1
30224 -1
29667 -1
13240 -1
-1947 1
16416 -1
11806 -1
-30991 1
17825 -1
11379 -1
-12202 1
-21985 -1
31482 1
9109 1
-32579 1
26212 1
19724 1
-11610 -1
15956 -1
6401 1
1232 -1
15235 -1
-22743 -1
-29216 1
30808 1
-22962 1
-1905 -1
-9013 1
-11395 1
-28304 1
32717 -1
-16651 -1
-11006 -1
-31292 -1
28473 1
-9551 -1
18557 1
-32245 -1
7038 1
-18271 -1
-22331 -1
30987 1
-17923 -1
-6228 1
-431 -1
-9986 1
11556 -1
-11852 1
-18831 -1
-27400 1
-18384 1
19197 1
26377 -1
5273 1
-5985 -1
-2422 -1
-1088 1
-26991 -1
11199 -1
16183 -1
-4357 -1
8367 -1
13751 1
23668 -1
-10966 -1
15186 -1
-17304 1
-22436 1
21787 1
26064 1
-1039 -1
-28752 -1
-32159 1
20243 1
11076 1
-21786 1
-2380 1
8346 -1
22068 1
-30988 1
-25898 1
1004 1
-2129 -1
9250 -1
22426 -1
24895 1
8023 1
-2841 1
-3534 1
17257 -1
22896 -1
-31352 -1
8588 -1
3334 1
18827 1
-24799 1
4899 -1
-27370 -1
22009 -1
-17552 -1
-29612 -1
12233 -1
7496 1
-28730 1
15237 -1
1316 1
-23908 -1
25357 1
-2314 1
7542 1
-14571 -1
20474 1
17302 1
21406 -1
30415 -1
14409 -1
24249 1
-25487 -1
-6194 1
28000 1
-14778 1
10294 1
-24701 -1
-1490 -1
22351 -1
-2732 -1
-11202 -1
-4518 1
27035 1
-3740 -1
12115 1
6632 1
-28264 -1
-10230 -1
-162 -1
14197 1
-22437 -1
-17876 1
32347 1
-19715 1
-31778 -1
16044 -1
-30656 1
12398 1
-19593 1
-2487 -1
-11843 1
-20298 1
2208 -1
-29088 -1
-3433 -1
-6820 -1
28860 -1
-11377 1
-13533 -1
-17947 -1
-12168 1
-1209 1
-12499 -1
-9759 1
30712 1
-1 1
31903 -1
-14727 1
4999 1
11889 1
-11157 1
10841 1
-23735 -1
-4030 1
21538 1
20949 1
-25034 -1
-14678 -1
6443 -1
3010 1
11197 -1
10702 -1
28069 -1
-25852 1
-25989 -1
-30091 1
28277 -1
-28990 -1
-24461 -1
14511 1
-28297 -1
21547 -1
11118 -1
-31302 1
-4407 1
-18851 -1
19440 1
-27825 1
-3797 1
-14660 -1
-13633 -1
-14161 1
-32664 -1
8509 -1
6516 -1
-13687 -1
-18609 -1
-25690 -1
15676 -1
-22155 1
1957 -1
-18252 1
-20712 1
-2940 -1
-6125 1
-10553 -1
-2466 -1
-28007 1
3790 -1
-17283 -1
-30435 -1
-2442 1
18809 -1
31964 1
-20537 1
32362 -1
-26981 1
7050 -1
-14141 -1
22082 -1
-23276 -1
25334 1
10702 1
19119 -1
-16932 1
26747 -1
8338 -1
-23961 -1
27135 1
11116 1
-5550 1
-29540 1
-4518 -1
15462 1
-28612 1
23127 -1
13329 -1
32727 -1
3373 1
-27468 1
-9707 -1
-22478 1
27512 1
12185 1
9636 1
16645 -1
10017 1
14397 -1
14806 -1
12075 -1
-20373 1
4686 -1
31196 1
-13430 1
-19302 1
-1186 -1
-7344 1
-16489 -1
18635 -1
699 -1
27141 -1
-481 -1
30298 1
248 1
-27045 -1
14438 -1
-8 -1
-5625 1
27916 1
-175 1
-3168 -1
-5458 -1
20292 1
26742 1
13826 1
-3956 -1
1794 1
-21885 -1
15711 1
25304 -1
-26370 1
3040 1
28338 1
-19052 -1
-10399 -1
24476 -1
-30785 1
5442 1
7349 -1
23904 1
11477 1
29558 1
7867 -1
-30354 1
-28279 -1
1119 1
-9755 1
-31908 1
15724 1
4602 1
-4564 1
-30617 1
10098 1
-9618 1
-2642 -1
9170 1
-4923 1
25012 -1
-5517 -1
8989 -1
9257 -1
19793 -1
-14688 -1
11519 1
-12875 1
-31797 -1
-18475 -1
19008 1
-4760 -1
-16551 1
-13227 -1
-26551 1
11114 1
21089 -1
536 1
-19543 1
4412 1
5810 1
16767 1
-15994 1
10151 -1
-30192 1
5474 -1
-25709 1
-666 1
-27171 -1
14989 1
11323 -1
-985 1
-13040 -1
-7482 -1
18109 -1
28856 1
23235 1
23912 1
-481 -1
31768 -1
31039 -1
-23928 1
-3642 -1
-161 1
24298 -1
-14089 1
-31688 1
26432 -1
5652 1
12820 1
-31240 -1
-30179 1
25863 -1
-6730 -1
-10047 -1
-627 -1
15733 1
3757 1
31490 -1
-17938 1
17694 1
10092 -1
6153 -1
-19606 -1
25536 -1
-3588 1
4405 -1
15429 1
579 1
25491 -1
28126 1
-29137 1
-26404 -1
-4479 -1
31073 -1
-11413 -1
23586 -1
-24647 1
10729 -1
-18193 -1
-2343 -1
-28840 1
10877 -1
14243 -1
12409 -1
29427 -1
-21578 1
-21895 1
14368 1
14509 1
9009 1
-7697 -1
11417 1
31848 1
-29076 -1
30249 -1
10428 -1
31712 1
-1884 1
9222 1
20203 -1
16473 1
-18510 1
-32046 1
16252 -1
-12599 -1
3470 -1
1197 -1
-14439 1
-19678 -1
-30323 -1
30100 -1
-18995 1
9164 -1
15501 1
-30132 1
19997 1
-29171 1
22260 -1
27803 -1
2442 -1
29276 -1
30930 -1
-15055 1
10927 -1
18681 -1
14131 1
-19785 -1
-2685 1
7881 -1
-25099 -1
18741 -1
24530 1
-19505 1
-23688 1
-19431 -1
20446 1
-11673 1
153 -1
31519 1
-2002 1
-32326 -1
22974 -1
-24961 -1
-19407 1
21879 -1
-17169 -1
21326 1
9997 -1
-8642 -1
-13461 -1
-22375 -1
10570 -1
16047 -1
-19389 -1
-20612 1
-23925 -1
150 -1
-23359 1
25264 1
26011 1
21173 1
-3611 1
20744 1
26640 -1
17300 1
27109 -1
20404 1
14818 -1
-7069 1
-15450 1
-1573 1
29306 -1
23030 1
16418 1
15759 1
-21651 1
-13218 -1
-1250 -1
-30633 1
-14432 1
-28887 1
26245 -1
-27044 1
-25336 1
17569 1
8138 1
5992 1
-30469 -1
-31415 -1
-17425 -1
-2837 -1
-27308 1
-6044 -1
-11361 1
25785 -1
-11966 1
-18170 1
9149 -1
-15949 1
29472 -1
-13370 -1
-24233 -1
-8181 1
13431 1
-10599 -1
2551 1
-120 1
32536 -1
4164 -1
31957 1
3581 -1
-4910 1
-12715 1
-23067 -1
-15112 -1
-22060 -1
20264 1
11473 1
19379 1
15734 -1
-29397 -1
19455 1
-24368 -1
-7754 1
-4472 1
-4536 1
12670 -1
-3827 1
-23258 -1
12648 1
-4458 1
17713 1
-21609 -1
-14685 1
-18121 -1
-7650 1
-6672 1
-2964 -1
-25843 1
-14837 -1
24918 -1
-22981 1
17795 -1
-23696 -1
6837 1
-28848 1
10060 1
30335 1
19772 1
24233 -1
-11678 -1
2784 1
2152 1
-16737 1
-15289 -1
22796 1
2110 -1
18167 1
26769 -1
-30664 -1
-26540 -1
11838 -1
-1732 -1
19884 1
-32033 -1
21072 1
31960 -1
-4818 -1
15722 -1
3410 1
-27065 -1
-18370 -1
-16591 -1
32393 -1
20849 1
19869 -1
-18030 1
32669 1
20008 1
2952 -1
-20950 -1
-21803 1
-351 -1
-19803 1
16103 1
26257 1
16744 1
-18315 -1
-26600 1
-2293 1
16169 1
27731 -1
-14825 1
10647 -1
8209 1
32297 1
-21339 -1
-25432 1
18522 1
-2911 -1
2285 1
19337 1
-20864 1
-16152 -1
-27816 -1
504 1
26880 -1
13165 -1
-13133 -1
-20536 1
-4949 -1
12512 -1
5102 -1
25647 -1
-3887 -1
1792 -1
32203 -1
29157 1
21750 1
27229 -1
-16494 -1
18571 -1
-28286 -1
942 -1
-521 1
9930 1
-8971 1
-7232 1
8207 1
-23118 1
-13191 -1
5026 -1
-22032 -1
-30353 1
-8961 1
-2702 -1
-18137 -1
12011 -1
18281 1
-28441 -1
17355 1
-8153 -1
-7817 1
22046 1
28283 -1
5005 1
-9031 -1
-19943 1
-4235 -1
3511 -1
-7961 1
5660 1
-17864 1
-10897 1
13256 -1
-26865 1
21635 -1
-7472 -1
6504 -1
16778 1
-20532 1
-22793 1
-19607 -1
19378 -1
-25164 1
12994 1
-10484 1
26812 1
21849 -1
1082 1
-11234 1
-30136 1
15968 1
8154 -1
-23422 1
-16090 -1
-24694 -1
-7965 1
-3549 -1
19494 -1
-9888 1
-22621 1
-3210 -1
-29536 -1
20460 -1
-2015 1
-20543 -1
-23346 1
-10704 -1
-30753 -1
-20706 1
-23455 -1
-29890 1
13667 -1
-9666 1
26535 -1
20248 -1
-6259 1
29202 -1
27707 1
-16929 -1
13501 1
-22949 1
20578 1
19843 1
30097 -1
31210 -1
684 -1
-3286 -1
30390 1
9003 -1
-16343 1
21378 -1
25648 -1
19969 1
32447 1
23253 1
27981 1
2331 -1
11659 -1
-24167 1
-5877 1
23343 -1
-11285 1
17074 1
-31026 1
-21824 -1
12185 -1
-8684 -1
13309 1
20753 -1
-31649 -1
23336 1
10059 1
6120 -1
-7216 -1
-32685 1
-14936 1
28039 1
-3373 -1
-14996 -1
15921 1
-15207 1
31505 1
3752 1
-14215 -1
22583 1
-2259 -1
-1657 1
-7090 1
10132 1
-18195 -1
12993 -1
-19716 -1
3593 1
18566 -1
4860 1
-25167 1
-30025 1
32673 1
-17474 -1
1464 1
-23722 -1
-20873 -1
-4711 1
30398 1
-12773 1
2617 1
18261 -1
-31621 1
-28172 -1
-7668 -1
21672 -1
19815 -1
13003 1
-25581 1
13194 1
-19644 1
-25570 1
13876 -1
5841 -1
2024 1
-30946 1
8931 1
19286 1
24997 -1
807 1
6793 -1
25239 -1
25234 1
9237 -1
18390 -1
-912 -1
508 1
28566 -1
31880 -1
32213 1
-29164 1
30419 1
24469 -1
-31476 -1
-14960 1
30513 -1
-18585 1
-27145 1
-12333 1
-27022 -1
29825 1
417 1
-4645 -1
-28092 -1
-32632 1
29652 -1
-23237 -1
-20029 -1
-20498 1
-12445 1
-4145 1
6209 1
-24503 -1
-21116 -1
-8147 1
-988 1
3153 1
-4430 1
-4385 1
-10379 -1
24376 1
-22379 -1
7086 -1
-14825 1
-30045 1
-21761 1
27763 -1
-18605 1
29877 -1
-11695 1
-9822 -1
-17384 -1
-15079 1
7269 1
27163 -1
13948 -1
12601 -1
-10618 1
-28962 1
31966 1
29112 -1
-20239 1
-2048 1
28430 1
-10662 1
10146 -1
-29674 1
15063 1
-25897 -1
-757 1
3966 1
-27203 1
-12336 1
32033 1
-10972 -1
-21089 1
14503 1
29685 1
31461 -1
26170 -1
-24031 1
30356 1
-9169 1
10768 -1
22839 1
-2893 1
10998 1
-17113 -1
27663 1
26557 1
-23510 1
-24059 1
-16110 -1
30499 1
-27754 1
27976 1
-24048 1
-19202 1
-27822 -1
-29500 -1
-32374 1
20989 -1
-19821 1
23413 -1
-31240 -1
-28910 1
-2637 1
7026 -1
-10894 -1
-23111 -1
17181 1
-6031 -1
5039 -1
16301 -1
-20573 1
2112 1
-1416 1
14802 1
-7950 -1
-23437 -1
9360 -1
659 -1
-24507 -1
-20173 -1
714 1
23889 1
21703 1
-15526 -1
-13869 1
18836 1
19448 1
-23364 1
-6224 1
-23517 -1
-3908 1
26329 1
7001 -1
22730 -1
22747 1
-29780 1
-24615 -1
-28272 -1
5748 -1
-26724 -1
31165 -1
10229 -1
2011 1
20143 -1
-2546 -1
-30572 1
-1210 1
-3407 -1
9046 -1
-29172 -1
-30119 -1
12429 -1
-7270 1
-6675 -1
-19567 1
-19168 -1
16372 1
-21583 1
-1952 -1
9512 -1
1744 -1
-25101 -1
-3420 1
15142 -1
-18106 -1
-32431 1
26972 1
16447 1
652 -1
31464 1
14914 -1
-10354 1
-18338 1
-29281 -1
23075 -1
29077 -1
17549 1
30610 -1
3668 1
-10455 1
-1272 1
20953 -1
19059 1
26738 -1
32474 1
-10719 1
21177 1
18863 -1
-23773 1
16427 -1
-18814 -1
1823 -1
12813 -1
-2567 -1
29709 1
19222 -1
708 1
-20626 1
-17065 -1
-26219 1
-20180 -1
-11814 1
26591 -1
-27503 -1
-2294 1
-1516 1
2829 1
26922 1
10098 -1
20924 1
-25138 1
-17117 -1
-14863 -1
-25146 -1
16119 1
-24499 -1
-12605 -1
27949 -1
23294 -1
-11977 1
17024 -1
-1570 1
28522 -1
-15200 -1
-5663 -1
-23873 1
-25518 -1
-19808 1
-10765 1
-24686 -1
-8090 -1
-21008 -1
5655 1
6819 1
-19618 -1
-2324 -1
7503 1
-28044 -1
-4720 -1
-12711 1
-14520 1
-355 -1
6829 1
13337 1
1842 1
-1806 -1
26635 -1
906 1
-20135 -1
10358 -1
19606 -1
13287 -1
-31350 -1
17193 1
-2875 -1
37 1
-17183 1
-18739 -1
-28825 1
-15548 -1
27439 -1
25657 1
-28422 1
29287 1
15726 1
14038 1
-2532 -1
-7449 1
14407 -1
-22585 -1
7206 1
-19266 1
-4727 -1
-26111 -1
17949 -1
6467 -1
1273 -1
-18509 -1
-3719 1
17710 -1
1584 1
-1074 1
-729 -1
22209 -1
25174 1
-14395 -1
25291 -1
6053 -1
23844 1
8022 1
-8996 -1
22498 -1
-18626 -1
13803 -1
-21447 1
-15014 1
-15856 -1
23864 1
-13566 -1
1847 -1
-24949 1
6380 1
2053 1
-14900 1
-25288 -1
17159 1
-26329 1
-21267 -1
-8188 -1
-20977 -1
12098 1
6614 -1
6897 -1
3288 1
19742 1
22800 -1
-11192 -1
19021 1
-28656 1
-18455 -1
-7238 -1
-5409 1
30632 -1
-8587 -1
6492 -1
-21373 1
9395 1
8710 -1
-9397 1
19520 1
-22342 1
27428 -1
-29809 1
-9885 -1
-27110 1
-1717 -1
27585 -1
-16372 1
-29499 -1
1601 1
-6356 1
29679 -1
31509 1
-31420 -1
-25601 1
13024 -1
28351 1
-16522 1
-23604 1
602 -1
-24707 1
-23477 -1
-19613 1
17421 1
-24189 -1
24685 1
-1943 -1
24295 -1
-27811 1
-9152 1
4822 -1
-9831 1
28180 1
-12441 -1
8404 1
7235 1
2465 1
-15614 1
893 -1
-26685 -1
-21913 1
7045 -1
-1048 1
-8770 -1
22232 1
25879 1
-19576 -1
-19140 -1
7954 1
-22249 1
-19811 -1
3416 1
-5723 -1
8374 -1
20034 -1
10642 -1
15354 -1
-8001 -1
-4618 -1
7712 -1
27247 1
-16138 -1
15722 1
29221 1
-27330 -1
847 1
-27189 -1
14551 -1
-25357 -1
27973 1
5137 -1
11099 -1
27724 -1
-16279 -1
-19041 1
29920 -1
-23395 -1
23071 -1
21359 1
3321 1
2416 -1
10723 1
-11485 -1
-15423 -1
-10066 -1
-26962 1
-5453 1
10023 1
26745 1
-11455 -1
2894 1
31520 1
-4335 -1
30494 1
-28041 1
-6641 1
-12966 1
21245 -1
10285 1
24400 1
9732 1
11204 1
7063 -1
23750 -1
2476 -1
-25392 -1
10309 1
-10177 1
-21902 -1
24332 1
3069 1
5626 -1
-19761 -1
2866 1
31800 1
-1033 1
-23870 -1
-3009 1
10708 -1
581 -1
12368 1
-7072 1
6650 -1
993 -1
1787 1
21298 1
-76 1
-27715 -1
-7962 -1
-21338 -1
1618 1
-5799 -1
13916 -1
-4274 1
11302 1
-13301 -1
-29712 1
15110 1
-11870 1
6878 1
-17968 1
-32022 1
7482 1
-26173 1
-32172 -1
-4237 1
4366 -1
32171 -1
13816 1
-25147 -1
-10225 -1
25699 -1
-21464 1
-17050 -1
-14502 1
27224 -1
-10090 -1
24192 1
-26314 1
-7061 -1
32116 -1
-31776 1
1086 -1
-2516 1
11246 -1
14406 -1
27607 1
19552 1
26066 1
16339 -1
16708 -1
-21039 1
25122 1
-16758 -1
16958 1
25146 1
8763 1
-5035 -1
-5366 1
-26143 1
25432 1
19193 1
16315 -1
-23290 1
1897 -1
-15463 -1
-13802 -1
1152 1
-277 1
10303 1
-9755 1
-15964 1
-3852 -1
-2310 -1
30089 -1
1998 -1
-21138 -1
17082 -1
5313 -1
-9600 -1
-3400 1
11853 -1
-6541 -1
30123 -1
-4669 1
15714 1
18978 1
-21098 1
-13876 1
12870 1
-1417 -1
-7773 -1
19254 -1
-10289 1
-13642 -1
-22402 1
29531 -1
-26557 -1
13407 1
19535 1
-22228 1
17318 -1
-22359 1
-20243 -1
2364 -1
-31172 1
457 1
-909 -1
10784 -1
21573 -1
29948 1
8909 1
-3275 -1
-1838 1
-17363 -1
-20811 -1
-29526 1
-1555 -1
-6141 1
-25413 1
-10480 1
-19989 -1
13405 -1
-11101 1
1898 -1
-24604 -1
-24759 -1
12146 -1
13317 -1
-26454 1
10908 -1
24509 -1
8063 -1
-18415 -1
-10135 1
11312 -1
5467 1
-4625 1
-9368 -1
-5130 1
-26223 1
5407 -1
-28320 1
3006 -1
-31411 -1
-3885 -1
-8365 -1
21766 1
-22088 1
13505 1
-8936 -1
-9538 1
24007 1
-3280 1
-18188 1
-13846 1
26059 1
-23795 -1
11801 -1
7234 -1
22977 1
8681 -1
-25402 1
195 -1
1517 -1
-20561 -1
-22514 -1
-6187 -1
-20672 -1
-22951 -1
-11661 1
29757 -1
28505 1
12671 1
-30662 -1
3020 1
24920 1
20225 1
-25780 -1
-5333 -1
16362 -1
-26277 -1
30202 1
-3290 1
11280 -1
22575 1
14126 1
-2944 -1
26674 1
3308 -1
-7561 1
15211 1
-26853 1
-16941 -1
31951 -1
5465 1
26872 1
-31748 -1
-15745 1
-14717 1
-19652 -1
7229 1
-16449 -1
-797 -1
24756 1
22943 -1
-6789 -1
12911 -1
-16146 -1
-4964 1
6271 1
18607 -1
26899 1
-15605 -1
12363 -1
29316 1
24357 1
24042 -1
21082 1
-7316 -1
17527 -1
25153 -1
-17181 -1
3685 1
22986 1
14044 1
-27125 1
10102 1
-23414 -1
-28224 1
-16731 -1
-6814 1
-3775 1
-27020 1
-21579 -1
-17315 1
-2649 -1
16823 -1
29941 1
29470 1
-1592 1
27917 -1
6310 1
-19597 1
16028 -1
23787 1
1267 1
-4793 -1
13916 -1
4025 1
14888 -1
-32330 1
-25714 -1
-21288 1
18159 -1
-31399 -1
6343 1
-12973 -1
-28996 -1
-25875 1
9280 -1
-20029 -1
-24728 1
-10757 -1
4105 1
5450 -1
13635 -1
23751 1
28703 -1
-8701 -1
14639 -1
-9553 -1
-7459 -1
-12468 -1
-5570 1
8295 -1
24925 -1
-28606 -1
15115 -1
3568 1
-25870 -1
9044 1
25648 -1
-27033 1
26107 1
-23003 -1
25879 -1
18858 1
1590 -1
11352 1
-11603 1
8231 1
15918 1
18227 -1
11344 1
-14890 -1
15865 1
-14128 1
706 -1
-6528 1
18912 -1
-13994 -1
-11594 -1
-1153 -1
-24107 1
-30481 1
-5225 1
26676 1
9774 -1
8869 -1
-11690 -1
-26786 -1
-4755 1
4724 1
6667 1
15226 1
-6889 1
-29841 -1
-28075 1
10469 -1
-30317 1
24213 1
-3257 1
20139 1
-22552 1
2138 -1
18844 -1
391 -1
-31208 -1
10998 -1
-12382 -1
-26822 -1
-882 -1
16374 1
11102 -1
12326 1
6056 1
7388 -1
27958 1
27628 -1
-5606 -1
-9946 1
-19432 1
-2887 -1
23107 -1
-6863 -1
31056 1
-29924 -1
-2326 -1
9601 -1
-17605 -1
-10705 -1
12742 -1
18460 -1
-21009 1
-2711 1
21717 -1
-17643 -1
29075 -1
-6801 -1
6447 1
4181 -1
-1457 1
23954 -1
-15534 1
537 -1
8580 1
11191 1
-3057 1
17101 1
19646 -1
-6025 1
27999 -1
-12692 1
-6366 1
-16982 1
19318 -1
-15902 1
29591 -1
-15056 -1
27224 -1
29413 1
-25213 -1
-16870 -1
29847 -1
-11173 1
5104 1
4578 1
-19263 1
13340 1
-29005 -1
963 -1
-25891 -1
19203 1
7763 1
-11996 -1
-18797 -1
17740 -1
-4563 1
24237 -1
-29024 1
19868 -1
-13211 -1
-31488 -1
-7535 1
31755 -1
11171 1
15944 1
-27011 -1
16922 1
20088 1
22069 -1
11400 -1
-26356 -1
21225 -1
19099 -1
28472 1
4073 1
-15600 1
-18052 1
1580 -1
4391 -1
-10723 -1
8083 -1
-6943 1
697 -1
-27099 -1
-14235 -1
-12676 -1
21957 1
4707 -1
-5247 -1
-29259 1
26113 1
-30308 1
19020 1
19183 1
17271 -1
12111 1
-5012 -1
11203 -1
-12409 -1
9100 1
-13324 -1
29053 1
-4070 1
13859 -1
361 -1
17923 -1
16286 -1
2985 -1
11894 1
1141 1
-6978 -1
4204 -1
13433 -1
-27770 -1
9008 -1
11233 -1
30408 -1
12494 1
958 1
-19788 -1
-31910 1
11531 1
-30901 1
-15793 -1
-23907 -1
20151 -1
18704 -1
-25339 -1
15027 1
32142 -1
22261 1
-24683 -1
-25933 -1
-3857 -1
-32755 1
16450 -1
-1991 1
-4430 -1
18813 1
4785 -1
-29616 1
30961 1
-5542 1
-11776 1
27886 1
32395 1
23583 1
31741 -1
3930 -1
-14113 1
9069 -1
167 1
10906 1
-13304 1
-13934 1
-1563 1
-12349 -1
-13727 -1
21006 1
6590 -1
-4124 -1
15932 1
18244 -1
-18091 -1
7919 -1
-3866 1
19795 -1
14687 1
25389 -1
23923 -1
-63 -1
-14498 1
-25641 -1
-19066 1
18316 1
-8120 -1
-22378 1
-27307 -1
8509 -1
17864 1
18506 -1
26711 -1
3340 -1
-32395 -1
5586 1
3434 -1
5093 -1
-8249 -1
25299 1
16510 -1
10153 -1
-15024 1
-21576 -1
16677 -1
-22304 1
27622 1
14827 -1
-12145 -1
-4670 -1
32144 1
32021 1
10952 -1
31386 -1
-14355 -1
29146 -1
5094 1
31787 -1
5803 1
-26212 1
-15923 -1
-10820 1
18649 1
-3216 -1
-7238 -1
-7377 -1
11537 -1
6598 1
13240 1
-18899 1
-12451 -1
-14621 -1
-25645 -1
-5913 1
-16618 -1
-11182 1
-19872 -1
-8256 1
14771 -1
13112 -1
-25070 -1
-27884 -1
31984 -1
8949 1
28070 -1
-4935 1
8093 1
12986 1
-9230 -1
698 -1
-22513 -1
-28757 1
-31352 -1
29419 1
6344 -1
27427 -1
24263 1
13046 -1
-1616 -1
30191 -1
-5435 -1
21743 -1
-12274 1
-6930 -1
18820 1
-29078 1
15235 1
-7879 -1
7942 1
-92 1
-28075 -1
-11215 -1
-19561 -1
-32662 1
15252 1
1605 -1
-3684 -1
26879 -1
20950 -1
24770 1
32202 -1
-11891 -1
15522 1
12212 -1
-5333 1
-15082 -1
-7470 -1
-5883 -1
-28593 -1
13234 1
6240 -1
19909 1
5196 1
30192 1
-27325 -1
5291 1
19803 -1
-3161 1
-19859 1
6667 1
25775 -1
-6444 1
-6500 1
-26791 1
18618 1
28786 1
-20886 -1
-15486 -1
26972 -1
24185 -1
-1369 -1
-23018 -1
22514 -1
-22157 -1
-12759 -1
17146 -1
30368 1
1529 1
4514 -1
26385 1
-17118 -1
-1853 -1
-1369 -1
-10431 -1
-1856 1
-12688 1
-412 1
-21983 1
138 -1
16536 -1
11826 -1
-28145 -1
16883 -1
-20583 1
8825 1
-21177 1
25784 1
-27065 -1
-27405 1
-16152 1
-20196 -1
-6764 -1
-17595 1
-8233 -1
-7518 1
22080 1
14503 -1
11423 1
32051 1
7119 1
-1468 1
-22109 1
36 -1
-6607 -1
-852 1
29270 1
14450 1
-20614 -1
26920 -1
-12967 1
10217 1
-27532 1
-10361 -1
20210 1
20010 1
20423 -1
-17023 -1
30460 -1
-25148 -1
-6564 1
-18449 1
27530 1
-853 1
-1938 1
-28310 -1
22904 1
27877 1
3268 1
-26155 -1
-21274 1
-31204 1
-2087 1
-23828 1
982 -1
-860 -1
-23456 -1
23656 1
-31234 1
-26169 1
-24457 1
27128 -1
8954 -1
15439 1
28270 -1
-7039 -1
21893 -1
-5291 1
-1284 -1
1808 1
1641 -1
-14110 -1
12905 -1
15547 1
844 -1
16135 -1
-21666 1
-13697 1
-20430 -1
6496 1
23889 -1
25466 -1
-227 1
-12812 -1
-6838 -1
20291 -1
-12917 -1
23646 -1
-16616 1
-28333 -1
-29498 1
-17132 -1
-12115 1
8356 1
-17105 -1
-27285 -1
11892 -1
31325 -1
32291 -1
-5328 1
-8660 -1
20931 -1
22008 1
-3382 1
27202 -1
12578 1
11224 1
11858 -1
-29780 1
-8212 -1
28964 1
10664 -1
-12063 1
28076 -1
25715 1
24322 1
-26421 1
26593 -1
18737 1
-20226 1
-16863 -1
-11324 1
30070 1
29924 1
-21659 1
32196 -1
-21028 -1
-5011 -1
5336 1
-19497 1
10563 1
-16879 -1
-7152 1
22576 1
-24224 1
-16988 1
-31590 -1
-8542 1
28324 -1
29070 1
7520 1
-2280 -1
-20337 1
-22674 -1
-28006 1
-21977 -1
4162 -1
-11808 -1
-17756 1
-1668 -1
-21251 1
-21280 -1
23229 -1
6956 -1
-31791 -1
5753 1
10265 -1
-17905 1
13546 -1
-19489 1
3793 1
11261 1
-7006 -1
-865 1
11536 -1
9200 1
-15706 -1
26727 1
9228 1
-7560 1
14632 -1
-7442 1
19070 1
-7828 1
8366 -1
-5369 -1
1886 -1
282 1
31431 1
-16572 -1
20707 -1
-24262 -1
32483 -1
-5263 -1
3002 1
21909 -1
-26333 -1
13827 -1
18053 -1
-4546 -1
29468 -1
23830 -1
3478 1
18673 -1
-31980 1
13438 -1
-21228 -1
4762 1
-13085 1
17713 -1
9838 -1
18871 -1
-23773 -1
-14647 1
-14950 -1
-25520 1
16082 1
-436 1
28736 -1
26758 -1
32379 -1
-11311 1
27011 1
30782 -1
8136 1
-29480 1
22798 -1
2448 1
30967 1
21978 -1
-4247 -1
-19920 -1
14513 -1
-17228 -1
-1633 -1
-26140 1
-23140 1
-9373 1
-20285 -1
-21958 1
9442 1
21136 1
-18627 -1
-24067 -1
3898 -1
16981 -1
28624 1
-11989 1
10198 -1
-30106 1
8002 -1
-6453 1
22998 1
-31185 -1
-13042 1
11908 1
11435 -1
-707 1
19186 1
31028 1
-23030 1
-27733 -1
11015 -1
-15026 1
-21922 -1
-12185 -1
-29289 1
-23190 -1
9279 -1
5911 -1
-10169 1
29453 1
7073 -1
-15965 -1
-21827 -1
-9861 1
-27064 -1
-10436 1
-12660 1
10906 1
32178 -1
-31620 1
3997 -1
-13376 -1
12111 -1
9978 -1
5354 1
-12593 1
-16515 1
2872 -1
28060 -1
-31385 1
-5457 -1
25549 1
-32398 1
27904 1
15846 -1
-1750 -1
20198 1
4471 1
12020 1
-17221 1
-9754 1
-17413 -1
17489 1
27247 -1
6694 -1
852 -1
-27087 -1
20700 1
2571 1
-21911 1
-1629 1
21066 1
16522 1
28350 1
-1374 1
-9474 1
-15137 -1
-988 1
-6729 1
2143 1
-20806 -1
-30680 1
6785 -1
-6810 -1
-14306 1
19794 1
2422 -1
25051 1
-7440 -1
2519 -1
13052 -1
-21629 -1
-22550 1
-30281 -1
28650 -1
27808 1
-27044 1
-26760 1
-28918 -1
4852 -1
18507 1
612 -1
11216 -1
-27844 -1
-13631 -1
4551 1
-18044 -1
-22848 -1
5457 1
-32286 1
-7412 -1
10767 -1
-2598 -1
-28423 1
-15614 1
-25364 1
18364 1
6209 1
-29769 1
3455 1
-25119 -1
22223 -1
19662 -1
27159 1
-3943 1
2926 1
-4965 1
-3782 -1
-6645 -1
24121 1
-17574 1
15205 -1
-32493 1
22426 1
-31746 1
-29129 1
29942 -1
31348 1
16673 1
-7437 -1
22320 1
-19341 1
-20349 -1
-21537 1
12406 -1
-29249 -1
-13375 -1
915 -1
25301 -1
24164 1
-24152 1
2716 1
-10059 -1
-8055 -1
-31971 1
-5997 -1
25028 1
22798 1
18362 -1
20155 -1
1361 -1
-128 -1
3670 1
-2696 -1
-1194 1
-20432 -1
-10476 1
-15411 -1
-2790 -1
6619 -1
10180 1
15809 1
-30840 -1
-27587 -1
23771 1
7789 -1
-24685 1
-10139 1
7100 1
-13934 1
483 -1
1107 -1
-19355 1
-3592 -1
31180 -1
-7909 -1
10163 -1
-25558 1
-10468 -1
-2240 1
-18912 -1
-24149 1
2544 -1
32628 -1
23423 -1
13490 1
-29752 -1
-14751 1
2181 -1
-23256 -1
1606 1
-29975 1
4318 -1
-31924 -1
-13536 1
-12888 -1
-5127 -1
21707 -1
-14914 1
-18735 -1
-29422 1
10751 -1
24992 1
17063 -1
25609 -1
156 -1
-27355 1
-9267 -1
5557 1
-19113 1
641 1
-6173 -1
-31440 1
-9068 -1
-2570 1
-7982 -1
7577 -1
25150 1
11345 -1
14238 1
-5318 -1
-4241 1
31312 -1
-9533 1
-30438 -1
3902 -1
-3104 -1
-18146 -1
26617 1
30483 1
-25135 1
9492 1
7501 1
156 1
-706 -1
9719 -1
29595 -1
32560 -1
-4014 -1
-4728 -1
-29537 1
15167 1
-20562 -1
22715 -1
24449 -1
14298 1
-27608 -1
-14276 -1
-10779 1
12163 1
20396 1
16485 -1
-27559 1
21558 -1
-32315 1
-22375 1
14421 1
7862 1
-16880 -1
9467 -1
28584 1
-14620 1
107 1
7522 -1
25168 1
20638 -1
-10755 1
-3803 -1
27208 1
23196 -1
-382 -1
-24781 1
-20784 1
-6384 -1
14351 1
28725 1
-8428 1
-26997 1
-6544 -1
13649 1
-14973 1
11480 -1
-17664 1
7820 -1
20255 1
20638 -1
-11583 1
-19628 -1
-6050 1
18550 1
24072 1
-7226 -1
-26125 -1
-704 -1
-16686 -1
10290 1
28016 1
-9308 1
24602 1
12780 -1
-23561 -1
-6071 1
23940 -1
-6729 -1
9114 -1
-15123 -1
9072 1
22560 1
-3081 1
-14871 1
363 -1
-6122 1
-27704 -1
-24214 -1
14087 1
28844 1
-9510 1
25763 1
9876 1
-23077 1
15174 -1
-7636 1
11296 -1
20536 1
10783 1
-28629 1
-21680 1
-20379 1
20005 -1
31280 -1
-29119 1
-6080 1
-213 -1
-28507 -1
17654 -1
-24068 -1
17174 1
-27906 1
-16429 -1
24086 1
4559 -1
-24470 1
5538 -1
-29609 -1
-16580 -1
-15637 1
-5240 1
-10588 -1
-30645 -1
-8987 -1
-3442 -1
26856 -1
11705 -1
9257 -1
-15344 -1
14476 1
16087 1
20532 1
-28457 -1
-12725 1
-30694 1
17520 -1
28586 -1
-7410 1
13477 1
-20062 1
-23822 1
24342 -1
-27677 -1
-28179 -1
-32766 1
-9134 1
-18230 -1
17354 -1
-19564 1
28837 1
7576 1
-13485 -1
4107 -1
3892 1
29892 -1
21215 -1
-2321 1
30224 1
23922 -1
21708 1
24880 1
-8398 -1
-19244 -1
-10165 -1
18641 -1
-153 1
-16939 -1
26997 -1
-11922 1
29207 1
-30577 -1
-21913 1
-20226 1
25752 1
16167 -1
29087 -1
-6299 1
7808 1
-25912 -1
1165 1
8192 -1
19190 -1
-19501 1
-9653 -1
-8312 -1
-15565 -1
28234 -1
28359 1
17577 1
4786 -1
-7402 -1
7447 -1
-13208 -1
-10391 1
6679 -1
-11823 1
7648 1
606 1
-26733 -1
17303 1
-18225 1
7113 1
27952 1
-23012 1
-18444 1
18849 -1
16555 1
-7934 -1
-957 1
-6181 -1
18634 1
29622 -1
-3736 -1
-21173 1
-31226 1
-25735 -1
-119 -1
8382 -1
23104 -1
-9642 -1
28530 1
-25576 -1
-8856 1
-24160 1
-3808 1
17277 -1
6800 -1
-20347 1
-11918 -1
-4380 1
2596 1
-8494 1
5694 1
-29343 1
-24027 -1
25622 1
-31075 1
-32073 -1
22817 1
-4488 -1
32538 -1
11828 1
-29415 1
-5916 -1
6763 -1
-27641 1
14456 1
-14713 1
11968 1
-32159 -1
-21150 -1
23138 -1
-15525 1
-8905 -1
2293 -1
28160 -1
4801 1
14619 1
-24462 -1
11122 -1
-16148 1
-6892 -1
10951 1
17554 -1
15474 -1
-9010 -1
13673 1
-12553 -1
-6207 -1
-681 -1
21762 -1
-22677 1
-3179 1
21061 -1
-2181 1
10392 -1
18864 1
-3802 -1
32031 1
24804 1
28171 -1
27145 -1
5467 -1
-9157 1
25464 -1
-7277 -1
20088 1
-5455 -1
8945 -1
-9478 1
-8202 1
-5610 1
-6056 1
8677 1
12751 -1
25626 1
7811 -1
11800 -1
979 -1
-12691 -1
24024 1
-28888 -1
25798 -1
30588 -1
-29033 1
18929 1
21148 1
5634 -1
-9889 -1
-18288 -1
-8550 1
2848 -1
17680 -1
20627 -1
1135 -1
19628 -1
-7972 -1
12781 -1
-21914 -1
-4517 1
26410 1
30424 1
-14075 1
-5819 -1
1155 1
-15391 -1
-27315 -1
10784 1
25898 -1
-26603 1
-32016 1
-2701 -1
-1893 -1
29422 -1
-7396 1
-26006 1
14282 -1
11982 -1
15909 1
306 -1
-16245 1
13780 -1
-25286 1
23684 1
-32391 -1
-28629 1
-9684 -1
21487 1
12002 -1
-22624 -1
-25811 1
-5210 1
19234 1
-29224 1
-9050 1
27071 -1
21982 -1
5043 1
-1260 1
-13562 1
-32031 1
31043 -1
31001 -1
-5327 1
22048 -1
-18436 1
30165 1
3643 1
11592 1
-28279 1
23576 1
-16383 1
-9828 1
3613 -1
25270 -1
-28010 1
-10537 1
23144 1
-9087 1
27750 1
21992 -1
-6366 1
-9882 -1
17093 -1
32403 -1
-11918 1
-2078 1
-32461 -1
-24559 1
-26296 -1
-5106 1
5888 1
-5915 -1
24247 1
29669 -1
-23856 1
-3905 1
-17201 1
19472 -1
20675 -1
-25498 -1
-19073 -1
-24940 1
23618 -1
29094 1
6244 1
-9902 1
-18984 -1
6060 1
-30435 -1
-19306 1
-31977 1
-23408 1
4223 1
10600 -1
-13887 1
-30003 1
-6051 1
-11328 1
-31164 -1
-31472 1
1862 -1
3900 1
22156 1
10196 -1
26847 -1
3437 1
-9354 1
-31742 -1
19341 -1
-24590 -1
-134 -1
-12407 1
22662 1
10009 1
5076 -1
15220 -1
12480 1
-6184 -1
29463 1
-24778 1
-32734 1
3981 1
8271 1
2737 -1
-28764 -1
-24500 1
-31776 -1
-26300 -1
-27902 1
31415 -1
-12901 1
792 1
-23413 1
21058 1
28149 1
-26628 -1
15443 -1
2473 -1
24499 1
27024 1
-23601 1
22087 -1
25819 -1
11673 1
541 -1
10777 1
-22667 -1
-8708 1
18249 -1
-1178 -1
23695 1
24377 1
1009 -1
1504 -1
-9585 -1
13026 1
32141 1
8183 1
-5568 1
20197 -1
-16951 1
636 -1
13472 -1
-22686 1
23902 1
7293 -1
19346 1
21601 1
20908 1
20624 -1
-14212 -1
10543 1
1075 -1
14130 -1
-14619 -1
14519 1
-1247 1
-2913 1
20543 -1
-18319 1
-24599 1
-7548 1
-28392 -1
-12723 1
26037 1
26714 -1
3879 -1
10045 1
-4392 1
9384 -1
-30839 -1
-28006 1
-32487 1
30343 -1
16452 1
-24508 -1
-6936 1
4453 1
-20924 1
11685 1
-30080 -1
28187 1
-2261 1
-4115 1
-26286 -1
-28487 -1
11422 -1
29577 1
-29282 -1
-4076 1
21706 -1
21069 1
-4931 -1
30791 1
1657 1
-15086 -1
23489 1
-5363 1
5193 -1
16121 -1
6215 -1
3136 -1
3484 -1
-17911 -1
-24229 1
-11727 -1
18731 -1
169 1
14012 -1
-14449 -1
22219 1
-30854 1
18538 1
4673 1
-25726 1
30581 -1
15031 1
20224 -1
-25276 -1
-17351 1
12353 1
-8368 -1
29698 1
-27767 -1
-3300 -1
3699 -1
29596 1
8612 1
28846 -1
-3492 1
-8110 1
21838 1
-5121 -1
22838 1
-12937 -1
8272 -1
28937 1
9037 1
30507 -1
10141 1
26208 -1
32026 1
9495 1
-32190 1
-16127 -1
4347 1
-3926 -1
15499 1
-19304 1
-2770 -1
-29389 1
-21289 -1
-30737 -1
19109 -1
-28609 -1
-17475 1
-3347 1
15735 -1
-31399 -1
20620 -1
-786 1
-30821 -1
20528 1
18804 -1
6511 -1
29187 1
-14484 1
2089 -1
6572 1
-30200 1
-9757 -1
17616 1
-29726 1
-11992 1
31479 1
-18948 1
-8665 -1
25152 -1
-567 -1
-16527 -1
30680 1
15160 -1
26664 -1
3943 -1
22380 -1
16068 1
15837 1
3051 -1
26598 1
-18123 1
21491 1
30302 1
-17799 -1
7981 1
30885 1
32419 -1
-20903 -1
-8479 -1
-25878 1
-19770 1
4132 -1
26825 -1
-26073 1
19578 -1
-15886 1
-290 1
2757 -1
-11792 -1
3471 1
8713 -1
27127 1
-26807 -1
-13087 1
23720 -1
16935 1
-10809 -1
12265 -1
20997 1
2095 1
31141 -1
1399 1
-20457 -1
-11224 1
1490 1
-16037 1
28661 -1
8166 -1
23571 -1
31171 -1
5377 -1
29030 -1
-827 -1
24588 1
25271 -1
-31287 -1
14035 1
13894 -1
2928 1
-31447 1
-16026 1
29370 -1
4174 -1
10095 1
7741 1
-1110 1
-20378 1
-29728 -1
6487 1
14112 1
-32095 -1
-11406 1
18347 -1
-25054 1
-25159 1
8877 -1
13727 -1
-18690 1
-31924 1
-203 -1
19708 -1
25307 -1
-24610 -1
-2782 1
-484 -1
-26873 -1
28347 1
23311 1
-19 -1
25312 -1
-18747 -1
-25990 1
-21594 -1
-5617 1
-4358 -1
20342 -1
-20056 -1
1684 -1
-22663 1
25964 1
-5753 -1
30378 1
-24011 1
15572 1
13364 1
-3377 1
-27485 1
19659 -1
-127 1
-4920 -1
31587 1
-2604 -1
-16534 -1
-29190 1
-30969 -1
-21204 1
25837 1
-24197 1
-15309 -1
-13368 -1
-10355 -1
-24052 1
-6651 -1
-22825 -1
3080 1
-4044 -1
11306 -1
-10982 1
-27199 1
-26866 1
8166 -1
29026 1
-8024 -1
19486 -1
-13376 1
-32471 -1
375 -1
11146 -1
15524 1
12939 -1
9514 1
8159 -1
17913 -1
-24288 1
10778 1
8284 -1
-14847 1
24225 -1
3087 -1
-18503 1
-7396 -1
-25995 -1
-13353 1
-21912 1
16679 1
-22554 -1
-18012 1
19683 -1
3505 -1
13973 1
26412 1
-28294 1
-12849 -1
26460 -1
30122 -1
-26900 1
26039 -1
27760 -1
-30126 1
-29952 1
-2963 1
20547 1
-9814 1
-17805 -1
23151 -1
-21953 1
-190 1
31477 1
-25003 -1
-14237 1
-6912 -1
-471 -1
-2296 1
736 -1
-11118 1
-3046 -1
-26168 1
22703 -1
10254 -1
3535 1
-1428 -1
9053 1
15958 1
28266 -1
-32733 1
-2736 -1
7976 1
21285 -1
31527 1
13175 -1
-23312 1
13740 1
29091 1
-5708 -1
19132 -1
11996 1
-23229 1
-31141 1
16315 1
-8938 -1
4726 1
23328 1
31098 -1
15054 -1
6915 -1
-21519 -1
-6779 1
22261 -1
-5285 -1
-17730 1
-6614 1
-26407 1
-1994 -1
22036 1
-27893 1
21430 -1
23908 1
-4792 -1
25995 1
-25575 1
-8585 -1
13764 1
32725 -1
19877 -1
27724 1
-26877 1
-7444 1
23139 -1
-3290 -1
2405 1
26186 -1
-19794 1
-21208 -1
-14978 1
-21299 1
30403 1
4602 1
21744 1
4486 -1
8414 -1
15335 -1
-31785 1
-18541 1
16772 1
-11340 -1
-26514 -1
29761 1
7552 1
-830 -1
10954 1
22153 1
-18677 1
10709 1
2350 1
-13877 1
-12547 -1
23813 1
8368 -1
-27671 1
-6843 1
23231 1
-30680 -1
-30625 1
-17221 1
3400 -1
-15130 1
6117 -1
3407 -1
-20696 -1
13658 -1
9417 -1
26552 1
-12150 1
-20413 1
9353 1
-22908 1
12050 1
-9393 -1
-22898 -1
-24290 1
-3555 -1
-29246 1
-17372 1
996 -1
2306 -1
30607 1
-21608 -1
26591 1
2375 -1
-2491 1
19067 -1
5755 -1
-21091 -1
-27608 1
-31482 1
25051 -1
4158 1
-13889 1
31558 -1
10760 -1
24211 1
-22822 1
-27770 1
15771 1
-9929 -1
-1621 -1
25315 -1
16297 1
28691 1
-3656 -1
9664 -1
-16115 1
32202 -1
31854 1
-17211 1
27214 1
22537 1
-32445 -1
13478 -1
-3663 1
-6793 -1
-25719 -1
3833 1
-18491 1
-9663 -1
-16443 -1
-31628 1
6701 -1
3635 -1
-31055 -1
29968 -1
19592 1
26147 -1
-22572 1
1235 -1
18591 -1
15704 1
23115 1
31796 1
-22691 -1
29511 1
22830 1
26211 -1
-30924 1
-14187 -1
20656 1
11870 -1
-9674 -1
-21473 -1
-20625 -1
13607 -1
21614 -1
-7748 -1
-25916 1
21578 1
32403 -1
10954 1
-986 -1
-2190 -1
29011 -1
7583 1
17820 1
-16634 -1
18535 1
13953 -1
32324 1
3595 1
17117 1
-29340 1
31221 -1
11570 1
23808 1
-24743 -1
-28220 1
-11411 1
-23428 1
831 1
27230 -1
-8956 1
-13297 1
-23939 1
-21218 1
-14372 1
32337 -1
-1520 -1
13410 -1
31012 1
-23580 -1
-23421 1
-31117 1
-13626 1
99 1
14586 1
20608 1
-24252 1
17723 -1
17061 1
-19270 1
-11353 1
-31340 -1
10765 1
-1964 1
30359 1
-22874 -1
-1067 1
-27210 1
3465 -1
-18995 1
3518 -1
-14542 1
719 -1
26201 1
31206 1
-8074 1
-9171 -1
-25618 1
9988 1
28224 1
-8257 -1
-22381 1
-21968 -1
6188 -1
6343 -1
29815 1
-16058 -1
17234 -1
4622 1
16030 1
-8582 -1
29450 -1
-2039 -1
-20837 1
11042 1
6600 1
-7450 1
11849 1
-19914 1
-7728 1
-8827 -1
-15346 -1
26463 1
8025 -1
-29582 1
25245 -1
-20995 -1
-1119 1
-25197 1
29128 1
15096 1
-9007 -1
12376 1
15135 1
23482 -1
2703 -1
20077 -1
3750 -1
29018 -1
15212 1
25256 -1
1063 1
3613 -1
-23911 1
19740 -1
-15838 1
8532 1
15009 1
10610 -1
4195 -1
20861 -1
3781 -1
2211 -1
-15319 -1
1179 -1
-30038 -1
-24305 1
8786 1
-13010 1
-827 1
25131 1
-10123 1
24389 1
22408 1
21537 1
9673 -1
-21299 -1
12173 1
30052 1
9224 1
30544 1
-18980 -1
-7234 1
-14703 1
-26465 1
-9782 -1
11264 -1
18929 -1
7195 -1
26766 -1
-26713 -1
-2114 1
18236 -1
29922 1
24887 1
-26876 1
-15849 -1
-1567 -1
-29360 -1
29458 -1
3402 1
-20980 1
5443 -1
-6516 -1
5475 1
-928 -1
-31315 1
2563 1
-17973 1
-6655 -1
12516 1
7606 -1
23317 -1
29907 1
-20116 1
-22029 -1
-12363 1
7503 1
22747 1
5046 -1
-3822 1
-5609 -1
27270 1
29309 1
2814 1
15712 -1
-20849 -1
-30329 -1
20418 -1
4362 1
8323 1
-30324 1
-30307 1
23139 -1
-29167 1
28570 1
-17097 -1
-5074 1
-21928 1
11877 -1
25269 1
4286 -1
10277 -1
-30919 1
2848 1
13520 -1
19798 -1
9625 1
4050 -1
-18058 1
-3045 1
-19779 -1
-20805 -1
-10504 -1
-1201 1
-32685 1
-7355 -1
2324 -1
647 1
-11109 -1
-23197 -1
-18800 1
-7715 1
8720 1
-10006 -1
-14943 1
29286 -1
26133 -1
12528 -1
-26741 1
23767 -1
11656 1
-31406 1
3743 1
-1631 -1
-18004 -1
23017 1
30581 -1
12352 1
18348 1
-20719 -1
-22974 1
-343 -1
-15538 -1
-7833 -1
31812 -1
20370 -1
-13417 1
-8300 1
11481 -1
-8627 1
25304 1
25331 1
22185 -1
-25926 1
-16255 -1
31835 -1
-17346 -1
-5343 -1
-19710 -1
3407 -1
21984 1
-19096 -1
30211 -1
1046 1
-17021 -1
-31434 -1
-11123 -1
-32234 1
7704 1
-21258 -1
-12252 1
25242 1
-17093 -1
31079 1
15387 1
5730 1
24053 1
10209 1
-26953 1
24073 -1
-12678 -1
24620 1
3050 1
20796 1
21517 1
-13221 -1
27736 -1
-30505 -1
31842 1
23444 -1
-2156 1
-26975 -1
-9324 1
-7587 1
19054 1
6373 1
3887 -1
-14494 1
24894 -1
4504 1
-32274 1
-21869 -1
-9668 -1
22474 1
8565 -1
14414 -1
14740 1
15383 1
4210 -1
11862 -1
-19173 -1
-16777 1
21490 1
29482 -1
-10676 1
29167 -1
20723 1
2808 1
-6707 -1
-15481 1
-7704 1
19644 -1
-4215 1
-15000 -1
4209 -1
-6321 -1
16737 1
30484 1
-2956 1
-30484 -1
13517 -1
-4974 1
-24763 1
6943 1
17657 -1
26487 1
18855 1
1604 -1
-14135 -1
30513 -1
-18965 1
18345 1
22998 -1
-23269 -1
1270 1
-5092 1
-21325 1
-30085 -1
-20661 -1
-12536 1
3753 -1
5443 1
-5820 1
-29327 1
-28984 1
23153 -1
19015 1
-17016 -1
17781 1
155 1
621 -1
-29026 1
-1846 -1
-26082 1
-875 -1
19418 -1
32021 1
27803 1
17203 1
-12162 -1
19227 1
-4903 -1
13620 1
7315 -1
27315 1
-24084 1
26986 1
-32660 1
13261 1
28789 1
19113 1
12123 -1
25424 -1
28286 1
-2086 -1
-23365 1
19142 1
1635 -1
-30278 -1
26033 1
-5442 -1
-15217 1
29354 1
26306 1
-19859 -1
-20332 1
-6010 -1
21332 -1
4527 -1
-26155 1
-18928 -1
-1086 1
-8025 -1
-16242 1
28712 -1
-6602 -1
-9748 -1
8975 1
23078 -1
-30577 1
2637 -1
-23352 1
-10792 1
-21467 1
-1475 1
22818 1
18477 1
-6422 1
20793 1
-24549 -1
11461 -1
4372 -1
-17246 -1
-20878 -1
3867 1
6762 1
4348 1
-31365 1
16959 -1
-24903 1
6751 1
30498 1
19896 -1
22706 -1
29192 1
-3978 1
-3401 1
-28679 -1
2194 1
9678 -1
25602 -1
-16563 1
-10724 -1
4677 -1
-20106 -1
12335 -1
-14231 1
-2600 1
24747 -1
16954 1
19625 1
-27759 -1
-31262 1
-5978 1
13923 1
-4332 -1
-16023 1
-21396 -1
-28295 1
30117 1
-7443 1
-26985 1
702 -1
26230 1
-29281 1
1300 1
-5440 1
31462 -1
-4847 1
5123 1
-25284 -1
-1608 1
18389 -1
-9362 -1
31146 1
22037 1
-2854 1
6670 1
3686 1
23176 1
3958 1
28905 -1
6447 -1
5499 1
-24231 -1
3897 1
10472 -1
27521 -1
7160 1
-23926 1
-5966 -1
-13123 -1
13646 1
9076 1
2659 -1
-7967 1
4036 1
26014 1
28441 1
23806 1
-31601 -1
-15988 -1
22850 -1
2165 1
-31353 1
28743 1
-29879 -1
19231 -1
10070 1
11058 1
29639 1
18233 1
18023 1
-17243 1
9954 1
10367 1
-20153 -1
-21355 -1
-10630 1
-30533 1
-30228 -1
-1866 -1
20584 1
2520 -1
3144 1
-2847 1
17638 1
-12310 1
-12729 -1
23175 -1
-31148 1
30027 -1
-13608 1
27668 1
-25765 -1
5198 -1
9412 1
-29960 1
10788 1
31196 1
24176 -1
16722 1
-9555 1
-28980 -1
-11094 1
-23496 1
-31195 -1
22259 -1
-12971 1
678 1
-6868 -1
28209 1
20420 1
9287 1
-29422 1
-13275 1
-5977 1
24610 -1
6624 -1
-19539 -1
6168 1
18439 1
17168 1
26437 1
8812 1
-23961 -1
20868 -1
-13771 -1
9103 -1
2062 1
15624 1
-20164 -1
-24525 -1
32294 1
-13473 -1
-7536 -1
-6170 -1
24681 1
-10800 1
-13904 -1
26327 -1
-32676 1
13162 -1
-11836 -1
24544 -1
2981 1
27639 -1
-20421 1
16344 -1
-9781 1
17640 1
19149 -1
14008 1
-5717 -1
-27998 1
-14947 -1
-6549 -1
-6077 -1
16503 -1
7395 1
1969 -1
-658 -1
25724 -1
6734 1
-20165 -1
18278 1
1865 -1
-13542 -1
-6797 -1
-31604 1
-25596 -1
-16398 1
15251 -1
-28956 1
32224 1
-14687 -1
-4415 1
-6300 -1
-15515 -1
-24590 -1
-25375 1
9488 1
-21910 -1
9852 -1
-13682 1
-12715 -1
-11949 1
23070 1
-25851 1
-25399 1
9751 -1
7567 1
5636 1
16842 1
-27543 -1
-4339 -1
17072 1
-18122 -1
22243 1
17550 1
29829 1
-23331 -1
-26452 -1
-20900 1
30008 1
-16837 -1
-22735 -1
-13714 1
699 1
10852 1
31218 -1
19245 -1
-21124 -1
26731 1
12163 -1
32346 1
28703 1
-2624 -1
20757 -1
-5614 -1
-17142 1
19647 -1
19195 -1
-12231 1
18270 1
-9968 1
12657 -1
-19242 1
-18149 -1
-27146 -1
12552 -1
32095 1
7131 1
12716 -1
2130 1
11402 -1
19486 -1
-8281 -1
30414 1
27852 -1
1834 1
-9269 1
19733 -1
23450 1
-21344 -1
16382 -1
-2629 1
-5469 1
-30357 1
-5196 1
12974 1
-8521 1
26077 -1
-9484 -1
-19387 1
-28546 -1
-18584 -1
5946 1
-10530 -1
-17772 1
23230 -1
25310 -1
30543 -1
13394 -1
14951 -1
13641 -1
12045 1
30266 -1
-27805 1
-32655 -1
-24181 -1
19718 1
9573 -1
27975 1
-29467 -1
16334 -1
7946 -1
16257 1
-29047 1
-21117 -1
3244 -1
-18440 -1
-17809 -1
-5034 1
-29705 1
-216 -1
-6383 -1
-7352 -1
-31370 -1
-31714 1
22979 -1
-24624 1
29073 1
-9982 1
24400 1
-25182 -1
11776 -1
8240 -1
-22429 1
14378 -1
30477 1
-5663 -1
27229 -1
26679 -1
-6212 1
28882 -1
15645 -1
-2625 1
-25308 -1
16044 1
17582 1
-16563 1
10814 1
8618 1
-4053 1
-26759 -1
2002 -1
-14554 1
30512 1
-7010 -1
-29196 1
16926 -1
24171 1
24559 1
29367 1
28706 -1
29348 1
-9339 1
-2176 1
12443 1
4635 -1
24530 -1
32709 1
24257 -1
-18717 1
-29784 1
-20126 -1
-7694 1
-4145 1
-12650 1
16428 -1
22839 -1
14212 1
3830 1
31521 1
8555 1
11154 -1
-32601 -1
12176 -1
27082 1
32533 -1
-29560 -1
30710 1
-23336 1
-26162 1
-27937 -1
-14727 1
15363 -1
3810 -1
-15267 -1
-4029 1
10433 -1
669 -1
-16043 -1
3870 1
-6189 1
32077 1
-19297 -1
-27469 1
-26675 -1
-25969 -1
-4034 1
19539 -1
-28379 1
-20880 1
4160 -1
24366 1
19331 1
18144 -1
7063 1
28058 -1
-29793 1
-7479 -1
-20721 -1
-2335 -1
15415 1
13361 -1
5181 -1
5467 -1
19543 -1
26018 -1
-3276 1
-15760 -1
-20186 1
-24894 1
2604 -1
8560 -1
17691 -1
23942 1
27465 1
-17703 1
-18042 -1
18933 -1
-25537 1
-4265 -1
-9038 1
28267 -1
15238 1
27197 1
10283 -1
9176 -1
-25786 1
-14410 -1
32085 1
4653 1
966 -1
-22112 -1
24195 1
8063 1
-17852 1
18825 -1
-9943 1
31869 -1
8430 -1
16337 1
-27933 1
31251 -1
-23502 -1
-10003 -1
-11332 -1
5215 -1
-30216 -1
-26373 1
13337 1
24275 -1
20446 1
-2694 -1
24138 1
-15787 1
-11202 -1
-25638 1
17305 1
6290 -1
-26169 -1
31222 1
-27999 -1
-29327 1
32750 -1
-17553 -1
16196 -1
-4916 1
-22037 1
3435 -1
-5436 1
-11530 1
-9474 -1
-30808 1
-20932 -1
-11574 1
-12553 -1
-1119 -1
22622 -1
8304 1
-12695 1
4031 1
-12362 1
22821 1
-23185 1
-11074 -1
-19333 -1
-17130 -1
-8172 1
-18625 -1
-11782 1
-3876 -1
-3981 -1
4343 1
28983 -1
-9973 1
23906 1
27786 1
24498 1
-3689 -1
-32193 -1
-3159 1
9533 1
-9441 1
27136 1
-31996 1
-20230 1
-28350 -1
-27476 -1
-4523 1
-6178 -1
-21585 1
-2030 -1
-12845 -1
-15939 1
-515 -1
28243 1
22580 -1
-23225 1
-21952 1
31483 -1
-18405 1
-31659 1
-1448 -1
-13357 1
20389 1
31126 -1
-27640 -1
-22554 1
6947 1
17669 -1
-9269 -1
22839 1
-26021 1
10385 1
26010 -1
25823 -1
6039 1
-15131 -1
18116 1
-20520 1
-6992 -1
-32329 -1
-22171 1
-1796 -1
-29991 1
-25918 -1
-13955 -1
-22940 -1
-27317 -1
16285 1
-8643 -1
-17384 1
17772 -1
-17599 -1
-3637 1
-2963 1
-31832 -1
15154 1
-21039 1
20493 1
20787 1
-30837 -1
-31664 1
26864 -1
-11439 1
-13554 1
17614 -1
11927 -1
-17919 1
28732 -1
-20831 1
2300 -1
24998 1
-24969 1
8678 -1
-24786 1
-13188 -1
12401 1
-26559 -1
-20195 -1
-12317 -1
29160 1
9869 1
-9643 -1
-22828 -1
-9593 1
-20196 1
12596 1
-20839 -1
11972 1
15922 -1
-18739 -1
-17300 -1
-1850 1
20467 1
-4452 -1
-26827 -1
-9239 -1
-27668 -1
1058 1
14861 -1
19615 -1
-16039 1
9033 1
-6405 -1
-23708 1
1224 1
-27472 -1
-31773 -1
-12054 1
-6862 -1
-25761 1
27076 -1
11604 1
-14262 -1
-28475 1
-20222 1
-15891 -1
459 -1
-9354 1
-32043 -1
4357 -1
-26778 1
27526 -1
23324 -1
652 1
28693 -1
-6922 -1
-5459 -1
5047 1
-22789 1
-18037 -1
22937 1
-12925 1
21172 1
4231 1
27077 1
-20024 1
-8667 1
-8308 -1
-4554 -1
-29796 -1
-26825 -1
5453 1
19714 -1
29080 -1
-31956 1
-5008 -1
-9913 -1
12996 -1
29957 1
18701 1
-8701 1
25260 1
-24062 -1
-763 1
13475 -1
32676 1
16174 -1
12890 -1
8605 -1
-25996 -1
23864 1
31371 1
-15994 -1
2062 -1
-26015 1
-9773 -1
-28733 -1
22807 -1
-28598 -1
-7737 1
27491 -1
6035 -1
-32455 1
-16224 -1
814 1
620 -1
-29057 1
-10660 -1
5175 -1
11204 -1
2727 1
26164 1
-22067 1
-26736 -1
-32502 1
32653 1
8451 -1
6072 -1
13398 -1
26573 -1
-28930 -1
-16205 1
7749 -1
-18778 1
13962 -1
-14219 1
25471 1
-7603 -1
-15559 1
25583 -1
14577 -1
-9877 1
13247 -1
13275 1
-7648 -1
9553 -1
10658 -1
26504 1
-25941 1
-27756 1
32590 1
-21835 1
14539 -1
10104 1
9253 1
11019 -1
-27 -1
-30001 -1
-9491 1
-26625 -1
23206 1
-12251 -1
23257 1
2738 1
-5572 -1
-32730 -1
17311 -1
12074 1
19565 -1
-5266 1
21433 1
-6522 1
-7205 1
-8065 1
18872 1
-26740 -1
-6956 -1
-28057 1
-20916 -1
-27812 -1
31718 -1
-15075 1
983 -1
-24465 -1
-2440 -1
7249 1
-2605 -1
30516 -1
27140 1
7138 1
-31146 -1
-4536 1
-20789 -1
-25339 -1
10876 -1
30067 -1
4430 -1
3844 -1
7058 -1
24869 -1
-13439 1
3138 -1
-11628 1
26735 -1
3049 -1
-4852 -1
-16420 -1
22678 1
-24516 1
-8880 1
189 1
8568 -1
11470 -1
-6142 -1
-29098 -1
-32462 -1
-6902 1
-14389 1
31393 -1
-23971 1
6473 -1
-20374 1
-2977 1
14868 -1
-19228 1
15782 1
-8001 1
29000 1
-12922 -1
-3024 1
-10299 1
-17330 -1
17359 1
27194 1
-13880 -1
-902 1
20181 -1
12007 -1
24028 -1
11129 -1
-26815 1
-13069 -1
12308 1
-22972 1
-17316 1
-10936 -1
19615 -1
27450 -1
7982 1
21151 -1
23514 1
-13072 -1
-16002 1
4165 -1
-31696 1
2636 1
-3953 1
-24660 1
27777 1
13290 1
28384 -1
-12085 1
-1905 -1
20747 -1
13941 1
-30707 1
-20084 -1
-24951 1
32642 -1
-17745 -1
7608 -1
-3157 1
-18230 -1
28969 1
19731 1
11560 -1
-24577 -1
-15879 1
19597 -1
24845 -1
23623 -1
-9989 -1
-2096 -1
4147 -1
-24136 1
488 1
-7951 1
12186 1
-31054 -1
-20348 1
-14740 -1
14095 1
-4121 1
22060 -1
-2830 1
-1895 1
23687 -1
-25316 1
19066 1
15610 1
3207 1
-19499 -1
-11920 -1
-10850 1
8255 -1
4987 -1
14608 -1
-30581 1
30075 -1
-16611 1
23886 -1
-8319 1
-11353 -1
21728 1
19963 -1
20932 -1
20786 1
27767 -1
32310 1
-23349 1
30667 -1
-29590 1
-8658 1
-14448 -1
13244 -1
428 -1
14568 1
26877 -1
-6687 1
15494 1
-29344 -1
5319 -1
14460 -1
23916 -1
29499 -1
14552 -1
11508 1
-13436 -1
-18788 -1
-22617 1
19373 1
17989 1
-7864 1
-28104 1
32125 1
24487 1
-28563 -1
6267 1
17369 -1
-15337 1
-22044 -1
-16980 -1
3583 -1
-6427 -1
-13458 1
-14790 1
-19297 1
22190 -1
-19160 1
31751 -1
-26452 1
31313 -1
-831 -1
11158 1
-6650 -1
14093 -1
-659 1
-28400 1
-14957 1
-21155 -1
-18279 -1
-13197 -1
-32300 1
-1317 1
25764 -1
-4385 1
20938 1
11987 -1
-9039 1
18704 1
-14035 -1
-55 -1
-6042 -1
7729 1
-21250 -1
28803 -1
-29998 -1
199 1
7329 -1
7721 -1
-11958 1
-19132 1
-20543 1
-30140 1
-11439 -1
2079 1
7064 -1
15110 -1
10094 -1
2016 -1
-10688 -1
20585 -1
28785 1
-12490 1
-31890 -1
-22650 1
14058 1
22208 1
-16216 -1
-3547 -1
-5000 1
3131 1
-32443 1
27992 1
-26504 -1
11267 1
-29164 -1
3653 1
23292 1
-5933 -1
16659 -1
17686 -1
-1626 -1
25428 1
-29943 1
-27711 1
-4935 1
29979 1
-31726 1
-28494 -1
24741 1
-17122 -1
28679 -1
29766 -1
-30170 1
-15302 1
-2678 -1
16189 -1
-20833 1
3807 -1
28735 1
11320 1
24214 -1
20149 -1
-17446 -1
-23365 1
-7870 1
-11522 1
10709 -1
-27354 -1
20821 1
19118 1
-9807 1
23661 -1
10139 -1
-22535 1
2452 1
32596 1
20321 1
-320 -1
-19861 1
32222 1
24847 1
-25388 -1
-5721 -1
-26801 1
-31993 1
-1083 -1
-16240 -1
-23653 1
9187 1
-3508 1
-8856 1
-7521 1
-5841 1
-16692 1
-942 -1
-17910 -1
-18964 1
26214 1
-19926 1
-25273 1
14225 -1
11524 -1
-3565 1
-6437 -1
-7251 1
16141 1
22063 -1
13424 1
-27987 -1
32583 -1
30500 -1
-13485 1
-3974 1
-12280 1
-14799 1
-15395 1
7975 -1
-32224 -1
1817 1
30443 1
21062 1
-11129 -1
10362 -1
22736 -1
17041 1
22641 1
-3562 -1
19810 1
-10849 1
8551 -1
-17671 -1
-13915 1
24839 1
-5093 1
3462 -1
21559 -1
-8792 1
12958 -1
14046 -1
-29966 -1
-28022 1
1513 -1
13107 1
1460 1
1760 1
-29820 -1
2944 -1
24851 1
27068 -1
24684 -1
-8456 1
31175 1
13411 -1
-17508 -1
-26622 -1
14842 1
23597 -1
-19749 1
-1906 -1
-13698 1
13438 -1
-11070 -1
2686 1
-2616 -1
-5393 1
-6411 1
3761 1
-2714 -1
11139 1
-20722 1
-7100 1
-3748 -1
-17442 1
-28636 -1
-4186 -1
-1770 -1
-5622 -1
-32754 -1
-20612 1
-11769 1
24080 -1
-10137 -1
8405 -1
29680 1
-22034 1
-14511 1
23355 -1
89 -1
20991 1
7174 -1
-26847 -1
-26189 -1
-4419 -1
-21793 1
-11605 -1
-26311 1
3845 -1
-6701 1
-20231 1
23879 -1
-23980 1
-15426 -1
-2270 -1
-12970 1
22959 -1
-23514 -1
-28978 1
-29256 -1
16288 1
9617 -1
25076 -1
-23887 -1
-29051 1
4894 1
-28185 -1
6238 1
-30507 -1
-27793 1
-4169 -1
20325 1
-1629 1
-1486 -1
-32456 -1
27579 -1
-7560 1
-29769 -1
20643 1
14464 -1
32316 1
-14595 1
-24607 -1
-4405 1
-4778 1
-6852 1
-5726 1
30361 1
-2676 1
11418 1
3154 1
-9670 1
15030 -1
15505 -1
-11495 -1
-3467 -1
-3412 1
-9907 -1
-17515 -1
-15882 -1
2949 -1
18498 1
-10560 -1
-11925 -1
-20384 -1
-3892 -1
-27077 -1
-30150 1
-27173 1
-25070 -1
-11137 1
-20445 1
1550 1
-23365 1
10129 -1
-3933 1
-22615 -1
-5809 1
-28755 -1
-21481 -1
9930 1
2259 -1
-27731 -1
9051 -1
-29200 1
-8234 1
12917 1
-16677 1
-3829 -1
-10768 -1
13155 -1
-24556 -1
-15098 1
14330 1
23609 1
2402 1
30751 1
239 -1
7790 -1
-22628 1
-15346 -1
-31561 1
2310 1
24915 1
-15827 -1
10923 -1
24309 1
25783 1
28809 1
-24130 -1
22229 -1
10257 -1
29450 -1
23359 1
28619 1
-4351 -1
1157 1
-12180 -1
-1974 1
-24214 1
-18356 1
10477 -1
-7834 -1
-7419 -1
24928 -1
11249 1
-29515 1
-12100 -1
15924 1
26553 -1
25948 -1
2957 1
-3014 -1
8592 1
-18506 1
1373 1
12514 -1
-5357 -1
5092 -1
16954 -1
-20761 -1
9133 1
7677 -1
-13449 1
10122 -1
21141 -1
18772 -1
14508 1
17646 1
-19975 -1
21955 1
12374 1
-31978 1
29442 1
15783 1
14384 1
3728 -1
-6239 1
-19598 -1
-21425 1
-21557 -1
5193 1
-23335 -1
-11066 -1
1658 1
14845 1
-23653 1
-14449 1
-24213 -1
-19395 -1
10229 1
31966 -1
-9183 -1
7468 1
11746 -1
-7883 1
-28834 -1
24973 -1
32646 1
-2135 -1
14884 -1
25275 -1
-22963 -1
-25820 1
-26606 1
7175 -1
7202 -1
6275 1
1633 1
30076 -1
23067 1
-3620 1
24700 -1
-6999 -1
28773 -1
-30562 -1
3302 1
11719 1
19568 1
23303 -1
-14914 1
-17637 1
20672 -1
3484 1
18099 -1
1270 -1
-668 -1
-28748 1
28332 1
16095 1
27895 1
4603 1
-7932 1
-22760 1
-25758 -1
3745 -1
-13850 -1
31668 -1
-6563 1
18667 -1
-16557 -1
-16256 -1
8713 -1
-23059 -1
-32095 -1
-21915 1
-27056 1
21503 -1
13282 -1
27173 -1
-13186 1
12696 -1
-11074 1
14859 -1
6110 -1
-4460 -1
-19308 -1
6466 -1
11332 -1
-5767 1
13822 -1
-25923 -1
16449 -1
-2957 -1
-25169 -1
-8134 -1
23453 1
9244 1
2244 -1
11714 1
-27075 -1
-30816 1
26954 1
30371 -1
-15984 -1
-5879 -1
-14646 1
24525 -1
24479 -1
18694 -1
-17477 -1
24657 -1
-16563 -1
-25755 -1
3308 1
-10478 -1
23270 1
18758 -1
30691 1
7242 1
20209 -1
25330 -1
20210 -1
-4977 -1
31740 -1
-20232 1
-9978 1
-10893 -1
14279 1
32710 -1
30021 1
-4583 -1
5145 -1
-31195 -1
24594 1
-7966 -1
-23913 1
2119 -1
5723 -1
-6821 -1
-16074 -1
625 -1
15081 1
-1410 1
14108 1
138 -1
-11930 -1
-21316 -1
19312 -1
-6688 1
-17904 -1
-21573 1
-8891 1
-2821 1
-13790 1
19489 -1
30398 -1
-23138 -1
-17358 1
28790 -1
-1589 -1
24598 1
1269 -1
19420 -1
29758 1
17492 -1
-14555 1
16679 1
-16651 1
-21884 1
2852 -1
10971 1
-18378 1
-20536 -1
18596 1
-21232 1
28116 -1
30170 -1
-21410 1
-16071 1
28437 -1
-3317 -1
-25451 1
-2923 1
29627 -1
10297 -1
23322 1
-22027 1
-23329 1
-20371 1
-17318 1
-27831 -1
-26621 1
-26501 -1
-13612 -1
-17242 -1
14792 1
-29378 1
15229 1
-26871 -1
-16238 1
-2573 -1
491 1
-31016 -1
3894 1
9811 -1
21071 1
17875 -1
-20467 1
6405 -1
-13149 -1
-13613 1
-8044 -1
-20155 1
-12844 -1
-4084 1
-8712 1
14342 1
-8960 1
-15335 -1
10172 1
-29845 -1
25946 1
-7817 1
4665 1
7307 1
-30530 1
9239 1
26705 1
-17438 -1
-25554 -1
9927 -1
-17066 1
-5491 -1
-22790 1
12866 -1
32167 1
-7353 1
-28866 -1
-24419 1
-23698 1
8835 1
-31011 1
-17456 1
-2573 -1
12394 -1
-18443 -1
-13336 -1
8634 -1
7139 1
-26086 -1
19566 -1
-12072 -1
-13149 1
-7106 -1
2341 -1
19968 -1
-27039 1
12430 -1
-24013 -1
-22385 1
-7007 1
-25008 1
3789 -1
-18648 1
-19237 1
-25293 1
18146 -1
20403 -1
-28514 1
-28884 1
9432 1
9928 -1
11980 1
17484 -1
-15750 1
12432 -1
9979 1
-28383 -1
-19983 -1
-31465 -1
6473 1
-28710 -1
6742 1
-6140 -1
6630 1
-3509 1
13250 -1
30827 -1
-7481 1
14953 -1
-9267 -1
12990 1
32638 -1
6385 -1
14659 1
-25615 -1
-25245 1
26010 -1
27585 1
5620 1
-32327 1
-21343 -1
-8042 -1
21933 -1
-15959 -1
10288 1
14057 1
-26766 -1
-19302 -1
9345 1
14353 1
18862 1
-22959 1
534 -1
31833 -1
23760 1
23077 -1
-5645 -1
10647 -1
-657 -1
-27090 1
-25131 1
28416 -1
-31186 -1
7027 -1
-8555 -1
16992 -1
-14952 1
30544 1
-7108 -1
6549 -1
13570 -1
-19808 -1
19769 1
-23633 1
9306 -1
13724 1
-11302 -1
-2576 -1
23454 -1
23202 1
6857 1
20566 -1
-15904 1
27278 -1
-20495 1
3373 -1
19517 -1
-18965 1
-17312 -1
31198 -1
-29066 -1
-26082 -1
26924 -1
31214 -1
69 -1
-15925 1
-18167 -1
19035 1
-1530 -1
-2232 1
13218 -1
3352 -1
25971 1
1188 -1
-18235 1
-27845 -1
25061 -1
-23828 -1
19336 -1
21683 1
-1881 -1
13736 1
14223 1
-30998 -1
7256 1
-15710 -1
-616 1
11148 -1
-2265 -1
25516 1
-22855 -1
14286 1
-24175 -1
3041 -1
-1220 1
17588 1
28077 1
23228 -1
2412 -1
-30062 1
-5341 1
31309 -1
20365 1
18176 -1
13281 -1
28684 1
-24125 1
-26111 1
29033 1
-24887 1
30124 -1
-30857 -1
15702 -1
24944 -1
5290 -1
6282 1
-15468 1
10134 1
-13691 1
-31276 1
2366 1
17634 1
19930 -1
-31391 1
-30294 1
14917 1
-24138 1
4874 1
15780 -1
2049 1
-7332 1
-27600 1
-18729 -1
4998 1
1501 1
-3079 -1
-228 1
32655 1
-25367 1
-24885 -1
18939 1
-21116 -1
-3562 1
6988 1
9005 1
1777 1
32756 -1
-6376 1
2678 -1
25262 1
-31134 -1
-24519 -1
-6148 1
-12208 -1
19504 -1
23944 1
-31322 1
13193 1
4887 1
-27816 -1
16322 -1
252 1
26741 -1
22969 -1
-6391 1
32732 1
-24810 1
-25828 1
274 -1
-18214 -1
23200 -1
-31648 1
30389 -1
-9564 1
-27548 1
9907 1
-12918 -1
29475 1
31555 -1
26730 1
1678 -1
3103 -1
21290 -1
1812 -1
-21442 -1
2574 -1
13091 1
-32707 1
-16272 -1
-7715 -1
13444 1
-7494 1
-6045 1
9380 -1
2232 1
28513 1
3678 1
20167 1
24331 -1
7758 1
-15621 1
-32456 1
32178 1
-22137 1
5806 1
12878 -1
-23065 -1
-18550 -1
14538 1
5887 -1
15472 -1
31046 1
-17611 1
-9569 -1
14967 -1
-24267 -1
12048 1
-24051 -1
-5513 -1
1159 -1
-12050 1
-1163 -1
18406 -1
13468 1
-15567 1
30194 -1
-19781 -1
24832 1
18294 1
-29629 1
29338 -1
-18687 -1
-4436 -1
622 1
14627 -1
-5878 -1
23806 -1
-13771 1
-6328 1
-29262 1
-22464 -1
1917 -1
-11603 1
-16822 -1
-27973 -1
-5099 -1
-7133 1
6564 1
-28806 1
-22872 1
14907 -1
-4877 1
17911 -1
-21819 -1
-18072 -1
-1634 -1
31471 -1
-7134 1
14836 -1
-26318 1
-30296 1
17977 -1
493 1
-14766 1
11928 1
-21008 -1
11724 -1
-26193 -1
-4286 1
20554 1
23250 1
-23025 1
-1264 -1
32148 1
27588 -1
15344 1
15380 1
8502 -1
22452 1
11863 1
12989 -1
-20020 1
7185 -1
22155 1
5463 -1
-25256 -1
-7665 -1
10832 1
29078 1
24927 1
1693 -1
-15619 1
-24859 1
-433 -1
26461 -1
2323 1
6504 1
-4517 1
12421 -1
29121 1
-3333 1
1604 -1
18367 1
-31000 1
-2547 1
22077 1
18842 1
-26158 1
336 -1
31417 1
16979 -1
-22428 1
-25676 -1
-12928 1
-27106 -1
32314 1
16971 1
25421 1
12104 1
31775 -1
-5211 -1
13677 1
7959 1
9175 -1
25047 1
17822 -1
-28994 -1
5094 -1
-10844 1
-2341 -1
-18981 -1
-27261 -1
-16620 1
-16433 -1
-31447 1
3451 -1
1120 1
4719 1
-19630 -1
17063 1
-8466 -1
-12781 -1
-9235 1
-5163 -1
18379 1
8244 1
1672 -1
15698 1
-1514 1
-29087 -1
-20470 -1
-7045 -1
-10966 1
-11009 -1
-9019 1
24451 -1
-26277 -1
5495 -1
25075 -1
31455 1
-3596 -1
9354 1
14214 1
-1471 -1
12169 -1
19080 1
881 1
-6355 1
-26063 1
22307 1
11992 -1
22419 -1
-4978 1
-15434 1
-14668 1
-9916 1
-29651 -1
-21831 1
-2265 1
19212 -1
-11596 1
3097 1
18771 1
-27707 1
20639 1
30995 -1
-26337 -1
14397 1
-29084 1
22709 1
28618 -1
8887 -1
-17681 -1
29641 -1
27006 -1
31934 -1
28662 1
21953 1
25831 1
-24790 1
29657 1
-27984 -1
24048 1
-12073 1
-25734 1
29511 -1
-12886 1
-5639 1
-21243 1
13233 1
15278 -1
25246 -1
6538 1
5425 -1
22711 -1
-5626 -1
30031 -1
31386 -1
-29153 -1
-31295 -1
6356 -1
-23247 -1
17693 1
13348 1
-9218 1
-10973 -1
1254 1
3250 1
-11595 1
-30294 -1
-5775 1
28478 -1
18453 1
16879 -1
31694 1
22435 -1
-13416 1
5212 1
-13193 1
-11460 -1
9179 -1
16747 -1
7647 1
-17217 1
16315 -1
21343 1
12154 1
-1144 -1
-23677 1
-11919 -1
19 1
-30143 -1
-1638 1
19262 1
-69 -1
7135 1
21367 -1
8636 1
25238 -1
30419 1
9886 1
9405 -1
-962 1
4545 1
-20507 -1
26104 -1
-24138 -1
-25400 -1
-14127 1
-16643 -1
21820 1
31148 1
-30987 -1
10349 -1
25156 1
-12334 -1
-10487 -1
28956 -1
-29427 -1
-26479 1
7617 -1
-14313 -1
-334 1
32503 1
30824 -1
-15737 1
13210 1
-2720 1
-20489 -1
21598 -1
3941 -1
-89 -1
12041 -1
-15726 1
-3032 1
-23065 -1
19843 -1
-3682 -1
-3899 1
26656 1
-13556 -1
-32433 -1
-9160 1
20341 -1
14628 1
13998 -1
-28597 1
28828 -1
29271 1
-31968 -1
15483 1
12950 1
-9396 1
-23969 -1
6507 -1
28189 1
-16629 -1
10490 -1
-25971 1
29984 -1
27215 -1
25276 1
19501 -1
-29308 1
-11683 1
-226 1
-552 1
-7677 1
-21990 -1
-5158 1
-19578 -1
148 1
-2510 -1
14049 1
-8069 1
-17624 -1
7869 -1
-24103 1
24841 1
-20418 1
-19698 -1
26914 1
6506 -1
7588 1
12525 1
2734 -1
-8258 -1
8043 1
17954 1
26934 1
-4138 -1
-5141 1
-18146 1
4302 1
-3524 1
6772 -1
7557 -1
-5008 1
11788 1
30500 1
-21211 -1
-29755 1
-2015 -1
-19146 1
-9685 1
14089 1
-15563 1
13454 1
-14447 1
-13519 1
-1305 -1
7386 1
32224 1
-3163 1
2840 1
-9299 1
-22020 -1
-19977 1
8619 1
29464 1
-521 1
15783 -1
8725 1
25657 -1
24152 -1
18059 -1
-32003 1
18810 -1
-3526 1
32241 1
-19162 -1
17224 1
-507 -1
20378 1
26434 -1
-26875 -1
-3361 -1
12449 -1
25586 1
15694 -1
26833 -1
-29855 1
24253 1
-11035 1
24122 -1
8450 -1
1757 -1
1626 -1
31634 1
23210 1
-23934 -1
19803 -1
705 1
18885 -1
-32141 1
-9795 1
-32075 -1
4076 -1
30402 -1
-21700 -1
8574 -1
11389 1
-2027 1
9248 1
-29917 1
-27450 1
17531 1
-351 -1
-22475 1
-14626 -1
-29010 1
-16847 -1
-26235 -1
31631 -1
9421 -1
-20925 1
-23318 -1
17808 -1
-30224 -1
18289 1
23854 -1
1928 1
-18322 -1
-5742 -1
27234 -1
-5383 -1
30954 -1
-24298 1
17490 -1
7400 1
3033 -1
5515 1
-4038 -1
-28587 1
-2199 1
-32612 1
4377 1
12308 -1
11617 1
-15919 1
-12778 1
18948 1
13634 1
-26827 -1
-15365 1
19350 1
-16928 1
27639 -1
-30095 1
31869 1
-13834 -1
-12112 1
2672 1
20380 -1
1985 -1
14984 1
-28421 -1
2790 1
24196 1
22248 -1
-10246 1
16760 1
287 1
26888 -1
9140 1
31732 1
-25654 -1
-32460 -1
4167 1
-11039 -1
-25549 -1
-19873 -1
23446 -1
-16574 1
29723 1
7417 1
18440 -1
2733 1
21904 1
-22787 -1
17082 1
-11328 1
6180 1
-18863 1
26353 1
20957 -1
-31201 -1
-10721 1
23233 1
-31450 -1
27826 -1
6900 1
-28926 -1
-30099 1
20334 1
-12401 1
-15458 1
27087 -1
9759 -1
4112 -1
0 1
3412 1
-23959 -1
25071 1
10472 -1
24264 -1
-26165 1
3344 1
-15643 1
-715 -1
12787 1
31768 1
-27569 1
8017 -1
-25011 1
26182 -1
-10824 -1
-20804 1
11723 1
22705 -1
2991 1
-6233 1
21966 -1
31686 1
15314 -1
21810 1
-9116 -1
-20736 1
19688 -1
13749 1
19883 -1
-25832 -1
16859 1
-11179 1
-17559 1
12623 1
-503 -1
18844 -1
-14312 1
-11210 1
8662 -1
-8680 1
24098 -1
-15470 -1
11659 1
-1065 -1
-19474 -1
6349 1
-24589 -1
-13512 1
-26455 1
-16176 1
-29669 -1
-31454 1
-16430 -1
-3606 1
31003 -1
8269 -1
-24194 -1
13291 -1
-23645 -1
16413 -1
20019 1
29452 1
-2928 -1
32539 -1
-30373 1
30203 1
-25308 -1
2735 1
-2443 -1
-12254 1
20690 -1
31230 -1
-5365 1
-1342 -1
-22880 -1
27968 -1
1176 1
14588 1
26584 -1
-1890 -1
-7772 -1
22934 1
-6525 -1
-7647 1
-17963 -1
-10908 -1
-28015 -1
-15067 -1
-5367 1
-18028 1
-1497 -1
-19840 -1
3852 -1
-29749 -1
26200 -1
-9373 -1
1432 -1
28202 -1
23469 -1
3964 -1
28536 1
5124 1
30886 1
-16643 1
-17732 -1
17854 1
-21577 -1
20749 -1
11420 1
-25228 -1
30018 1
-30730 -1
-32436 -1
-10268 1
-5774 1
-24789 1
-30237 1
28176 -1
-12649 -1
11476 -1
4053 1
31162 -1
30836 1
1622 1
-27537 -1
-26137 -1
-12330 1
23848 1
14153 -1
23571 1
4228 1
-10617 1
29189 -1
5876 -1
-7146 -1
-20719 -1
-4582 1
-28967 1
5981 1
2569 1
22903 -1
-30003 1
-4066 -1
22967 1
-26677 -1
12024 1
6449 1
1847 -1
-21083 -1
14634 -1
12702 -1
-8754 -1
-19442 -1
-17165 -1
30535 -1
-30486 1
13081 1
2673 -1
6782 -1
-3509 -1
1425 1
-1520 1
-14712 1
3614 -1
-3467 -1
-15207 1
4407 1
-10171 1
-20917 1
32433 1
12212 -1
22188 -1
5249 1
5290 1
-4945 1
-9058 -1
-28344 -1
-30307 -1
25469 -1
-14462 -1
20799 1
-12450 -1
11944 1
-27370 -1
-31272 -1
-7069 -1
-22889 1
4153 -1
10491 1
26358 1
10989 1
-16188 1
-7749 -1
-13816 1
8866 -1
-22244 1
12898 -1
18451 1
-804 -1
26463 -1
-3975 1
-27029 1
-15975 1
-22893 -1
-23314 1
-10410 1
-12069 -1
28674 1
23061 -1
2710 1
19338 -1
-33 1
-23839 -1
-15664 1
15646 -1
-31479 1
-32589 -1
-161 -1
-2546 -1
9782 -1
1168 1
17758 1
-15118 -1
-7860 -1
25408 -1
-14947 1
-11289 1
-323 -1
-17633 -1
18353 1
-28745 -1
21970 1
2613 1
-12553 -1
-30861 1
6340 -1
7810 -1
23785 -1
-26360 1
32400 -1
9763 1
-31687 1
15217 -1
-19865 -1
21588 1
2956 1
17816 1
-27215 1
29753 1
-29523 1
2043 -1
29062 1
28976 -1
13155 1
30841 -1
32021 1
27225 -1
-25961 -1
18933 1
-28338 -1
-7522 1
-2297 1
11071 1
-23821 -1
-13462 -1
22599 1
10046 -1
-32554 -1
17448 1
-8481 1
4706 -1
12803 1
700 -1
-24112 1
12617 1
-29789 1
-2358 1
3183 1
-1199 -1
29930 1
9670 -1
-30955 1
26267 1
-3744 1
-3635 -1
-699 1
-25798 1
20312 -1
32103 -1
-3394 1
-1103 -1
-25770 -1
2107 1
-7844 1
23196 1
2823 -1
-13700 1
26245 1
10131 -1
23319 1
9565 1
-10505 1
-23802 1
-4436 -1
-21430 1
-18951 1
16170 1
-11238 1
-16925 -1
-29839 -1
2810 -1
31425 1
5323 1
6815 1
19690 1
-32253 1
28401 1
-18720 1
-21902 -1
-11893 1
-6723 -1
3110 1
30525 -1
3234 -1
17861 1
-24424 -1
-30971 -1
4537 1
-26581 -1
-26365 1
27299 -1
24322 -1
-3961 -1
-27736 1
18008 -1
-18298 1
12522 1
-23430 -1
2860 -1
4012 -1
14688 -1
-15526 1
-15633 1
32716 -1
-30239 -1
26024 1
30208 1
9237 1
6849 -1
24649 -1
29800 1
22371 -1
-29381 1
16461 1
-21209 1
-29715 1
-2648 -1
-26111 -1
-21745 1
-18202 1
-23138 -1
26854 -1
30086 -1
-8548 1
17364 1
9928 1
-8724 1
9070 -1
26160 1
-13028 -1
20328 1
-7974 1
-7512 -1
8554 1
21389 1
-11266 -1
12955 -1
-27454 -1
12534 1
18783 -1
3324 1
-26094 1
16109 -1
11035 1
-27845 -1
-3056 -1
23355 1
3189 1
-32332 -1
-4383 -1
4376 1
9507 -1
-20483 -1
32632 1
24916 -1
-7348 1
-30662 1
22544 -1
6086 -1
-6184 -1
29536 1
29785 -1
23029 -1
15821 -1
-4189 1
9109 -1
-23301 -1
-19292 1
26391 -1
16537 1
24803 -1
-6739 1
-13563 -1
15303 -1
1716 -1
-11924 1
8731 -1
21829 1
-26746 -1
-11071 -1
-15864 -1
-898 1
9223 -1
18891 -1
16272 -1
-16874 -1
23334 1
12139 -1
-21670 -1
-17384 -1
-8967 1
-15519 1
-3153 1
18460 -1
3308 1
13080 1
-10439 1
2014 1
13329 1
-19921 1
25707 -1
-32498 1
31968 -1
-10090 -1
30227 1
-1931 1
29013 1
2759 -1
-24734 1
-1669 1
26286 -1
-2537 -1
22966 1
9183 1
-22614 -1
-30476 1
21473 -1
-19318 -1
9235 1
-7168 -1
-30669 -1
-29192 1
-4975 -1
19404 -1
-6364 -1
-23143 1
-24163 1
10880 -1
28910 -1
-22268 1
4938 1
18266 -1
-12142 1
17279 1
4100 1
25884 1
10143 1
-13044 1
-30824 1
3244 1
-10791 1
3561 1
21999 -1
-17900 1
21980 1
-7405 -1
-19614 1
4827 1
27597 1
-15187 -1
4404 -1
-2284 -1
29331 -1
11816 -1
3220 1
-9382 -1
-13530 1
23409 -1
-22644 -1
13180 1
-26410 1
23977 1
-327 -1
28654 1
-249 -1
12154 1
14695 -1
11232 1
5366 1
-27578 -1
-27014 1
9530 1
-13454 -1
23975 1
-19030 1
24768 1
10947 1
23910 1
-29558 -1
10034 1
-6701 -1
-13497 1
2976 1
167 -1
-19024 1
2048 -1
-1552 1
-18982 1
12320 1
-32626 1
-6455 -1
-16773 1
-32210 -1
-11420 -1
-23200 -1
9094 -1
-17893 1
-26649 -1
11297 1
-14383 1
32111 1
9107 1
-26182 -1
26985 -1
27051 -1
-27641 -1
-27642 -1
16348 1
17602 1
-6145 -1
-4983 -1
-25097 1
9690 -1
-24288 -1
4207 -1
29096 1
-30812 -1
-21320 1
19322 1
25411 1
-3721 1
32418 -1
21186 -1
11283 -1
-6975 1
6285 1
20461 1
-25114 -1
-7944 1
-5782 -1
12107 -1
-10881 1
-5219 -1
-4152 1
-25664 1
4659 -1
26454 1
13078 1
30451 1
-11449 1
1075 -1
17270 -1
-18231 1
5463 -1
2473 -1
25857 -1
-12473 -1
-11880 1
-27151 -1
-10168 -1
31851 1
-15094 1
-2028 1
5434 -1
19247 -1
-11933 1
-6601 -1
14900 1
26055 -1
-20385 1
24890 1
-26664 -1
-7676 -1
1869 -1
298 1
-11105 1
-11533 1
-31885 -1
32614 -1
-12597 1
15194 1
-21710 -1
15724 1
6781 -1
-32080 1
-14101 -1
-29813 -1
30290 -1
-4503 1
-27998 1
192 1
24841 1
-3194 1
-16439 -1
-2080 1
-880 1
-23702 1
26780 -1
18376 -1
28233 1
-29893 1
13332 -1
5461 1
3590 -1
-26444 1
14091 -1
24348 -1
-12998 -1
-24132 1
10610 1
-14261 -1
26768 1
-7494 -1
-18836 1
14535 -1
7118 -1
-30810 -1
-24891 -1
18709 -1
-17932 -1
-27680 1
18691 1
-4552 1
7921 1
17215 -1
1533 -1
12030 -1
3453 -1
29965 1
23943 -1
26516 -1
-21892 -1
-10624 -1
-31594 1
-30767 -1
15722 1
-3668 1
1588 1
15760 -1
10272 1
-27005 -1
15831 1
18969 -1
24414 -1
-5327 -1
-131 -1
-12954 -1
2593 -1
-20203 1
-20928 -1
-7776 1
2919 1
3436 1
16334 1
26239 1
-17706 -1
-15442 -1
-17217 -1
-20574 1
-31641 -1
-5806 -1
29911 1
-12164 -1
-21661 -1
1167 -1
-13724 -1
-31393 1
-12171 -1
10795 1
-9536 1
-8160 1
-20773 1
5201 1
-695 1
9323 -1
-8151 1
-11790 -1
-21266 1
-23357 1
27695 -1
-27549 -1
-27292 1
16175 -1
412 1
22164 1
-13368 1
15421 -1
-31594 1
-26444 1
-21242 -1
-29720 -1
6653 -1
-22416 1
-31235 1
-18929 -1
5196 -1
23178 -1
-5793 -1
-16771 -1
-8609 1
-26089 -1
-10406 -1
32098 -1
14223 -1
30807 1
25864 1
26754 1
14387 -1
-2329 -1
-32441 -1
-22282 -1
3246 -1
3335 1
12744 1
10842 1
26593 1
-15535 -1
-27833 1
17497 -1
-11627 1
1988 1
13344 -1
22020 -1
14559 1
25036 -1
7300 1
21811 -1
330 1
21513 -1
-30322 1
-9645 1
-21732 1
-167 -1
-2271 -1
-16751 -1
-10516 1
807 -1
30146 1
-27704 1
-15018 -1
-23051 -1
9458 1
15960 -1
-31319 1
17858 1
20796 1
4793 1
368 1
18645 -1
5064 -1
-9261 -1
2787 -1
-13650 1
2477 -1
-26105 -1
-11385 -1
-29561 1
-28625 1
-25506 -1
-19533 -1
