10000 1000
22580 1
-23726 1
-19132 -1
26207 -1
-2614 -1
32726 1
-22146 -1
19639 -1
15328 -1
-4793 -1
24588 -1
-27031 -1
-16570 1
4868 -1
17689 -1
-19523 1
10072 1
13112 1
7283 -1
5896 1
4005 -1
-20643 -1
5209 1
6610 -1
-11374 -1
22936 -1
31274 -1
-4876 1
15410 -1
8177 1
22358 -1
12988 -1
1319 1
-21447 -1
-20354 1
-15326 -1
-8335 1
8815 1
11257 -1
24575 -1
8508 1
13751 -1
-16474 1
12573 1
24929 1
-3937 1
5247 -1
-17854 -1
923 1
-31967 1
-32683 1
27471 1
29503 -1
-8016 1
8440 -1
-702 1
28645 -1
-17339 1
-24830 -1
25434 -1
-28724 1
-1930 -1
26823 1
-24553 -1
-26607 -1
1353 -1
-14835 1
18954 -1
15679 -1
-1439 1
-21542 -1
-4045 -1
-31043 -1
28812 -1
5050 1
20368 1
-32725 -1
-31460 -1
13729 1
32284 1
23197 1
19467 -1
-11419 1
31488 -1
25435 -1
6130 1
13209 1
-12076 1
-22897 -1
-26961 1
-18800 1
4560 1
-11951 1
-6181 1
449 1
12150 -1
-5986 1
-10348 1
22311 1
3934 -1
10654 1
-3359 -1
27298 1
-4889 -1
-6091 1
2928 -1
23619 -1
11368 -1
-21101 1
-14917 1
-10520 1
1366 -1
-7480 -1
23028 1
14938 1
30355 -1
25427 -1
-63 1
-4564 -1
26643 1
-22251 -1
21650 -1
-16278 1
-30695 -1
-10235 -1
22650 1
3291 1
-859 -1
-24153 -1
30825 -1
2103 1
-28240 -1
-8964 -1
-24744 1
24324 -1
-17626 -1
-1196 -1
-21148 -1
-12301 1
-4893 -1
-898 1
-30268 1
-17275 -1
-3939 -1
28738 1
25554 1
21504 1
-29314 1
27261 -1
25073 1
21826 -1
6764 1
-2602 -1
-5046 -1
-25482 1
-21271 1
-111 1
4930 -1
-18605 -1
-24975 1
15276 1
-13430 -1
-16954 1
-11608 -1
23241 1
-27632 1
-29924 -1
9225 -1
-31680 -1
-5702 1
14641 -1
-13093 1
12652 -1
7042 -1
11619 1
29756 1
11412 1
-10973 1
-14502 -1
26434 1
-25650 -1
-2750 -1
-27515 1
22319 1
18696 1
14581 -1
-26979 -1
17623 -1
20581 1
22323 -1
-18384 -1
-29707 1
-25139 1
-8141 -1
3656 -1
-30447 -1
30276 -1
-24241 1
17370 -1
-21405 -1
-27869 -1
10920 -1
-13765 1
8187 -1
-28291 1
23245 1
-25446 1
12249 -1
-24325 1
29773 1
15203 -1
12622 -1
-12234 -1
3168 -1
-5653 1
-21331 1
7515 -1
-23175 -1
-6458 -1
-21152 -1
-9267 -1
-30470 -1
28890 1
-2246 1
-14533 1
-420 1
2425 1
22925 -1
3790 1
11426 -1
-14207 1
-6799 -1
31709 -1
26616 1
30692 1
20757 1
16671 1
-10454 1
13854 1
25137 1
18543 1
2394 -1
-17231 1
-4380 1
-8348 -1
15502 -1
27306 -1
26577 1
17661 -1
-4772 1
-20262 1
-26089 1
-31794 1
2420 -1
32358 -1
4537 -1
-23100 1
-9525 -1
-25830 1
-18345 1
-12735 -1
-3450 1
3946 1
25559 -1
-150 1
10864 1
-26019 -1
8684 1
9111 1
15958 -1
-18979 1
20284 1
23976 1
-14140 -1
-19330 -1
-11044 -1
32258 -1
-13567 1
21201 1
4512 1
12739 1
32644 -1
-31551 1
-19499 -1
-19642 1
-26931 1
-32521 1
9435 -1
5486 1
-22967 -1
26022 1
6076 1
-24687 1
-31987 1
-24371 -1
15980 -1
-1761 1
21063 -1
31004 -1
20983 1
-1093 1
-6148 1
6155 1
24308 -1
18313 -1
-20267 -1
25365 1
2015 1
-850 1
-21357 -1
-3107 1
-29113 1
-2440 -1
17247 -1
-8605 -1
-14045 1
32291 -1
13565 -1
-21853 -1
31781 1
27956 -1
29281 -1
-25810 -1
1085 -1
4150 -1
15044 -1
3699 -1
23878 -1
-20117 1
17333 1
16486 -1
1198 1
-17791 1
-30359 -1
-27760 1
7502 -1
-25322 1
-9824 -1
-11552 1
5061 -1
-24549 -1
14735 -1
-10294 1
-19731 -1
-9763 -1
1134 -1
-23129 -1
-15224 1
-27844 1
20361 -1
14329 -1
-30095 1
6246 -1
18029 -1
20353 1
-11173 -1
-10859 -1
19109 1
-22721 -1
-5982 1
-19340 -1
-26353 -1
-23961 1
-16779 1
-15774 -1
24265 -1
-26602 1
14917 1
16547 1
-5649 -1
24761 -1
-8013 1
-14099 -1
19741 1
-3236 -1
-3239 -1
-5483 1
27879 -1
-20874 1
21364 -1
26871 1
-24462 -1
12661 1
-4880 -1
-475 1
-12562 1
-9931 1
4204 1
3176 -1
-29774 1
19893 -1
-26540 1
-9628 -1
-10293 -1
1742 1
29700 1
14073 1
6481 1
-32527 1
2510 1
9611 -1
-31608 -1
-18682 -1
-24304 -1
8244 1
14287 -1
-29445 1
15725 1
6458 -1
11012 1
18248 -1
-23624 -1
14098 -1
-20422 1
-8298 -1
-31392 -1
18541 1
-4488 1
32712 1
6409 1
1923 1
-17271 1
20711 -1
-27943 -1
-14494 -1
-30648 -1
-1564 -1
-27537 1
28650 1
13030 -1
-31353 1
-996 1
-2683 -1
14283 1
17658 -1
27429 1
-9887 1
-26461 1
26864 1
4188 1
10086 1
-28923 1
4012 -1
-5997 -1
3950 1
-20200 1
14191 1
30264 1
16114 1
-19207 -1
-913 1
-4084 -1
24853 1
2008 -1
-6640 1
27336 -1
5226 1
18866 -1
-14748 1
23467 -1
-6855 -1
31810 -1
30399 1
17533 1
7244 1
12356 1
18385 -1
16485 1
18862 1
3455 1
-20477 1
23148 -1
27079 1
-29958 -1
-4813 -1
-10842 -1
-7778 -1
-20396 1
-32029 -1
29648 -1
27715 -1
-17607 -1
-28477 1
9126 1
-21109 -1
21801 -1
-13415 -1
18311 1
31960 -1
-5724 1
4964 -1
23497 1
24042 1
2588 -1
25722 1
2961 -1
-15316 1
19993 1
-22680 -1
16167 1
31927 -1
-8173 -1
24004 -1
-5270 -1
15927 1
-29019 1
-19651 -1
-7816 1
1096 -1
2250 1
19466 -1
-1375 1
-2872 -1
-27136 1
5093 1
-26263 -1
2301 1
-802 -1
32741 1
3675 1
-27072 1
23020 1
6542 1
-26469 -1
21417 -1
-13612 1
-2113 -1
-15641 -1
-32235 -1
32388 -1
4710 1
-11236 1
10003 1
22624 1
-7134 -1
-23506 1
-13965 1
-9268 1
19879 -1
-24942 -1
21878 -1
29946 -1
-21200 1
24798 -1
2729 1
-10731 -1
-22175 -1
-20286 -1
-9731 1
-11644 -1
12289 -1
-28220 -1
-1785 -1
-5275 1
26161 -1
-24052 -1
-2652 -1
-6698 -1
-31404 1
24845 -1
11115 1
12988 -1
9300 -1
12052 -1
-9241 -1
13454 1
26594 1
-28951 -1
-6304 1
-20424 1
14736 1
17541 1
6726 -1
-21236 -1
5126 1
24645 1
3437 1
-30654 -1
-12421 1
-14356 -1
-16096 -1
13293 1
-19539 -1
-14883 1
-13404 -1
19105 1
-10086 -1
752 1
1117 -1
6606 -1
10323 1
-9060 -1
-16682 1
-24568 1
-20856 1
-21806 -1
17187 -1
-30256 -1
-29544 -1
14686 -1
-24137 -1
14927 -1
-18582 -1
-32069 -1
-20238 1
9584 -1
26181 1
395 -1
-27229 1
19122 -1
11951 -1
-24464 -1
23788 1
14895 1
-12403 1
-26888 -1
-1473 -1
1079 -1
-8004 -1
-32209 1
14338 -1
-22736 1
-20943 -1
-21527 -1
-28673 1
-32626 -1
-28908 -1
-3755 1
18311 -1
-8959 1
-17416 -1
15775 1
13664 -1
11776 -1
18130 -1
9509 1
25638 1
-13094 1
29732 -1
-26280 1
11346 1
-7680 -1
29235 1
26667 -1
32127 1
-10232 1
3066 1
5602 -1
17152 -1
19859 1
-9187 1
-23055 -1
4005 1
16361 -1
2999 -1
-26398 1
7369 1
3681 -1
28104 1
12290 1
26782 -1
-1201 -1
-13147 -1
-10961 -1
-32701 1
30997 1
-5211 -1
14749 -1
-15848 1
1743 1
15419 -1
-21910 -1
4641 1
-28894 1
-12331 -1
-22621 -1
4593 -1
10498 -1
-25215 -1
32682 1
26609 1
-14062 1
-8028 -1
1824 -1
-27036 1
31695 -1
16035 -1
-29807 1
-24663 1
-3581 1
18210 -1
29100 -1
20928 1
-10496 -1
-28409 -1
20972 1
-21303 1
28101 1
9545 1
7207 1
-13482 -1
28449 1
-4387 1
14410 1
3749 -1
18054 -1
-12719 -1
6813 -1
-32665 1
11523 1
2971 1
-2391 -1
9323 -1
-21633 1
-4038 -1
22655 -1
-6208 1
-32059 -1
10028 1
14341 1
1926 -1
894 1
4116 -1
-28704 1
-8773 1
24994 1
30840 -1
10217 -1
-31143 1
25160 1
-436 -1
4664 -1
-5318 1
-32469 1
-6515 1
-7358 1
-18613 1
9774 -1
-21461 1
32100 1
-8144 1
-26549 1
-13028 1
14818 -1
-23623 1
-16003 -1
-1849 -1
-1442 -1
25064 -1
-30950 1
21993 -1
4566 1
4908 1
-30748 1
-28597 -1
11223 -1
-28037 -1
17489 -1
9586 -1
17856 1
28902 -1
-12503 1
17845 -1
17739 -1
7826 -1
-3236 -1
20419 -1
-13546 -1
6952 -1
6928 -1
-1975 1
13097 1
16366 -1
-20687 -1
22516 -1
15426 1
10077 1
-4395 1
-11213 1
10754 1
-238 -1
-26502 -1
-12147 1
1499 -1
-14371 1
-30992 1
-8478 -1
-2376 -1
-15063 1
-10948 -1
-8062 -1
26728 1
27338 -1
-14248 1
-8547 -1
-17110 1
-1639 1
-13124 -1
683 1
22214 -1
5335 1
13411 -1
21100 1
21093 -1
-8523 1
-9224 1
-20067 -1
24433 -1
20869 1
-27827 -1
-14235 -1
-17686 -1
9128 -1
-1493 -1
27744 -1
-15371 -1
24385 1
6032 -1
-29542 -1
20716 -1
-1429 -1
12979 -1
-25653 -1
-28890 -1
19755 1
22772 1
22743 -1
31825 1
-29852 -1
20847 -1
-21700 1
-31817 1
-30874 1
1374 1
19725 -1
21903 -1
-31039 1
-24858 1
15815 1
5732 1
23191 1
30034 -1
-30906 1
14934 1
27759 1
21641 1
6474 1
-94 1
9567 1
-26837 1
-18853 -1
12091 -1
-15637 1
-15830 1
17709 -1
25613 1
-12771 1
-31475 1
-17448 -1
18229 -1
-1419 1
2523 1
-15525 -1
-17259 1
15689 -1
-9531 1
9393 -1
-6944 1
28961 -1
-19388 1
-8634 -1
30741 1
-30314 -1
21312 -1
-20803 -1
20796 -1
29083 1
6236 -1
5832 -1
-17102 1
-23380 1
-1560 1
-6899 1
13484 -1
-17584 -1
29157 1
-26624 1
-27386 -1
26312 -1
2014 -1
20334 -1
23802 -1
-18826 -1
-17218 -1
1255 -1
28197 -1
-3516 -1
12081 1
6768 1
25999 1
-9803 -1
-27558 1
-18899 -1
16252 -1
-3288 -1
-12981 1
14156 -1
13630 1
-15748 1
-23045 -1
6515 1
5969 -1
1530 -1
-3215 1
-29289 -1
21944 -1
29629 -1
14488 1
17990 -1
-21145 -1
28084 -1
-28139 -1
31425 1
23319 1
17650 -1
-10331 -1
-19488 1
-25199 -1
18634 1
-17016 1
866 -1
23381 -1
10771 -1
3216 1
-22955 1
19344 1
-14775 -1
-17385 -1
13551 1
30164 -1
20097 -1
26172 -1
-10722 -1
13791 1
-24103 1
-7539 1
-28446 -1
-27350 -1
5526 -1
16295 1
11670 1
3041 1
31869 1
-8020 -1
-23098 1
17156 1
28699 -1
10206 1
1258 -1
-10816 -1
332 -1
-584 -1
-18592 1
1770 -1
-466 1
-15922 1
-18649 1
8010 1
-19680 1
-15124 -1
26692 1
1655 -1
5868 -1
-19896 1
-9389 1
31345 -1
-20660 -1
24061 -1
17451 -1
12415 1
-27025 -1
30922 -1
16264 -1
-11211 1
-31995 1
4687 1
-5616 -1
-31291 -1
-14173 1
29827 -1
30173 -1
29585 -1
32282 -1
-5593 1
-26433 -1
22213 1
9951 -1
21572 1
25333 -1
24993 -1
-18987 1
20590 -1
-865 1
-16030 -1
32027 -1
25907 -1
14957 -1
-25854 -1
32377 -1
-30564 -1
14503 1
-18219 1
-8967 -1
6585 -1
29108 -1
-27470 1
-3336 -1
-16662 1
27131 1
18993 1
31504 1
-1282 -1
14735 1
4185 1
14860 1
10339 1
-28766 1
7519 -1
1684 -1
-26239 -1
18327 1
23950 -1
26991 1
16431 -1
19552 1
-22979 -1
23399 -1
17764 -1
28600 -1
-6528 1
-15438 -1
5855 1
10154 -1
13137 1
-26960 -1
7212 -1
3507 1
10082 -1
-32379 -1
10720 -1
9844 1
24673 -1
3979 1
-5139 -1
16026 1
30353 1
25594 1
26911 1
2317 1
-4399 1
-583 1
20633 -1
-27224 -1
521 -1
-5766 1
-19087 1
7513 -1
30555 1
-40 1
-19203 -1
-7465 -1
24556 -1
-4875 -1
-28072 -1
-76 -1
23913 1
22468 1
15835 1
12572 1
-24833 -1
-22315 1
-20196 -1
-12146 -1
-20033 -1
-15655 1
8302 -1
18326 -1
16432 1
-24251 -1
2883 1
27240 1
19630 1
28497 1
12875 -1
-4815 1
25097 -1
28998 -1
-13254 1
-25698 -1
6880 1
11701 -1
-5833 1
-28501 1
-9276 1
-16263 -1
-12534 -1
-17830 -1
4588 -1
-32186 1
-127 1
19847 1
15649 -1
-20721 1
-13916 1
-32013 -1
-2377 -1
-16444 1
27851 -1
-27417 -1
11055 1
-16681 1
17928 -1
24967 1
-20051 1
-5898 1
-28494 -1
-23701 1
13447 1
-19848 1
-17421 -1
9109 1
11210 -1
6760 1
-3436 1
26326 1
-30312 1
12955 1
6657 -1
-3791 -1
-338 -1
-24204 -1
10702 1
-10380 1
1210 -1
22949 1
27263 -1
-7006 -1
27378 1
-18722 1
32738 -1
5053 -1
6534 -1
-22042 -1
21671 -1
-20352 1
-30871 -1
-14026 -1
-12120 -1
-14145 -1
21626 1
-13092 1
18330 1
28937 -1
-30097 -1
28823 1
-22437 1
22595 -1
-2664 -1
-4383 1
26113 1
1759 -1
16402 1
29072 1
-17282 1
23492 1
9413 -1
-4895 -1
-31109 1
-10875 -1
12468 -1
-31793 -1
-9323 -1
-26 1
-4396 -1
7271 1
-30294 1
10605 1
-4594 1
-32745 -1
-24099 -1
26219 1
-16603 1
24049 -1
3751 1
-30423 1
-10155 1
-20123 -1
25132 -1
27700 1
-14387 1
-13291 -1
22062 1
-27887 1
-18085 -1
8735 1
6993 -1
-21703 -1
11834 -1
21302 1
30118 1
-24191 -1
-31750 1
29120 -1
-26911 1
-17094 1
-15386 -1
-18152 1
-28239 -1
30822 -1
-17627 -1
6078 -1
11109 -1
-427 -1
7329 1
-15817 -1
-28010 -1
29462 1
21907 -1
18124 1
23994 1
8002 1
-31681 -1
10199 -1
-12224 -1
-5141 1
29058 1
20369 -1
-17141 -1
-21803 -1
-22032 -1
-9156 -1
-29978 -1
-32639 -1
21089 1
-13864 1
8372 1
16987 -1
-26695 -1
-15476 1
968 -1
-22913 -1
-8138 -1
-6050 1
2776 1
29850 1
-11973 1
-30338 1
-15389 -1
-14302 -1
30399 1
24449 1
-16133 1
16900 1
-29963 -1
-11706 -1
15343 1
25452 -1
290 1
19773 1
-4133 -1
29322 -1
30015 -1
-17055 1
-4633 -1
-27029 1
7484 1
-18882 -1
-25060 1
14704 1
1964 1
-6116 1
-507 -1
32216 1
5433 -1
-3309 1
-13363 -1
32463 1
-25150 -1
-24565 1
-22262 -1
11079 -1
26280 1
-4884 -1
16071 1
30994 1
26633 1
-14958 -1
18419 -1
-22025 1
6653 -1
-25213 -1
-7320 1
5755 -1
-2241 -1
8608 1
27355 -1
-3288 -1
10768 1
-8419 -1
1893 1
-13982 -1
12352 1
10257 1
14367 1
-10882 -1
31645 -1
-30967 -1
9005 -1
13282 -1
-17925 -1
1530 -1
-7727 -1
-18282 -1
25797 1
20443 1
-22966 -1
15621 1
15538 -1
-30409 1
9476 -1
31494 -1
17546 1
19111 -1
-17928 -1
-32407 -1
12683 -1
-26270 1
8601 1
-28001 1
10836 -1
9190 1
-12273 1
-7291 1
7164 -1
28625 -1
-31083 1
14488 -1
-3441 1
-20760 1
-6016 1
-31596 1
-3346 -1
-10345 1
-30207 1
-6750 -1
5262 1
-30767 1
20620 -1
23156 1
-32511 -1
16292 -1
-10331 -1
-30074 -1
-27969 -1
13588 -1
-11820 -1
-15476 1
-13464 -1
-27507 -1
23689 1
-9030 -1
-13185 -1
-12066 -1
15934 -1
8610 1
-10456 -1
9724 -1
-7449 -1
-5425 1
-26923 1
32423 -1
5347 -1
4356 -1
3676 -1
-15129 1
18078 1
17980 -1
-32125 1
25192 -1
10239 -1
29175 1
24295 -1
-9686 -1
11054 1
31870 1
25756 1
17692 -1
-15036 1
-13740 1
-31454 1
-15861 -1
17892 -1
23201 1
-16143 1
4846 -1
22790 1
-20648 -1
-22731 1
13676 1
32352 -1
16741 1
-4419 -1
24317 1
-25358 -1
-1090 1
17628 1
26083 1
-31812 -1
-282 -1
2824 1
22750 1
10441 -1
-30759 1
-12387 1
-28217 1
2742 -1
-23337 1
-24336 1
4631 1
5488 -1
-9175 1
4437 1
8190 1
3043 1
21386 1
10869 1
5027 1
27392 -1
2087 1
-20941 -1
15607 1
-31864 -1
-21068 1
27698 -1
-17267 -1
-3513 -1
-14526 1
20361 1
-1183 1
1833 1
-5394 1
-3239 1
6632 1
24481 -1
-13723 1
-27498 1
4515 1
-10284 1
28819 1
-29976 1
-10076 -1
11264 1
5260 1
10486 -1
-1892 1
-24764 -1
25111 1
14124 1
-27033 1
8932 1
31414 -1
24024 -1
-3959 1
31385 -1
28927 1
17520 -1
29022 -1
-25756 1
26129 -1
-29020 -1
-10021 1
-23429 1
24636 -1
13779 -1
22496 -1
7487 1
18155 1
-11253 1
-15597 -1
-26822 1
-12244 1
-9001 1
-1092 -1
-12324 1
-26979 1
5817 -1
-7680 -1
-31401 -1
-28258 -1
2731 1
16680 1
29546 1
12013 1
27361 1
13250 -1
-24571 -1
-23189 1
-18548 -1
8729 1
-31599 1
6099 -1
-4428 -1
-4429 -1
29072 -1
21678 1
7683 1
-14620 -1
30299 -1
-7343 1
-12796 1
20719 -1
13758 -1
-8197 1
-18878 -1
-7208 1
6036 -1
22516 -1
-21397 1
16809 -1
-5089 -1
-29827 1
11883 -1
-15015 -1
4937 -1
32613 1
2787 -1
-25777 -1
-6102 -1
24615 1
-2742 1
-763 -1
-10731 1
-11674 -1
-14930 1
15087 1
-17794 -1
-30850 -1
-16560 -1
-22517 -1
17325 1
-31616 -1
24950 -1
25217 1
-31819 1
23613 -1
11597 -1
-22110 1
7177 1
-27096 -1
-31875 -1
-1081 -1
-27291 1
1168 1
4067 -1
27248 1
-32059 1
6837 -1
29652 1
4379 1
4451 1
26315 -1
432 -1
-13659 -1
-3014 1
-23296 -1
7014 -1
-20450 1
22419 -1
-26064 -1
-32082 -1
-17091 1
-8685 -1
-31733 1
-16987 -1
-14971 -1
11685 -1
-5012 -1
30286 -1
3646 1
-15161 1
31910 1
21114 -1
11142 1
-16657 -1
-17059 1
-140 -1
-22745 1
28664 1
885 1
-32684 -1
23514 1
16344 1
-26523 1
2008 1
-20114 -1
185 -1
10140 -1
1919 -1
-12287 -1
-11260 -1
19118 1
5984 1
-31709 -1
29139 -1
2727 1
-165 -1
21940 -1
-16131 -1
-2339 1
12602 -1
-4898 -1
-14045 -1
-16886 1
-14963 1
12649 -1
23930 -1
-26324 -1
13790 -1
-571 -1
-28214 1
4158 -1
11364 1
-7108 1
6766 1
-28591 -1
-23462 -1
-22520 -1
-11389 -1
28422 1
30102 1
28446 -1
19187 1
26934 1
-13907 1
31133 -1
-22551 1
26669 -1
27721 1
25861 -1
-10655 -1
5121 -1
-20105 -1
-10336 -1
5294 1
16224 1
15717 -1
-17338 1
2574 -1
15673 1
-18768 -1
22254 -1
16046 -1
-27559 1
-7156 -1
23474 1
-7262 1
8221 1
-8083 1
20197 -1
-30408 -1
-24791 -1
162 -1
-21783 1
-16561 -1
6015 1
-26018 -1
-9817 1
15729 -1
-10527 -1
31042 1
-19782 -1
-27312 -1
8006 -1
-8882 -1
-1361 -1
-7778 -1
-20093 -1
-2121 1
-17489 1
5381 -1
-9708 -1
-14426 1
-15177 -1
-27672 1
5192 1
-5203 1
23164 1
-17630 -1
11775 -1
23062 -1
-9393 -1
-2900 1
166 1
-26524 1
24002 -1
7535 -1
16290 1
5318 -1
-24682 1
20122 1
-13845 -1
16262 1
10063 1
-878 1
10763 1
-26158 1
-21837 1
-25011 -1
-7397 -1
27671 -1
18693 -1
20631 1
5380 1
-25718 -1
-1958 1
-17709 1
-23737 -1
32633 1
2810 -1
5928 1
25196 -1
30121 -1
-16051 -1
22999 -1
-9740 -1
3451 -1
14582 -1
30051 -1
24502 1
5943 1
-31272 1
-31816 -1
-19368 1
-31501 1
-16376 1
-30993 1
-18279 1
-13685 1
14252 1
-12376 1
11310 1
24006 1
-7088 1
4860 1
-4762 1
-4889 1
2139 1
23715 -1
-27539 -1
-27488 -1
-5123 1
6770 1
-6781 1
-16577 -1
-30276 -1
-5643 -1
-31903 1
-31032 1
-19084 -1
24775 -1
2515 -1
-9324 -1
-14827 -1
-31540 -1
-31343 -1
3024 -1
-6168 -1
21713 1
-7794 1
4349 -1
-16326 1
8200 -1
20978 -1
30287 -1
14888 1
-13932 -1
15045 -1
-28094 1
32193 1
2355 1
15213 1
-2558 1
20593 -1
-23030 1
-18249 1
-28120 -1
6332 -1
-14247 1
-1017 -1
-21962 -1
10845 1
31698 1
25618 -1
22493 1
23050 -1
-17431 -1
-9986 -1
-30151 -1
25736 -1
9190 1
-27205 -1
-23873 1
-29938 -1
2685 -1
-14280 1
29353 1
-22086 -1
-6431 1
-15773 -1
475 -1
-7216 -1
26006 1
6880 -1
-12619 1
20250 1
25834 -1
-28136 1
-4966 1
-26483 -1
-31330 -1
-4018 1
29226 -1
9278 1
26299 1
10377 1
-12548 -1
-2270 -1
-5031 -1
-2554 -1
24809 -1
-3616 -1
-30601 -1
-31223 1
-25271 -1
21130 -1
-3438 -1
-23369 -1
13261 -1
21986 1
7501 1
24378 -1
16616 -1
-3072 -1
20610 1
-11395 -1
-23360 -1
-21207 1
20104 1
-10099 -1
11234 1
6081 -1
-24054 -1
-18272 -1
-16720 1
-14346 -1
-17852 1
9554 -1
4950 1
-26815 1
-27294 -1
-12270 1
-6447 1
-12728 -1
-25840 1
-12448 1
19928 1
18404 1
-2707 1
3595 -1
16050 -1
21203 -1
-10543 -1
-30645 -1
-94 1
-27016 -1
-27825 -1
26350 1
-9684 -1
21120 -1
-11783 -1
-8449 -1
-5573 -1
21245 1
-9754 -1
9885 1
-23091 -1
6552 -1
-16652 1
15493 -1
17998 1
4101 1
3507 1
31094 -1
3728 -1
8232 -1
-1364 1
-1368 -1
12059 -1
-14424 -1
10148 1
30120 1
15441 1
6899 -1
9979 -1
-29477 -1
-31157 1
17698 1
-8410 1
-5305 1
21248 1
-30956 -1
-7839 -1
-7082 1
4999 -1
-13952 -1
23174 -1
-32000 -1
-30668 -1
-12479 1
1251 -1
-25657 1
30049 1
2312 1
-1437 1
6955 -1
-21765 -1
-24136 1
30190 1
-824 -1
-31480 1
-31552 -1
-20057 1
3000 1
-31138 -1
-12312 -1
-1259 -1
20898 1
-19044 -1
-8996 1
6069 1
-21629 -1
-18620 1
9461 1
16264 -1
-27782 -1
-19359 1
-21411 1
18162 -1
28194 1
-30994 1
-6488 -1
-16761 1
-9862 1
12298 -1
-21024 -1
7958 1
7587 -1
-9349 1
9455 -1
22516 1
-18775 1
-2537 -1
-23539 -1
-11370 1
7634 1
26524 -1
18459 -1
-13621 -1
-10053 -1
-29667 -1
31719 1
-16377 1
6353 1
-4351 1
26993 -1
-13306 1
-31918 1
-18565 1
-12219 1
-31510 -1
29082 1
-24830 -1
9019 -1
11014 1
8580 1
-27071 1
-23972 -1
-27349 -1
23929 1
-22793 -1
24822 1
-20640 -1
-2766 -1
6244 1
-6600 1
-13199 -1
-19854 -1
-6967 -1
-19668 1
11795 1
-7205 1
23468 1
15299 -1
19552 -1
-10317 1
22978 1
3385 -1
-9005 -1
-18745 -1
-30899 1
17443 1
19114 -1
-21248 1
-22151 -1
-21056 1
-31170 1
1868 1
-31224 -1
-4589 1
15762 1
-2882 -1
29321 1
-13109 1
-2345 -1
-3763 -1
-18145 1
26648 1
-6528 -1
4228 1
19820 1
23578 -1
-27067 -1
27738 -1
-19252 -1
17167 -1
13217 -1
7562 -1
-29948 1
2853 1
14425 -1
25407 1
11934 1
32306 1
-19815 1
-12781 1
-9382 -1
-24126 -1
-27109 1
-7669 1
-7214 -1
-18771 -1
-12293 1
-11160 1
5372 -1
28804 1
-11974 -1
12320 1
-6617 -1
-28219 -1
-22517 -1
-12365 1
23347 1
18375 1
26215 -1
26621 1
-28662 1
-26148 1
-12404 -1
-26399 -1
-22694 -1
4621 -1
8886 -1
28633 1
8384 -1
-16191 -1
24323 1
503 1
-14931 1
-13071 -1
15271 -1
-16279 1
28633 1
21038 -1
-7910 -1
5906 -1
2138 -1
8634 1
29361 -1
24109 1
-31172 -1
-18313 1
11431 1
19072 1
17796 1
-5553 1
-9806 -1
29477 -1
23400 1
27995 -1
-16785 1
18340 1
7864 -1
-1224 -1
-5501 1
-10270 1
-27025 1
23715 -1
7991 1
2744 -1
10885 1
28809 1
-13121 1
23114 -1
30832 1
28374 -1
-10989 1
31305 1
14493 -1
945 1
2593 1
-7152 1
-13081 1
-857 1
6476 1
20661 -1
12629 -1
32689 1
-12200 1
-1514 -1
770 1
-5386 -1
-10673 -1
-21938 -1
1321 1
-31279 1
18404 -1
-22822 1
-1929 -1
-8118 -1
29116 1
-26568 -1
-11316 1
27269 -1
6377 1
-28711 1
7532 -1
-21922 1
-14546 -1
21971 1
-13755 1
-1855 -1
-11854 -1
-131 1
-30288 1
9477 -1
-25501 1
2181 1
-26529 -1
29599 1
3244 -1
-11365 -1
-16445 1
-3466 -1
-28554 -1
-31712 1
28145 1
-15643 -1
-29988 1
25610 1
23839 1
-17872 1
32328 1
2238 1
-6746 1
10459 1
-14553 1
5958 1
-10820 -1
12523 1
-29006 -1
32330 1
13228 -1
20797 -1
-7280 -1
14078 1
22499 -1
-9187 1
5459 1
2950 1
21854 -1
4947 1
-19348 1
-1709 -1
-20625 1
31538 -1
24021 -1
30918 -1
-24329 1
19553 1
23670 1
15841 1
12491 1
-73 1
12437 1
-12594 1
29676 1
26466 1
-25415 -1
31165 1
-20081 1
7945 -1
-16663 1
-7238 1
-2665 1
14979 1
-5567 -1
32375 1
-20551 -1
-27468 1
-31780 -1
-18259 -1
2948 -1
-13476 -1
32407 1
-18650 -1
21877 -1
30300 -1
842 1
-24317 -1
617 1
-23260 1
16656 1
-28611 -1
11526 1
29816 1
14425 1
-30908 1
23525 1
5620 1
27757 1
-21926 -1
-7531 1
-12884 1
22758 -1
11358 1
-13801 -1
-20456 1
-24435 -1
-10760 -1
-15351 1
23192 -1
-10698 -1
-32129 -1
-16140 -1
-24940 1
-15341 1
-15108 1
-21602 1
2910 -1
-12962 1
5403 1
-9736 1
-20323 1
27180 -1
5833 -1
-24648 1
-15286 -1
-2382 -1
-19189 -1
6459 1
-22631 1
11393 1
32024 1
3753 1
-28964 1
-11636 -1
-32554 -1
22053 -1
21062 1
-17092 1
8392 1
23401 1
-17694 1
29692 -1
17322 1
-18670 -1
-22401 1
-7631 -1
-14660 1
-14031 -1
-14993 1
659 1
21947 -1
15327 -1
-17613 1
8961 1
25610 1
15624 -1
-25435 -1
-23339 1
-26484 -1
-5862 1
1684 -1
32701 1
-22060 1
32163 1
-21968 -1
30583 1
14658 -1
-12053 1
13939 1
3306 -1
-24016 -1
21269 1
29240 1
29810 1
869 -1
-9761 -1
-2236 1
17011 1
-13233 -1
-18997 -1
30797 1
-19927 -1
-12146 -1
-23014 -1
2547 -1
15046 -1
-7326 -1
-6591 -1
-27839 -1
10663 1
-25041 1
25567 1
11347 1
18008 1
-23288 1
10707 -1
-20146 1
-13225 -1
-21310 1
-10416 1
9544 -1
3869 -1
28727 1
-11124 1
-7484 -1
2275 -1
-31307 -1
30622 1
6901 1
19474 1
-11876 1
-16395 1
11498 -1
13092 1
1242 -1
14867 1
8621 -1
-1205 -1
6558 -1
-12516 1
-19770 1
-13436 -1
-8613 1
13086 -1
2428 -1
25737 -1
6551 1
13998 1
15904 1
8896 1
6583 1
20207 -1
-31645 1
7829 -1
31509 -1
20734 1
-30083 1
21257 -1
-14834 1
-605 1
26627 1
24804 1
-16756 -1
11722 1
-13503 -1
-5428 1
-3210 -1
-14945 1
17107 -1
-22533 1
-18464 1
8432 1
28195 1
32609 1
-25223 1
-23450 -1
4582 1
-17034 1
-13342 1
-11183 -1
-31347 -1
18806 1
-11589 1
-20937 -1
19018 1
5259 1
-13699 -1
-5162 1
-7781 -1
14491 1
10229 1
12117 1
32192 -1
11042 -1
6393 -1
3306 -1
-24613 -1
-6846 1
-20762 -1
23750 -1
22589 1
4078 -1
10559 1
-27739 -1
-11475 -1
21006 1
13327 -1
-22604 -1
28011 1
19602 1
24743 -1
29771 1
-19970 1
28802 -1
638 -1
-1335 1
22054 -1
20021 -1
-27287 -1
10609 1
-12090 -1
-25425 -1
-32233 -1
-2942 -1
-7682 1
22786 1
29963 1
15074 -1
-29557 -1
-11897 -1
12579 -1
-18235 1
194 1
2984 1
-21008 -1
-31132 -1
-23202 1
-14395 1
31190 1
-18475 1
30689 1
-29401 1
26953 -1
-24573 1
-30503 -1
-9372 1
25084 -1
24880 1
-6155 -1
-11469 -1
31084 -1
-10570 -1
13145 -1
16611 1
18792 1
18385 -1
-16034 -1
-7358 -1
10691 1
-31019 1
-9988 -1
-32543 -1
-24380 1
17335 1
-3899 1
11883 1
-27565 -1
4907 1
-15592 1
-416 -1
-27506 1
28208 1
-16673 -1
10647 -1
-11292 1
-8763 1
10296 -1
13947 1
-26710 1
-429 1
15567 1
-5513 -1
-21783 -1
-4142 1
10779 -1
-777 1
27657 -1
-14662 1
2424 -1
-11404 -1
-7992 1
-27964 -1
10029 -1
-32615 -1
25086 -1
16435 -1
2688 -1
-24431 1
13101 1
-26497 1
3325 1
-16885 -1
-5246 1
12626 -1
-3330 1
26884 1
-6969 -1
21117 1
-1934 -1
15065 1
-1573 1
-9894 1
-9547 1
-29091 -1
1202 -1
16020 -1
1753 1
8060 -1
7012 1
22740 1
-23643 -1
-17062 -1
-20866 1
-8334 1
-5191 1
-26121 -1
5119 -1
20134 1
-11625 -1
-2540 -1
-31144 1
2326 1
-30777 1
-20723 -1
21647 -1
7306 1
21342 -1
-11608 -1
15543 1
-27708 -1
12161 -1
2669 -1
0 1
13330 1
-26199 -1
-11858 1
9044 1
30965 -1
12520 1
-20466 1
24850 1
-17268 -1
18725 -1
-7491 1
20666 1
-152 1
-681 -1
11709 1
9177 1
-9481 -1
26318 -1
7450 1
9271 -1
28257 1
-8179 -1
19024 -1
24383 1
-24272 1
16395 1
-30412 -1
10926 1
-20208 -1
11881 1
-16879 1
28287 1
12778 1
18634 1
-15565 -1
-24597 1
-26569 1
-931 1
4644 1
6826 1
14877 1
5548 1
-32410 -1
-16631 -1
24275 1
-31404 -1
-5435 1
-5156 -1
-7507 1
22918 1
3122 -1
11249 -1
29147 -1
-6532 1
3525 1
-15397 1
-19227 -1
13026 1
18838 1
4919 -1
15888 1
1694 -1
16919 1
-15930 1
19493 1
-18814 1
4686 -1
32270 -1
6023 1
20065 -1
10187 -1
-31172 1
-8648 -1
15305 1
11493 -1
-23121 -1
-28855 1
-30888 1
-7995 1
15222 1
13693 -1
-23659 1
20074 -1
-7662 1
20987 1
-28228 -1
-16139 1
-18137 -1
22627 1
16315 1
-11759 -1
-14441 -1
-24853 1
-11895 1
-12190 -1
-12234 -1
-21180 1
-6473 1
10252 -1
21590 1
30888 -1
-21625 -1
5789 1
1017 1
-876 1
-26964 1
29275 -1
26848 1
20411 1
27893 1
-4726 -1
-17513 -1
-3967 1
31315 1
24315 1
-6983 1
-12602 1
7051 -1
17880 1
12020 -1
-8609 -1
-11886 1
12304 1
-28764 -1
-17270 -1
4173 1
29498 1
-22470 1
14758 1
7428 1
-31551 1
-19973 -1
-24483 -1
-19780 -1
10323 -1
-4831 -1
-3074 1
37 -1
7476 -1
-19645 -1
31063 1
15339 1
31138 -1
-11668 -1
-29008 -1
29207 1
15646 1
-22803 -1
5648 1
-4784 1
-19942 -1
30733 -1
-26061 1
-31443 -1
-24623 1
-9512 -1
21676 -1
2680 1
-14756 1
-7879 -1
-6364 1
-28039 -1
3359 -1
-27188 -1
1265 1
25626 1
27302 -1
-21521 -1
3202 -1
5651 -1
32680 1
31232 1
20229 1
15841 -1
-9080 -1
18832 1
-17641 -1
13967 -1
-27657 1
8298 1
-27380 1
-14605 -1
18155 1
31165 -1
-2015 -1
-21697 1
-21126 1
-21734 1
-26671 1
28496 1
-29589 1
16739 1
11349 1
22441 -1
-25316 1
-15354 -1
1289 1
-14419 1
12109 1
18724 1
31203 1
29944 -1
28655 -1
-30911 1
5690 -1
16177 -1
-8881 -1
16116 1
-6209 1
-28306 1
29430 -1
20069 1
-32351 -1
-26616 -1
25761 1
24474 -1
3789 1
8210 -1
-8011 1
-4525 1
-13686 -1
1325 -1
-21955 -1
-20532 1
-21514 -1
23620 -1
1478 1
-27247 1
-24676 1
23879 1
-3071 -1
18354 1
-27934 1
-6826 1
-18497 -1
25876 -1
-30833 -1
-49 -1
-19971 1
-2136 -1
7505 -1
29945 -1
-23836 -1
21531 1
-712 1
27850 1
-7871 -1
10558 1
9618 -1
-29852 -1
-25272 -1
-406 -1
22521 1
-1638 -1
-22759 1
12242 -1
-5107 -1
-12334 1
765 1
12459 1
31609 1
23117 -1
23158 -1
-31058 1
9002 -1
-14594 1
-26326 -1
-28438 -1
-799 1
13626 1
-16423 1
-29780 1
-10768 -1
22685 -1
14770 1
13988 1
-3752 -1
-2267 1
-12541 1
10817 1
-6948 1
-7736 -1
-15620 -1
-24248 1
-20274 1
-8533 -1
-14778 1
-6355 -1
5127 1
15424 1
27586 -1
24007 -1
-7873 -1
10942 -1
-14441 -1
-23453 1
32000 1
-13784 -1
11751 1
23261 -1
-10175 -1
-1699 1
-22486 1
9601 1
14455 1
-23636 1
-7154 -1
3864 1
-7286 -1
29059 1
-6930 1
2617 1
25212 -1
-7357 -1
21095 1
-30507 -1
32406 1
-30800 1
-30963 -1
6097 1
8255 1
7506 1
21835 1
21723 -1
-30388 1
-15858 -1
1936 1
16425 1
32663 -1
11011 -1
-938 -1
-130 -1
15303 1
-4294 1
14279 -1
4726 -1
26238 1
30454 -1
6931 1
2704 -1
2731 1
20505 -1
-8376 1
-17600 1
4753 -1
9221 1
19224 -1
11527 1
11680 1
-8624 1
23369 1
-3427 -1
-10386 -1
-9276 1
22737 1
3325 -1
-5065 -1
30529 1
-28067 1
19601 1
21480 -1
-26205 -1
21080 -1
-19484 1
30895 -1
25593 -1
18097 1
-1484 -1
-30236 1
-21341 -1
-21069 1
27171 1
-7102 1
16886 1
18854 1
10605 1
-26203 1
7142 -1
-21329 1
30309 -1
1989 1
10189 -1
26998 1
-11810 -1
16633 -1
21973 -1
5005 1
4423 1
-27257 1
11779 1
-21594 1
31338 1
18154 1
-27068 -1
-2090 -1
15812 1
31729 1
-1173 -1
-12110 1
-7705 1
-19785 -1
20575 1
24792 -1
746 1
-30248 1
-22642 1
24980 1
-23513 -1
15572 1
8249 1
6985 -1
23900 -1
7296 -1
-2302 1
-28721 1
677 1
-8555 1
-27383 1
9909 -1
-208 -1
21307 1
11664 -1
26989 1
5966 -1
18838 1
-27385 -1
-5974 -1
-27024 -1
18178 1
27378 -1
24661 -1
-19960 -1
-30206 -1
214 -1
-27116 -1
15868 -1
-9313 1
6373 -1
-30778 1
-21403 -1
6386 -1
214 -1
-22328 1
-4 -1
-24391 1
14236 -1
50 -1
26500 1
9697 -1
-20600 -1
14211 1
-3760 1
-2696 1
13631 1
7828 -1
-17620 1
28900 -1
21484 1
30230 1
-30618 1
-16221 -1
872 -1
-3198 1
-23550 -1
-7731 -1
11160 -1
5313 -1
6257 -1
-5344 -1
31911 -1
24913 1
23627 1
-8621 -1
16789 -1
16214 1
-4214 -1
-10130 -1
6656 1
28209 1
-3416 -1
-20051 1
10033 -1
28461 -1
-512 1
12504 1
-30825 1
10631 -1
30868 1
30155 -1
17004 1
-7841 -1
9210 -1
11895 -1
11855 1
-10881 -1
-25285 1
-6112 -1
19326 1
-3215 1
9057 1
-6686 -1
28944 -1
-13455 -1
5506 -1
8702 1
-6733 -1
4060 -1
21705 -1
-12506 -1
-2688 -1
-21222 1
-30904 1
-16056 -1
-17401 -1
31469 -1
-13783 -1
-19106 -1
7782 1
-1022 -1
-31783 -1
13636 1
2131 1
3886 -1
16070 1
16843 -1
-16382 -1
29974 1
-20708 1
-22779 -1
3935 -1
142 1
-997 1
27282 -1
-22391 1
-19885 -1
-29398 1
2268 1
30424 1
-2304 1
10005 1
6807 1
22388 -1
-2825 1
572 -1
-16137 1
-12202 -1
3066 -1
6478 -1
-16478 -1
17038 1
-27570 1
27940 -1
12358 1
11127 -1
-18935 -1
11288 1
-2767 -1
206 1
27381 1
-26867 -1
31615 -1
-23061 -1
-9207 -1
-29460 -1
-8373 -1
1333 -1
19555 -1
-15330 -1
-26945 1
-30476 1
28411 -1
-30067 1
26688 1
-17206 -1
-14162 -1
22140 1
15165 -1
-10010 1
22412 1
12155 -1
-24197 1
29752 1
25177 1
15651 -1
3018 1
26033 -1
-21811 1
-25608 -1
-32507 -1
-11543 1
20182 1
-16778 1
-15714 -1
-17014 1
-11776 1
15878 -1
15102 -1
-17314 1
5226 -1
3131 -1
31266 1
28354 -1
-2565 -1
16890 -1
334 -1
-1052 -1
-15481 -1
-30225 1
17229 1
6947 1
-5850 -1
-3960 -1
21903 1
-14014 1
11693 1
12733 -1
-4296 1
-9433 -1
15130 -1
-29356 -1
30664 -1
-30001 -1
10097 1
-17730 -1
156 -1
-4955 -1
-23010 -1
17876 -1
7142 -1
-20502 -1
19832 -1
-21371 1
5753 1
26066 -1
9815 -1
-8898 1
-12600 -1
-17536 -1
-17206 -1
-13714 1
-2864 -1
-12443 1
1822 -1
-25692 -1
-14835 -1
374 1
-22372 1
25736 -1
11319 1
2759 1
-2532 1
-30750 -1
12974 -1
32116 1
16255 1
12979 1
-19239 -1
19356 1
26326 -1
-32661 1
2533 -1
-23528 1
25415 -1
21817 -1
-15678 -1
-6164 1
5159 1
16867 -1
-10103 1
-8888 -1
-14402 1
-15767 1
27359 1
-16475 -1
-27023 -1
27968 -1
1066 -1
-16313 1
-11576 -1
-17183 1
28431 1
-27987 -1
21449 1
-10357 1
-20772 1
-24119 1
-9654 -1
7283 1
18168 -1
-7697 1
6162 -1
29793 1
12146 1
3186 -1
1421 -1
10509 -1
-4456 -1
30047 1
-10159 -1
23926 1
-30595 1
-12573 1
19539 -1
-2745 1
24145 -1
22330 -1
869 -1
-32059 1
-4267 -1
-20703 1
16607 -1
-3863 -1
-3657 1
22100 1
-12033 1
-19402 1
22691 -1
9171 1
11471 1
-26908 1
16906 1
-29073 1
-13520 1
16721 -1
-6917 -1
-31498 1
-10244 1
14992 -1
-23024 1
8588 -1
-14630 -1
-18322 1
6355 1
30214 1
-29730 -1
28047 -1
-1408 -1
-13842 -1
7641 1
-31589 -1
-8175 -1
2111 1
26643 -1
24074 1
-25309 1
931 -1
-13764 -1
-15924 -1
12962 1
20128 1
27523 -1
-21317 1
-11858 1
-24822 1
2119 -1
-6012 1
-16152 1
13577 1
611 -1
18777 -1
462 1
29811 -1
-9411 -1
-26192 -1
26335 1
27597 -1
26728 -1
-2737 -1
9313 1
-20921 -1
-1569 1
25303 1
-22126 1
11571 1
-15499 1
6543 -1
-27074 1
-26392 -1
1610 1
-28619 -1
11418 1
21238 1
-15496 -1
27015 1
-8651 1
15126 -1
-25006 -1
15354 -1
-29216 1
15303 1
4194 -1
26880 1
-6137 1
-31212 1
19136 -1
13255 -1
8481 -1
200 1
-9691 1
23224 1
8942 1
-21256 1
-3446 -1
-17064 -1
-15519 -1
31505 -1
-7166 -1
-32575 1
17393 1
9867 -1
17099 1
-25767 1
30722 -1
6445 1
-16024 1
3704 1
-22123 -1
714 -1
5183 -1
-2019 1
28312 -1
-1180 -1
-4536 1
286 -1
20329 1
29135 -1
-3924 1
-15887 -1
27406 1
-5968 1
27957 1
-10811 1
3359 -1
5847 -1
2320 1
15856 1
16122 1
-8498 1
-10278 -1
-8368 -1
13921 -1
7123 1
4480 1
-13537 1
-10835 -1
32156 1
21610 1
-30899 1
10794 -1
28394 -1
30513 -1
26704 1
21238 -1
30943 -1
-2591 -1
19786 1
-32536 -1
20467 -1
23223 -1
10048 1
-19489 -1
1469 -1
17197 1
-6610 1
4843 -1
-11774 -1
-21032 1
-3015 1
-11768 -1
-17134 1
18106 1
25469 -1
10763 -1
21706 1
7327 1
3216 -1
-15621 1
-20637 1
9397 -1
-13005 1
7937 1
27213 1
-26044 1
-24152 -1
8626 1
-30185 -1
16718 -1
-23836 -1
8699 -1
-15410 -1
-6432 -1
-9587 1
12239 1
5735 -1
-28794 1
7702 -1
2123 1
-23892 1
-17908 -1
30534 1
15889 1
30621 -1
8562 -1
-315 -1
-11239 -1
-4934 -1
4706 -1
11212 1
-3471 1
-22150 -1
6707 1
-7008 1
23272 -1
5069 1
16152 -1
32532 -1
-16709 1
-19730 -1
17149 -1
-5165 -1
-22285 -1
4706 -1
15049 -1
-703 -1
-26003 1
1957 -1
-470 -1
-32670 -1
-25911 1
-7602 1
17838 -1
-24452 1
1981 -1
-19094 -1
-9734 1
1924 -1
27884 1
19744 -1
-9471 -1
26286 1
23914 -1
-18352 1
25499 -1
-25859 1
10198 1
-15936 1
-26237 -1
-29595 -1
-31783 -1
-17330 1
-24292 1
-10771 1
24899 1
25180 -1
-13290 1
7484 1
-8419 1
-3025 -1
-18424 -1
23298 1
17830 1
-7153 -1
13964 -1
-14234 1
1906 -1
15154 -1
1582 1
22511 -1
-16914 1
11312 1
2736 -1
-9549 1
21005 -1
20595 1
29605 -1
5710 1
-29636 1
28799 -1
17187 -1
30981 1
207 1
4897 -1
-10428 1
-10857 1
-10136 1
28664 1
-31929 -1
26371 -1
31031 1
18753 -1
22424 1
8410 1
27024 1
14567 -1
-456 -1
1694 1
7595 -1
15561 1
-14243 -1
10260 1
9299 -1
3662 1
-32171 -1
25537 1
29937 -1
-4390 -1
265 1
-2522 1
20649 -1
-25954 -1
16450 1
24682 1
25013 -1
-26807 1
30779 1
29892 1
13570 -1
-13069 -1
4463 1
-26155 1
-27144 -1
-23118 -1
2414 1
-5567 1
-13550 1
2412 1
5272 1
-26539 1
-3806 -1
-14003 -1
29723 1
396 1
12452 1
1361 -1
15402 1
12835 1
13197 -1
-7715 1
-1663 -1
28222 -1
-29822 1
3009 -1
-19730 -1
-3811 -1
5459 -1
26059 1
26906 1
15550 -1
-14457 1
22388 -1
29252 1
-13516 -1
-21198 -1
-19792 1
-31282 1
-21064 1
12216 1
-22106 -1
24630 -1
-2518 -1
899 1
-1096 1
14671 1
16878 -1
10240 1
-22290 -1
-2148 -1
-13450 -1
-24410 -1
-32704 -1
-17087 -1
-17938 1
-14651 -1
1651 1
23756 1
32135 -1
30239 -1
8118 -1
23313 -1
2542 1
1270 -1
15622 -1
-9072 -1
-255 -1
30464 1
9374 1
2716 1
17166 1
-1509 1
7303 -1
23001 -1
12345 1
-2067 1
-29920 -1
-18680 -1
-6866 1
-28508 -1
-32105 1
10385 1
-8974 1
11728 -1
12886 1
14465 -1
-26607 -1
-7383 1
-11345 1
-26278 1
14702 1
17041 -1
-8144 1
-29145 -1
14316 1
-4465 -1
30617 -1
11564 -1
3291 -1
-32279 1
22162 1
-24420 -1
-10408 -1
1902 1
3277 -1
-31417 -1
12779 -1
3334 -1
19410 1
-10444 1
4561 -1
-4019 1
9774 -1
26344 1
18888 1
-14438 -1
-9789 -1
-11901 1
-32364 1
16714 -1
2100 1
26073 -1
25521 -1
-7458 -1
25457 1
5416 -1
-30289 1
30945 1
20229 -1
-7086 -1
11896 1
-29578 -1
-19842 -1
24899 1
6062 1
-10314 1
-3074 -1
16398 1
-31236 1
26323 -1
16503 -1
-8837 -1
-129 1
-13819 -1
13113 -1
4515 -1
-2255 1
-31892 -1
16332 -1
-12139 -1
-2081 1
27789 -1
22769 1
22942 1
-12647 -1
3145 1
-23536 -1
-28856 1
-18612 -1
31295 -1
-16164 1
32560 1
20463 -1
18130 -1
-26567 1
-15599 -1
30904 -1
-114 1
13054 1
11024 -1
-1949 1
19955 -1
-32295 1
-17369 -1
-5245 1
-13100 1
-14946 -1
31481 1
21563 -1
-23508 -1
22365 1
2564 -1
22438 -1
-2200 1
4451 -1
-17707 -1
-27560 1
-31359 -1
-28327 1
-29759 -1
-1710 1
30850 1
-30669 -1
-27624 1
28502 -1
-19303 1
-30649 -1
-25377 1
2143 1
19422 1
-20123 1
16631 1
28108 -1
-24285 -1
9274 -1
24194 1
20314 -1
31808 -1
1408 -1
31011 -1
-13348 1
-7067 1
14662 1
20734 1
5012 -1
9058 -1
-22625 1
-12218 -1
-28557 1
13884 1
-29932 1
21367 -1
-23509 1
31395 -1
23767 1
31248 -1
7880 -1
-14528 1
17327 1
-2194 1
22330 1
27269 -1
-24495 1
-2811 1
21420 -1
-6666 1
-17928 1
2102 -1
1714 1
-10796 1
-4716 -1
-26199 -1
17571 1
25956 1
-9696 1
23315 -1
-13954 -1
28388 1
2242 -1
-9345 -1
11821 1
29175 1
-15384 -1
1559 1
-18371 -1
-11162 -1
-1563 -1
17886 1
1114 1
10837 1
-1539 -1
-9720 1
18913 -1
24671 -1
6932 -1
-5716 -1
29778 -1
25586 1
-27368 -1
-6831 -1
-25628 -1
31211 -1
4862 1
-8398 -1
-13775 1
18084 1
20867 -1
17145 -1
-3849 -1
-16661 1
12639 -1
-12986 -1
11424 1
17449 -1
1411 1
18391 -1
-7696 -1
23134 1
-16241 -1
28556 -1
23078 -1
-8096 1
27915 1
-30733 1
6381 -1
-21861 1
-27040 -1
29754 -1
7896 -1
1292 1
-3635 -1
13220 -1
-25905 1
19570 -1
-27918 -1
2752 1
19393 1
12502 1
25735 -1
26474 -1
16320 -1
5102 -1
-5392 1
-28060 1
1022 1
-10057 -1
1669 1
6254 -1
-1618 1
-31207 -1
2224 1
-6993 -1
28227 1
31766 1
6944 -1
-32647 1
20725 1
-5519 1
-26668 -1
-14822 -1
13909 1
-10705 1
8001 -1
-13517 1
23431 1
-9916 1
-14963 1
-2661 -1
24208 1
-31088 -1
31555 -1
-27420 1
16191 1
1383 -1
10925 -1
27743 1
24928 -1
31184 1
26741 -1
15254 -1
-31779 -1
-8494 1
-5554 1
-29029 1
-8905 -1
1842 1
9882 1
288 -1
21137 -1
-4308 -1
26511 -1
142 1
12770 1
-25272 1
-362 1
17378 1
27833 -1
12735 -1
-18695 1
2550 1
-23124 1
-23018 -1
9745 1
-13513 -1
-22558 1
-22391 -1
-7438 -1
19003 1
1501 -1
-32310 1
18604 -1
14598 -1
-20251 1
2859 1
20045 -1
7680 1
-28113 -1
27753 1
-6609 -1
1423 -1
21082 -1
23341 -1
27811 1
-25964 1
7318 -1
9273 1
3078 1
19099 1
-4700 -1
14963 -1
6816 1
-30633 1
16165 -1
-28606 1
-26951 1
28456 -1
10486 1
28695 1
19210 1
9832 1
18062 1
23282 -1
-14466 -1
-23670 -1
8912 -1
-5845 -1
20058 1
-20826 -1
-22898 1
15158 1
29469 1
-22923 -1
-22759 1
11410 1
12350 -1
-2486 -1
5513 1
18126 1
2668 -1
30384 1
6666 -1
-12753 1
-25879 1
-17848 -1
8476 -1
15457 -1
15678 -1
-2289 -1
-9310 1
22846 1
18298 -1
9246 -1
3210 -1
6780 -1
15695 1
13726 -1
28380 -1
-18213 -1
-26033 1
16299 -1
965 1
-26383 1
-9429 1
3534 1
-17104 1
24826 -1
7993 1
4774 1
20435 -1
-1773 -1
-15350 1
14809 -1
-9562 1
11473 1
4676 -1
-27225 1
-10320 1
9550 1
3661 1
13532 1
4334 1
-16612 1
22838 -1
27285 1
-21737 1
11085 1
20587 -1
-6199 -1
-32470 -1
17171 1
6186 1
-8491 -1
7904 1
18284 -1
5458 1
30479 -1
16557 -1
30813 1
-23148 1
-10610 -1
-4749 1
1294 -1
21498 1
18894 -1
10724 1
25706 -1
-16383 1
-24518 -1
-4313 -1
-29690 1
15566 1
27040 1
-2367 -1
-30979 1
31510 -1
-9477 1
-12483 1
-24541 -1
24366 1
7159 1
-29271 -1
-21910 1
7581 1
-12818 1
-28893 1
-6086 -1
7916 -1
-11782 -1
22295 1
-5812 -1
13999 1
31572 -1
-14542 1
17834 -1
-31185 1
8263 -1
-28993 -1
-13717 -1
-16415 -1
-9270 -1
10960 -1
-21984 1
-7447 1
-25080 1
31720 -1
-30609 1
23538 -1
-678 1
-17713 -1
-28323 1
19183 1
-7319 1
15605 -1
-28070 1
25057 1
12952 -1
-21459 -1
30613 1
-4091 -1
-3947 1
-24229 -1
1015 1
15578 1
-14723 1
-12718 1
12601 -1
-18643 -1
31485 1
6408 -1
8521 -1
6269 -1
-14816 -1
23116 1
23670 1
30594 -1
-7321 -1
-11137 1
22150 1
-24225 -1
14000 1
19274 -1
29208 -1
-26887 1
-14799 1
9803 1
7740 -1
-1231 -1
-26357 1
13787 -1
27216 1
10966 1
-15350 -1
-1008 1
-11293 -1
10692 -1
-6454 1
70 -1
5170 1
-20567 -1
-23462 1
-4817 1
19583 -1
-754 -1
-9982 -1
5989 1
32052 1
2149 -1
-23612 1
11939 -1
-21467 1
-6653 1
-30812 -1
4134 -1
26804 1
-718 1
22360 1
-18926 1
-7760 -1
-23103 1
5986 1
-6412 1
22384 -1
9687 -1
-6240 1
18318 1
-7967 1
-28230 -1
21415 -1
15277 -1
7949 1
5047 1
2044 -1
9269 -1
-46 1
-27987 -1
30151 1
-28211 1
-4499 1
24 1
-10137 1
28645 1
-20872 1
-22748 -1
-736 1
-29918 -1
-13550 -1
-21916 -1
7400 1
-6008 -1
18649 -1
-27145 -1
-4117 1
4990 -1
-2668 -1
11092 -1
-19807 1
-32282 1
-4340 -1
12088 -1
9741 -1
-3835 1
-26180 1
-2633 -1
-2485 1
26315 -1
10575 1
-31099 -1
-13427 1
-32463 1
-22283 1
757 -1
-18792 1
11743 -1
21892 1
6679 1
5494 1
-28297 1
-7486 1
-4808 -1
30265 1
-21120 -1
7376 -1
-28677 -1
-8520 -1
-20298 1
12989 1
-22950 -1
-18348 -1
20521 1
-22933 1
17778 1
20896 -1
14665 1
25164 1
8038 -1
11915 -1
-18475 1
-22746 1
32065 1
30010 1
-32081 1
28435 1
-10578 -1
20578 -1
31530 -1
2504 1
-4230 1
29524 -1
1599 1
19485 -1
24492 -1
-4866 1
-4766 -1
15660 -1
-23562 -1
7985 1
2695 1
-25563 1
17189 -1
14335 1
14933 1
-29946 -1
-15820 1
7064 1
3502 -1
28576 -1
12902 1
-2100 -1
-2541 1
-17350 1
636 -1
-20052 1
-12751 1
24356 1
32649 1
3901 -1
-15965 -1
15435 -1
-8960 1
-25524 -1
-22809 -1
20483 -1
-21918 -1
-26362 -1
-17259 1
28902 -1
20977 -1
25098 -1
-5965 -1
5437 -1
-28201 -1
-4881 1
3381 -1
-794 -1
22813 1
19757 1
-29506 1
20150 -1
5792 1
-27754 -1
16810 1
-17164 -1
18181 -1
-23033 -1
-30819 -1
-4277 -1
1520 -1
-7346 -1
-12816 -1
-24326 -1
-27742 1
-12748 1
6189 1
-7015 1
503 1
10715 1
-9342 1
-8950 -1
-10642 1
17930 -1
23476 -1
8795 1
-21769 -1
-4504 -1
28001 -1
-18413 1
3135 -1
-13208 1
25886 -1
9222 -1
-4974 1
-29924 1
22777 1
-21411 -1
15540 -1
13922 1
-16676 1
-20799 -1
12512 -1
21370 1
25819 -1
-2032 -1
15225 -1
-11478 1
-2198 -1
1218 -1
26127 -1
-22364 1
-18799 -1
-25171 1
-28357 -1
-11112 1
-20949 -1
19119 -1
26142 -1
-12366 1
21362 1
-11117 1
8 -1
8207 1
-29273 1
30729 -1
25638 1
-32602 -1
-3443 1
5764 -1
-2401 -1
1477 1
-4138 -1
-21049 1
-26800 1
21067 -1
14679 -1
-28930 1
4903 1
10249 1
-873 1
18059 1
-30525 1
12085 -1
-6615 -1
-25077 1
-24930 1
30302 -1
1991 -1
12718 1
961 -1
12266 -1
3071 1
-14735 -1
-4433 1
-26571 1
15883 -1
-14135 1
14369 1
-11651 -1
-28847 -1
20646 -1
-1764 -1
28251 1
32142 1
10524 1
2490 -1
-31711 -1
-26139 -1
30771 -1
10816 -1
31389 1
30144 1
32571 1
7899 1
-13597 1
-20813 -1
30933 1
-30017 -1
3875 1
-8099 -1
-24275 -1
1095 -1
-5411 -1
14240 1
-8782 -1
20721 1
25605 -1
-32588 -1
12807 -1
12983 1
-25881 -1
26693 -1
27394 1
-17172 1
-6749 1
13671 -1
20320 -1
-25684 -1
-30445 -1
30144 -1
8061 -1
27550 1
-32714 -1
-24754 -1
12618 -1
-14911 1
12494 1
32617 1
-8683 -1
-21049 -1
25071 1
-20351 -1
15763 1
-12811 -1
-10419 1
-19181 -1
-14751 -1
962 -1
-29171 1
309 1
-7410 -1
-27455 -1
20435 -1
11725 1
-29327 1
32714 -1
14337 -1
30670 -1
8828 -1
-15575 1
11821 1
-18140 -1
3285 1
30231 1
-5832 -1
-22872 -1
17199 1
-6850 -1
11775 1
-1988 1
31790 -1
21539 1
-24314 1
24949 1
-7529 -1
19300 -1
-30545 -1
-3711 -1
-30589 1
8858 -1
29390 -1
-8925 1
-4207 -1
27923 1
23401 1
20192 -1
-6215 1
13022 1
-31104 -1
-6361 1
-25577 1
19355 -1
20566 1
-3081 -1
-2613 -1
-7301 1
-8911 1
2248 -1
-32610 -1
-1468 -1
31849 -1
8692 -1
-19095 1
2775 1
31356 1
-13213 -1
-12747 1
681 1
-20917 -1
7917 1
-30686 1
23122 1
-19407 -1
22365 1
2295 -1
-14217 -1
-14740 1
11541 -1
-12575 -1
-1576 1
5395 1
-162 1
-14622 1
15608 -1
-20514 1
-19423 -1
-1429 -1
26046 -1
2839 -1
-11293 -1
5212 -1
13445 1
12226 -1
22932 -1
29726 1
14893 -1
11437 1
-14349 1
-4657 1
-32307 -1
-19607 -1
27856 1
-31418 1
-3010 1
26157 1
-9675 -1
-26369 1
-15866 -1
24586 -1
32260 -1
13841 1
22400 1
-17649 -1
11073 -1
-11156 1
12614 1
-25672 1
-24820 -1
-4332 1
-3227 1
15064 -1
5228 1
-5269 1
-21620 -1
8131 -1
-3641 -1
-953 -1
-23036 1
-29125 -1
29919 -1
-14868 -1
-22618 -1
16559 1
-15551 1
25610 1
-19394 -1
12063 1
-10561 -1
-28422 1
-26558 -1
2180 1
19270 -1
17429 1
-14525 1
18257 -1
10444 -1
-10434 1
-15580 1
-1920 -1
-31202 1
-25139 -1
32755 -1
-8522 1
9935 1
-30340 -1
1763 -1
26660 -1
-29565 -1
10339 -1
-5662 -1
-18940 -1
1067 -1
-2284 -1
8054 1
-19125 -1
-10066 1
-15302 1
25386 -1
6111 1
4311 1
18814 -1
4141 -1
-12474 1
29298 -1
7202 -1
-28600 -1
-24173 -1
-7517 -1
545 -1
-26643 1
30850 -1
-6465 -1
21346 1
25248 1
-12709 1
-23645 -1
-5282 1
24872 -1
-26782 1
4343 -1
13586 1
20073 -1
14731 -1
5127 1
16944 1
-21983 1
-19297 -1
6433 1
-11749 1
-20177 1
-5540 -1
8099 -1
-736 -1
-1695 1
-6757 -1
9504 -1
-9009 1
-30282 1
20604 1
16652 1
-27945 1
12099 -1
-14855 -1
-5543 1
-25200 -1
-2936 1
-25378 1
-16942 1
-11622 -1
-27804 -1
17639 1
-16960 1
8383 -1
-5814 -1
-18600 1
-26253 1
-3417 1
29164 1
26475 1
21189 -1
2656 1
-16272 1
-8614 1
-11455 1
-2981 1
-3691 1
19259 -1
26857 -1
-25146 -1
31305 -1
-26550 1
24559 -1
849 1
-708 1
4805 1
6574 -1
12629 1
1364 1
-12535 1
31067 -1
25417 1
-9879 -1
25784 1
14062 1
-1633 1
14045 -1
-908 -1
-20948 1
-30174 -1
-24054 -1
1931 -1
-26837 1
17710 1
6719 1
14621 1
-9027 -1
-14404 1
-24298 1
3318 -1
-5988 1
1588 1
-23949 1
29267 -1
-23072 1
16913 1
18158 -1
3445 1
9197 -1
1546 1
3852 1
-6750 -1
14075 -1
-15555 -1
-112 -1
29642 -1
29339 1
-9457 -1
10933 1
-31344 -1
-16373 1
-27448 -1
30805 1
-22649 -1
17386 -1
30280 1
-30646 -1
-23873 -1
581 -1
-16694 -1
-9076 -1
-27980 -1
-24105 1
-24599 -1
-13808 1
17035 1
9142 -1
2787 1
21528 1
-30927 1
1789 1
-19079 -1
7032 -1
8845 1
-17446 1
9291 -1
24449 -1
-25044 1
19679 1
24422 1
8728 -1
16778 -1
-12039 1
-16607 1
4961 -1
-19182 -1
-8346 1
-22950 -1
9421 -1
-4938 -1
23775 1
-17138 -1
31585 -1
-15863 1
16080 -1
-25820 1
-19784 1
11926 -1
-17610 1
9020 -1
30363 -1
-26508 1
26997 1
3267 1
-20847 1
-20670 1
-32244 1
26714 -1
-7456 -1
25229 1
29008 1
-15545 -1
-220 1
-28948 1
-12578 -1
-11850 1
-30066 1
5024 1
-3967 1
-20287 -1
8795 -1
25712 -1
23080 1
15857 1
31241 -1
5294 -1
3826 -1
-11643 -1
8558 -1
-4268 -1
22899 1
-13463 1
-28367 -1
-12386 -1
-17901 1
32439 1
3019 -1
12327 1
-21886 1
15207 -1
-1702 1
28079 -1
-24456 -1
-26593 1
24282 1
-9541 -1
-27742 -1
20209 1
22751 -1
11081 -1
-30001 -1
-23307 -1
-9529 1
24043 -1
13625 1
-5802 -1
9923 1
19240 -1
-30758 -1
30443 1
25658 -1
-18181 -1
-4553 1
-19561 -1
28940 1
-28171 -1
-27390 1
-30299 -1
22882 -1
-20482 -1
-20444 1
13291 1
23915 -1
16113 1
27423 -1
-12247 -1
2026 1
-32340 1
-6868 1
-8782 1
-27650 1
-20127 -1
-2630 -1
9476 1
5695 1
-4339 1
15657 1
5526 1
31976 1
-32543 -1
-30725 1
8741 -1
31620 -1
13273 1
12772 1
-23597 -1
9642 1
-32573 -1
31550 1
28070 -1
-32013 -1
-17286 1
-1572 1
-19549 1
22214 -1
22027 -1
15275 -1
1939 -1
31716 1
8315 1
-2715 -1
3030 1
-20785 -1
-32348 1
-23384 1
31007 1
4677 1
-4801 -1
-21776 -1
26413 -1
-27600 -1
4682 1
24614 1
-13344 -1
-292 1
-15713 -1
4573 1
14681 1
10497 -1
-1714 1
-27975 -1
656 1
28068 -1
8683 -1
-9584 -1
-25398 -1
7185 1
30388 1
19654 -1
1548 1
-28319 -1
13297 1
7628 -1
21252 1
-7877 -1
-32567 -1
18687 -1
18263 -1
-27171 1
-31883 -1
29703 -1
7142 1
22227 1
10849 -1
22049 -1
21973 1
17137 1
-19923 1
-7627 1
7525 1
2920 1
27425 -1
2993 -1
-30482 1
-22014 -1
1641 -1
-28375 -1
15085 -1
19106 -1
-10406 1
28168 -1
-26171 -1
-18420 1
-25838 -1
19069 1
9037 1
24341 -1
23015 -1
2001 -1
-9122 1
-8881 -1
27530 -1
9508 1
10298 -1
-5449 1
-12572 1
-21390 -1
21564 -1
17092 1
-21353 1
21958 -1
9675 -1
-20792 -1
-22337 -1
29971 -1
12580 -1
5365 1
-4152 -1
-14194 1
31227 1
-29650 1
-14232 1
-17159 1
1815 -1
-9148 -1
25514 1
6856 1
3116 1
-4219 1
-23334 -1
8296 1
-17912 1
-29894 1
247 -1
1922 -1
-25760 1
-29321 1
-21555 1
9734 -1
-8268 -1
13941 1
-16473 1
19943 1
-21504 1
-29385 1
14796 1
-7173 -1
15037 -1
15711 -1
25232 1
-26711 -1
10968 1
7417 1
13123 1
-17245 1
27545 1
-20941 1
-25693 1
-11461 1
-279 1
-9549 1
5035 -1
28507 1
-2642 -1
-19771 -1
-25096 1
20022 1
3473 -1
11757 -1
-1374 -1
-28448 -1
20222 1
-2012 -1
-2781 -1
-11845 -1
-3455 -1
23667 -1
-17785 -1
18207 -1
-16854 -1
5653 -1
9385 -1
-32416 1
15355 1
-16239 1
-28509 1
15009 -1
-15032 1
-22015 1
7999 1
-12939 1
22918 -1
-996 1
-22574 -1
-9539 -1
28839 1
19688 -1
-14327 1
16474 -1
-17285 -1
31435 -1
-31317 -1
9332 -1
6473 1
-21713 1
-11563 -1
-13048 1
7101 -1
-28301 -1
28928 1
-4346 1
6246 -1
6639 -1
-443 -1
2917 1
32733 1
18571 1
927 -1
18540 1
16237 1
26668 1
20616 1
29233 1
-20722 -1
-1688 -1
-16743 -1
-18103 1
7409 -1
-18597 -1
-12283 1
-14597 -1
-2802 1
124 1
-11473 -1
-3995 1
-23589 1
-28459 -1
-9597 1
11289 -1
11317 1
-32113 -1
30489 -1
26669 1
13414 -1
30661 -1
-10494 -1
13245 -1
-11509 -1
6567 -1
-19393 -1
-24661 1
26800 -1
-29738 -1
-14449 -1
-17874 1
1747 1
31681 -1
11278 -1
11343 -1
-22309 1
-18761 -1
-31564 1
-10063 1
19539 1
23128 -1
23176 1
20012 -1
6284 -1
-23748 1
-30218 1
32191 1
-20573 -1
20853 1
22140 -1
3920 -1
-12237 -1
-4718 -1
19882 -1
12480 -1
23996 1
-2073 -1
-26492 -1
-18932 1
-18808 -1
6610 -1
6960 -1
-7043 -1
32416 1
-9655 1
14555 1
675 1
2877 -1
-2990 1
-20257 -1
-3665 1
-21534 -1
6070 -1
1331 1
-20927 1
29556 -1
-22386 1
-9482 -1
8194 1
-32173 1
9970 1
20961 -1
7420 1
-18580 -1
-195 1
-9976 1
-20358 -1
-4265 -1
23866 -1
-14982 -1
8417 1
-6334 -1
-11516 1
-16638 1
30046 1
8146 -1
-15057 -1
19590 1
19020 1
18737 1
170 -1
25780 1
1314 1
-21196 -1
15343 1
-29323 -1
24557 -1
-13781 -1
19726 -1
-15541 1
-7931 1
3486 -1
11840 -1
28673 -1
31687 -1
-24755 -1
-3485 -1
28702 1
-28968 -1
-10293 1
22114 1
-27800 -1
21685 1
-12665 -1
-13696 1
30228 -1
-27003 1
-13792 -1
-25960 -1
-4039 1
22497 1
17657 -1
-19734 1
-31036 -1
14042 -1
23764 1
-15964 -1
11334 1
4685 1
-19624 -1
-24431 -1
-19266 1
-6849 1
15784 -1
2998 1
31634 -1
-27212 1
32289 -1
14289 1
-26710 1
2748 -1
-27352 1
-9448 1
-26987 1
10503 1
4770 -1
28470 -1
2728 -1
8688 1
28739 1
17365 1
-28503 -1
-21498 1
-22155 1
-18890 -1
19953 -1
-25234 -1
-27311 1
-2643 -1
-30 -1
-22135 -1
-18661 -1
25711 1
25323 -1
-18284 1
-12098 -1
-22446 1
845 1
-31520 1
19159 -1
-12858 1
-21206 1
-9565 1
-777 1
-28198 1
-24758 -1
13679 1
-24368 -1
-18933 -1
-21236 -1
-23767 -1
-25203 1
-26733 -1
7148 1
15152 1
-31202 1
926 -1
-10251 1
23393 1
22740 -1
-32556 1
-32713 -1
-28163 1
24451 -1
-26084 -1
-6632 1
-27924 -1
-26597 -1
-7806 -1
-23019 -1
-5341 1
5324 1
-25519 1
30424 1
-24096 -1
32576 1
19314 -1
-17968 1
-25990 1
-24092 -1
-27031 1
-10030 1
27719 1
999 -1
-22923 -1
2624 1
-24090 -1
20212 -1
-15209 -1
-20674 -1
-2143 1
26556 1
-28737 -1
257 -1
-28298 -1
-27002 -1
-8615 1
-2671 -1
-26578 -1
20744 1
24703 1
5666 1
-29210 1
-19961 1
-26375 1
-8082 1
26143 1
-20983 -1
18981 -1
20883 -1
30947 1
31325 -1
-9714 1
-25488 1
-13913 1
12311 1
-4486 -1
-29449 1
24912 -1
-6586 1
-26116 1
5454 1
-25764 -1
15327 -1
9448 -1
7549 1
16803 1
-25540 -1
2448 1
21177 1
-10173 1
14372 1
4617 1
-4780 1
-8560 1
3157 -1
2843 -1
-7230 -1
-625 -1
20899 -1
27543 -1
-32406 -1
-798 1
17132 -1
2783 -1
26705 -1
13603 1
9853 -1
-32437 -1
21249 -1
-15723 1
-16939 1
-11335 1
18152 1
32585 -1
23988 -1
-22651 1
13045 -1
-9447 -1
28502 1
-17271 1
5374 -1
-12526 -1
20144 -1
-7028 -1
28223 -1
-1398 -1
-2521 -1
21187 1
-16403 -1
3119 1
-14527 1
9503 1
3313 1
27600 1
27329 -1
-22581 1
6568 -1
-30399 1
2702 -1
881 -1
27358 -1
16130 1
21567 -1
27402 -1
15046 1
-31589 1
-14771 -1
-14928 1
25377 -1
-10733 1
20779 1
-10548 -1
30582 -1
7035 1
-10789 -1
22807 1
2965 -1
21700 -1
9341 1
29911 -1
-25161 1
-28784 -1
-9665 1
-24599 1
-92 -1
28304 1
-18643 1
-462 1
-24527 -1
7493 1
-25541 -1
-30226 1
-16218 -1
1709 1
-32752 -1
-13093 -1
18977 -1
4113 1
8277 -1
-28096 1
5049 -1
13901 -1
29241 1
-18590 -1
-9306 1
4991 1
17403 1
6988 1
-4452 1
6642 1
-24120 1
23599 1
-24088 -1
12364 -1
-6945 -1
-31189 -1
-8335 -1
6902 1
-22555 1
12160 1
-9981 1
24268 -1
7575 1
-8432 -1
-6444 -1
2309 -1
-6452 -1
-18799 1
21042 1
-2148 -1
-17938 -1
2594 -1
-28277 -1
927 1
-24440 -1
25486 1
18912 -1
22799 -1
-31145 1
-9833 -1
-27238 -1
-13209 1
23810 -1
10146 1
-4791 1
-24795 -1
32600 -1
17330 1
31042 -1
21659 1
-14224 -1
-15652 1
24426 -1
-1388 -1
-1919 -1
-16994 -1
-1291 1
3745 -1
6147 1
-9922 1
-13359 -1
-17270 -1
-17249 1
-6864 1
24845 1
8060 1
-18913 -1
-28636 1
-6722 1
-16453 -1
3240 -1
12999 1
-17746 1
21584 1
-27349 1
-10761 1
-25440 1
11062 -1
7390 1
-774 1
23085 1
-21270 -1
10795 -1
-14994 -1
-32078 -1
28477 1
-21747 1
-3266 1
-21425 1
-13337 1
-6230 1
-30708 -1
-21842 -1
13407 -1
-5307 -1
7968 1
-7481 1
27515 1
-1644 1
-5984 -1
19382 1
-12600 -1
8815 -1
-27837 -1
-5344 1
-687 1
-30118 -1
27196 -1
-14155 1
19572 -1
8746 1
-28969 1
22280 1
-8703 1
5859 1
-27554 -1
-30945 1
3672 -1
-7531 1
9830 -1
-6613 -1
-27142 1
23077 1
7646 -1
7890 1
-25144 1
-6808 1
2667 -1
6321 -1
-7476 -1
3600 1
-14322 -1
-6262 1
10240 -1
17527 -1
29861 -1
4040 -1
6479 1
-3952 -1
-8979 1
-31150 1
-5550 1
-8628 1
15218 1
18315 1
8430 -1
2225 1
18475 1
20060 1
26836 1
-23648 -1
10663 1
12335 -1
29950 1
16743 1
11608 1
-32230 -1
26648 1
6511 1
17417 -1
-3373 1
15936 -1
32198 -1
-25449 1
16057 -1
13494 -1
24631 -1
-24277 -1
12482 1
-18119 1
28201 1
17254 -1
6594 -1
27642 1
-4598 1
827 1
-18286 1
892 1
-11917 -1
-31751 1
32245 1
-6345 1
-29002 1
9436 1
13175 -1
28060 -1
22036 1
-28473 1
-25544 1
29976 -1
-14776 -1
-10066 -1
30821 1
11318 1
5765 1
24479 1
-182 1
-31601 1
-18216 1
13223 -1
-13958 1
3503 1
27593 -1
28172 1
-2751 -1
18546 -1
-19814 1
24026 1
-13930 -1
-20800 1
-23406 1
-26380 1
-3045 1
-19536 -1
8096 -1
6751 1
-1125 -1
-16501 1
17446 1
24667 -1
17839 1
-19534 1
2028 -1
926 1
7186 -1
6318 -1
-15686 1
9834 -1
9383 1
13385 1
11970 -1
28529 1
9164 1
-17568 -1
-1609 1
-31199 1
17374 -1
-14382 1
-4732 1
21672 -1
14389 -1
-26067 -1
-1612 -1
-7443 1
100 -1
-17791 -1
-3803 -1
-134 1
18353 -1
-11811 1
-23442 1
12692 -1
7379 1
-17620 -1
-29827 1
7236 1
32234 -1
2369 1
-31488 -1
-26019 1
-29891 1
11094 -1
-12412 1
-651 1
-16204 -1
5681 1
24481 1
29109 1
-16469 -1
-23620 -1
945 1
-25853 -1
-13449 -1
-28875 -1
18977 1
26100 1
26539 1
23153 -1
-19058 -1
16811 -1
-26132 -1
-19261 1
-4179 1
-18365 -1
-26220 1
18881 1
-21492 1
10397 1
26535 -1
-22406 -1
31916 1
32545 1
16194 1
-16561 1
-18894 -1
-20815 1
5055 1
250 1
15816 -1
5223 1
-32605 1
27086 1
-10108 1
48 1
22300 1
-30146 1
26082 -1
15750 -1
-20976 1
30011 -1
-16862 -1
15396 -1
-3140 1
-91 -1
-31327 1
15278 1
9138 -1
23086 -1
-24248 -1
21505 -1
26367 -1
-12565 -1
-4930 -1
2238 1
22108 -1
26737 -1
-23602 -1
13332 -1
28635 1
-22420 -1
2742 1
21709 -1
1071 -1
10724 1
26710 1
2971 1
-4008 -1
19536 -1
-15498 1
21411 1
-21357 1
5111 1
-18583 1
16970 -1
11002 -1
2582 1
21934 -1
-23102 -1
-23005 -1
2354 -1
12614 -1
-15816 -1
19884 1
-6022 1
-13241 1
-19536 1
4169 -1
-10927 -1
-11549 -1
-30513 1
26201 -1
-16533 -1
21605 -1
-22974 1
22018 -1
31132 1
-5303 -1
24724 1
-4579 -1
-8203 -1
21775 -1
-3105 -1
1112 1
18620 1
-5652 1
6772 1
30447 -1
-30981 1
-569 -1
-9287 1
4645 -1
-32229 -1
19479 -1
-31050 -1
-12645 -1
-24690 -1
-30474 -1
18352 1
-18241 1
9090 1
26122 -1
-23295 -1
-19954 1
13976 -1
19658 -1
32275 -1
13 -1
18960 1
-24342 -1
-19572 1
21895 1
28813 1
23145 1
32473 -1
-235 -1
14755 -1
17869 1
-32508 1
26841 -1
12736 -1
1016 -1
20127 -1
22978 -1
-29536 -1
-5027 -1
3550 1
27617 -1
13680 1
-6700 -1
-11446 -1
-22909 -1
-770 1
-5230 1
-5078 1
16732 -1
2098 -1
18912 1
20645 -1
4490 1
-8279 1
24044 -1
4243 1
5707 -1
-4462 1
7057 -1
30627 -1
26973 -1
8386 1
-22332 1
-7736 1
15730 -1
-27872 -1
-738 1
-16927 -1
-16876 1
-14522 -1
-20577 -1
-30429 1
-6874 -1
-5145 -1
32280 1
24890 1
10547 -1
-3399 1
10692 1
18958 -1
8017 1
-22525 -1
17821 1
-5194 -1
7600 -1
-5514 1
2992 -1
-25160 1
21479 1
10820 -1
2943 1
-30295 -1
-25062 -1
-19508 -1
11734 -1
6785 -1
-30064 -1
14076 1
19184 1
-7071 -1
24539 -1
-12555 -1
11978 -1
-9119 1
8199 1
19972 -1
-10181 -1
32532 -1
-7324 1
6762 1
-31618 -1
6654 1
2696 -1
-7312 1
24057 -1
16346 -1
-15287 1
-22208 1
-18139 1
-27373 -1
21011 -1
-13993 1
16682 1
11980 -1
-4797 -1
-7694 1
4374 1
-2607 -1
-21901 1
-28844 -1
-19481 -1
11255 -1
-19656 -1
-21355 1
16213 -1
30588 1
-8480 -1
2249 1
16428 1
21531 -1
-7665 1
-5762 -1
-17184 -1
-5119 -1
-27064 1
8323 1
21741 -1
-32303 -1
-1750 1
-9489 -1
20965 1
18392 1
-6279 -1
-1589 1
30603 -1
-2268 1
10268 1
-3178 -1
11377 1
-30618 -1
26240 1
-20105 -1
6742 1
30718 1
9705 -1
-10995 -1
-30330 -1
18892 -1
-2013 1
-15872 -1
5189 1
-25128 -1
-7016 1
424 -1
-7704 1
15465 -1
26523 1
623 1
4209 -1
11807 1
-7751 1
21909 1
-21317 1
2658 1
-29435 -1
15486 -1
3481 1
-8285 -1
-21050 -1
8543 -1
3938 1
24857 1
-29953 1
22826 1
-28062 1
14478 -1
3192 1
-22202 1
-11443 -1
26086 1
502 1
15170 1
-5383 -1
24339 1
1851 1
28658 1
3551 1
-2964 -1
-29416 1
13547 1
6780 1
25220 -1
-9537 -1
20837 -1
-21875 1
14307 -1
28967 -1
20766 -1
1613 1
17704 -1
17743 -1
31493 -1
-11615 1
14598 1
4552 -1
27943 1
8682 -1
23165 1
-9643 -1
2521 -1
7798 1
2852 -1
291 -1
-8742 -1
22378 -1
-13492 1
-22432 -1
-2426 -1
30703 1
-28120 1
15959 -1
32400 1
-8455 1
25140 -1
-17149 1
5528 1
-18152 -1
-18867 -1
-26307 -1
-4012 1
2206 1
-31508 -1
-14740 -1
19317 -1
24032 -1
26039 1
-4492 1
-15128 -1
-14130 1
-32420 1
6844 1
2918 1
-27707 -1
-27868 -1
15132 -1
-26692 -1
5223 -1
227 -1
-1745 1
-2648 1
-9664 1
-17293 1
-16544 -1
31220 -1
30217 1
10248 -1
8881 1
13127 -1
31260 -1
-11561 -1
27527 1
-6081 1
24453 -1
-31227 -1
-27455 -1
-22726 -1
-23646 -1
16773 1
-3335 1
-18326 1
-20845 -1
31194 1
-6370 1
13948 1
-6779 1
-12903 1
-10650 -1
-22325 1
-10486 1
5495 1
-4868 1
17058 -1
-17610 -1
24842 1
-13435 -1
5553 -1
3963 1
25303 -1
29590 1
-20360 -1
9606 -1
17311 1
23339 1
23796 1
31226 -1
-11699 -1
6793 1
32016 1
18513 -1
-6856 -1
24817 -1
27448 1
-14483 1
21753 1
20820 1
-31280 -1
-4526 1
30492 -1
-2643 1
3216 1
5646 1
-30794 1
32371 1
5746 -1
26244 1
-3752 1
6304 1
5214 1
-1877 1
-30075 -1
26852 -1
-9077 -1
-25503 -1
-25195 1
-21864 1
9949 -1
27380 -1
13846 1
-2986 -1
9836 1
9520 -1
-13271 1
11776 1
21143 1
22686 -1
19671 -1
31052 -1
-22940 -1
-7755 -1
19029 -1
24320 1
-31213 1
-168 1
25394 1
-20309 -1
32223 1
102 -1
2239 1
12231 -1
-3220 -1
-7054 1
-30410 1
14803 1
31782 -1
-13023 -1
21222 1
-15860 1
-4372 -1
26987 1
26362 -1
1755 -1
-22257 -1
23156 1
17164 -1
22765 -1
-32330 -1
16771 1
-21070 1
-18945 1
27607 -1
28874 -1
-12136 -1
27994 -1
25829 1
-12732 1
17416 1
-4066 1
1282 1
-27625 1
32679 1
-168 -1
26858 -1
-11806 1
-12701 -1
8604 -1
15025 -1
30141 -1
21096 -1
-15497 1
-2866 1
20569 1
18487 1
-22610 1
9399 1
-13204 1
-29373 -1
2672 -1
-17129 1
-10045 -1
2612 -1
-171 1
23545 -1
7589 1
7599 -1
-16151 1
26383 1
-5697 1
15523 -1
-20050 -1
-19442 1
-26245 -1
-6072 -1
-22011 -1
-26616 -1
17662 1
9420 1
-24437 -1
-21552 -1
29361 -1
4680 1
-15581 -1
22734 -1
-7859 1
5543 1
-20552 1
-14806 -1
24585 1
-24899 1
-12097 1
-18700 1
25026 1
19810 1
-24194 1
-26907 1
-7505 1
128 -1
-8689 -1
28163 -1
-16175 1
-8925 -1
-7389 -1
-1735 -1
4529 1
26953 -1
-15993 1
-7255 1
-2598 -1
-815 1
-13976 -1
-20923 1
-21556 1
-14304 -1
-28330 1
-4480 1
30580 1
16160 1
17142 -1
21607 1
-29515 1
8438 -1
-30745 -1
-3404 1
27914 1
-10415 1
10430 1
-26195 1
-19529 1
14131 1
10143 -1
15193 -1
24959 1
-140 -1
-4539 1
-32154 -1
29414 1
-180 1
3288 1
27806 -1
-19341 -1
-13213 1
28219 1
20584 -1
-10430 -1
23686 1
17830 -1
8417 -1
-8594 1
-26748 1
-2195 -1
-18049 1
25809 -1
14381 -1
22958 -1
24640 -1
-26894 -1
23797 1
-10391 -1
15036 -1
-27395 1
5410 -1
9688 -1
-25770 -1
-22057 1
-5002 1
-18212 1
-3201 1
-29595 -1
-24143 -1
-22482 1
4965 -1
31532 -1
-20720 1
-20888 -1
-337 -1
25286 1
3475 1
31115 1
-18056 -1
-2053 -1
27025 -1
32086 -1
30269 -1
4115 -1
8514 1
-3258 1
-26240 -1
6598 1
24330 -1
11077 1
-24939 1
-7671 -1
-24995 -1
-13910 1
-21389 -1
6692 1
-19885 1
23376 1
-9111 1
-24905 -1
-30323 -1
31261 -1
-8004 -1
12026 1
10750 -1
12262 1
10637 -1
-22725 1
19551 1
-1552 1
5645 1
-14790 -1
20024 1
-377 -1
-23986 -1
13451 -1
19083 -1
3571 -1
-6309 1
26409 1
22471 -1
-513 1
27002 -1
-28062 1
22544 1
-14032 -1
17819 -1
-20073 1
21709 1
-28792 -1
18161 -1
-28007 -1
-12663 1
-4723 1
-29396 1
8432 1
16800 1
-23645 1
-8757 1
-17714 -1
3649 -1
10989 -1
-30473 -1
-27085 -1
22088 -1
-31027 1
2808 -1
30126 -1
-5729 -1
7699 1
-17222 1
-23856 -1
-9220 1
513 1
-30208 -1
18032 -1
10175 -1
-18686 -1
-19563 1
14320 1
708 1
11474 -1
3753 -1
11630 -1
27573 -1
-906 1
17580 1
-12038 -1
20142 -1
-11828 -1
22624 -1
-18054 -1
-15507 -1
27610 1
-9491 1
28433 -1
30107 -1
19644 -1
-8231 1
-23287 -1
23324 1
-16848 1
-1787 1
11218 -1
21657 1
-1150 -1
15894 1
-30948 1
29705 -1
21144 -1
19861 1
16303 -1
25960 -1
-14999 1
9942 1
-6870 -1
30083 -1
29724 1
8037 -1
-23347 -1
15359 1
165 1
-19750 -1
-24376 1
13483 -1
-4239 1
-12227 -1
17546 1
21511 1
26700 -1
-21336 1
20443 -1
25364 -1
-16868 -1
22620 -1
9992 -1
11869 1
26289 1
-3283 1
14707 -1
21573 1
32086 1
689 -1
-29345 -1
-16019 1
-18432 -1
20368 -1
4886 -1
4922 1
20192 -1
24981 -1
19312 1
10349 1
-13031 -1
5535 -1
-30145 1
18402 -1
-9412 1
-31410 -1
2354 1
-19813 -1
-15387 -1
28322 -1
-9173 -1
27809 -1
-11014 1
-2 -1
-18121 1
10793 1
-2512 1
16719 1
8340 1
-21453 1
-14064 1
-31064 1
-444 1
1051 -1
1859 1
-23792 -1
-22439 1
32050 1
17038 -1
15830 -1
-18868 -1
-26318 1
10290 -1
-23268 -1
21657 -1
15248 -1
30769 -1
15735 1
-32767 -1
-29069 -1
15457 1
20509 1
-2651 1
-10778 1
-19950 1
6789 1
9998 1
29910 1
21269 1
-20130 1
10944 1
-29175 1
12574 1
4897 1
-16889 1
24536 -1
11930 1
-14093 -1
-3584 1
-24515 1
16862 -1
-15040 1
17400 1
32251 -1
-18366 -1
23052 -1
-10807 1
-18701 -1
7822 -1
938 1
-4073 -1
-1111 1
24918 -1
-27106 -1
-6885 1
16856 1
-16212 1
6267 1
1999 1
-28474 1
-11190 1
-15333 1
14446 -1
-8732 -1
-24984 -1
-1444 -1
11343 -1
-12196 -1
-30779 1
23039 -1
-16282 -1
23364 -1
-904 -1
13033 -1
-19507 -1
-10444 1
-31940 1
25647 -1
-2324 -1
7600 1
-28563 -1
-11491 1
-17385 1
32155 -1
-10034 -1
-16904 1
-20716 1
-20019 1
22512 -1
-15998 1
-19715 1
-11821 -1
237 -1
9263 -1
3607 1
-19348 1
534 1
23162 -1
23991 1
1366 -1
8800 -1
21983 -1
-23020 1
1039 1
-580 1
-21739 -1
6238 -1
22041 -1
13946 -1
-24166 1
26535 -1
23251 1
-1784 -1
-27835 1
19190 -1
2352 1
-3629 1
29351 -1
-3048 1
-23939 -1
13434 1
-9509 -1
-32419 1
31369 -1
-17393 1
-13976 1
-21555 -1
18871 -1
4177 1
-28474 1
-5928 1
9925 1
28480 1
-20164 1
11887 -1
25210 1
31946 1
9054 -1
624 1
10425 1
26649 1
16840 -1
8297 -1
5580 -1
-17526 1
19145 1
30730 -1
-1775 1
6783 -1
10712 -1
3920 -1
-29215 1
-13738 1
-14601 -1
-18598 1
-20772 1
27130 1
-13881 1
5945 -1
-27612 1
-19967 1
30076 1
15771 -1
3530 -1
-9491 1
31942 -1
-29339 1
29406 -1
-30162 1
29912 1
2146 1
-30597 1
2265 1
7022 1
-29137 -1
22516 1
19395 1
8870 -1
16922 1
2736 1
-21601 1
10674 -1
-669 -1
609 1
56 -1
-15040 1
31493 1
-25304 1
27711 1
31273 1
18338 1
30045 -1
-16601 -1
29401 1
-23047 1
-26685 1
-3601 1
-11262 -1
16359 -1
-9619 -1
13332 -1
29683 -1
19500 -1
19798 1
-5107 -1
-3182 -1
-32344 -1
-7843 1
-1177 1
9192 1
17440 -1
-23627 -1
-18441 -1
18509 1
-28998 1
-30879 -1
-31964 1
16100 1
-2487 1
5243 1
18426 -1
28032 -1
14821 1
-7568 1
-12952 -1
-16616 -1
6501 -1
6134 -1
30834 1
-15491 1
5067 1
-24305 -1
-16968 -1
8007 -1
-5061 1
26881 1
2205 -1
-18914 1
19574 1
23344 -1
6830 -1
21033 -1
-15636 1
-30616 -1
1457 -1
-28610 -1
-19140 -1
-13106 -1
-22607 1
11789 -1
-3253 1
-32485 -1
32354 1
3927 1
9851 1
-4046 -1
-12530 -1
3393 -1
-19629 1
13004 -1
-13934 -1
8813 1
20416 1
-30543 1
-28455 -1
-18794 1
18726 -1
15713 -1
27153 -1
-7393 1
-18082 -1
29429 1
32188 1
-1281 1
4078 -1
-3182 1
8591 -1
-7719 -1
-25231 1
-1138 -1
839 1
17617 1
16374 -1
28400 1
5295 -1
-29381 1
10715 1
27503 1
3489 1
-22908 1
-26838 -1
664 -1
7741 1
-26068 -1
14654 1
-15110 1
19815 -1
-6390 1
-31302 1
-29005 1
16261 1
25220 -1
-15189 1
16200 1
-24953 1
26631 -1
-17316 1
-32422 1
-13277 -1
-26007 -1
-28702 1
-12983 1
12925 -1
5066 1
883 -1
25970 -1
-5146 -1
-16098 1
-17534 -1
-17354 -1
24156 -1
-31538 1
-1752 1
-1331 1
-2583 1
8913 -1
-31165 1
27246 1
13249 1
2178 1
-22814 1
24476 -1
-5171 -1
3042 -1
-23814 1
-3458 -1
-15775 -1
-31443 1
-817 -1
-26136 -1
22737 1
-27687 1
3817 -1
30808 1
24234 1
32656 -1
23332 1
-5957 1
-2521 -1
-11975 1
23259 -1
-8249 1
-31963 -1
7162 1
-25517 -1
-27763 -1
-22580 1
-2427 -1
7859 -1
-14815 -1
15598 1
26279 1
15269 -1
5927 -1
30546 -1
7699 -1
-16942 -1
7931 1
-19941 1
4349 -1
7563 -1
-3740 -1
-12453 1
27633 -1
-15978 1
942 1
17540 1
16569 -1
-28416 1
27967 1
1829 1
-4491 1
-13675 -1
-31762 1
1749 -1
14701 -1
-24651 1
-7728 1
-27340 -1
-24043 -1
-6555 -1
20913 -1
-18341 1
-22011 1
-7124 -1
-23238 -1
31770 1
12848 1
25924 -1
-10506 -1
-4611 -1
-21021 1
-1451 1
-30730 -1
24464 1
13068 1
25110 -1
30482 -1
-25797 -1
25567 -1
-2816 -1
1081 1
8502 1
-19014 1
-166 -1
18094 1
-24068 1
9506 -1
-426 1
13380 -1
-10264 1
30775 -1
16363 1
20027 -1
-30365 -1
-19737 -1
-6051 1
8529 -1
-14786 1
30032 1
9409 1
-21769 -1
-19889 1
14796 1
-21128 -1
22073 1
3530 1
9104 -1
16744 1
26842 -1
-1060 1
-18842 -1
-7963 -1
-11530 1
28997 -1
-20496 -1
-19715 -1
-25445 -1
10271 -1
1201 1
-28867 -1
-31877 -1
-31310 1
-17530 -1
19227 1
-16343 1
12432 1
-5782 -1
28937 1
-5536 -1
-19332 -1
10379 -1
17180 1
-16462 -1
-2215 1
6050 1
-16154 -1
4355 -1
-26507 -1
13206 -1
2005 -1
-25438 -1
11096 -1
9856 -1
16202 1
-27788 -1
-5256 -1
-11778 -1
-3835 1
-10639 -1
20190 -1
-20914 1
-31373 -1
-30925 -1
20391 1
17097 1
22693 -1
10971 1
8245 1
-20748 -1
-3582 1
5770 1
20631 1
8441 1
-26318 -1
31794 -1
3741 1
-3893 -1
-10843 1
17470 1
7435 1
-27957 1
17624 1
25848 1
-10011 1
-811 1
9092 -1
-31637 1
-11321 1
-819 1
7941 -1
-25731 1
32761 1
-22974 1
-4097 1
-24306 -1
6748 1
1854 1
-27134 -1
-1952 1
-13379 -1
28434 -1
-30843 -1
14056 -1
-27699 1
18355 -1
-6735 -1
-3597 1
-28491 1
6175 -1
-5952 1
16323 -1
25218 -1
-28293 1
-27623 1
-24574 1
2084 1
-15410 1
-10178 -1
-18174 -1
23950 -1
-700 1
-14746 1
-21403 -1
11560 -1
-15980 1
-17943 1
6349 1
-20643 -1
-14832 -1
-25760 -1
-17022 -1
-8052 1
-14144 -1
24184 -1
15762 -1
-17808 1
-6608 1
-19478 1
-28471 -1
32361 1
-32247 -1
-11460 -1
1898 -1
28712 -1
27039 1
21626 -1
-15049 -1
-9003 1
558 -1
19452 1
28575 -1
20929 1
-29619 -1
32561 1
10797 -1
3108 -1
-30036 1
-21958 -1
17461 -1
-27830 1
-5879 1
4611 -1
-15308 -1
22655 -1
17455 1
4589 -1
9568 -1
2023 -1
-10344 -1
-20124 -1
-3335 1
-21423 -1
-24662 -1
-13789 -1
-21258 -1
565 1
9370 1
-14858 1
20401 1
4328 1
22966 1
-13353 -1
-19024 -1
13832 1
12594 1
29763 -1
-3986 -1
5795 -1
-18447 -1
-7175 -1
13060 1
-27852 1
28268 1
8095 1
18404 1
6684 1
-1142 1
2256 -1
7466 -1
25198 -1
-6292 -1
22616 1
18647 -1
19157 -1
13011 -1
-8579 1
3709 1
22753 -1
-31118 -1
15375 -1
-27918 1
11795 1
-7010 1
10306 1
-24553 -1
-15261 1
10833 1
-328 1
-7969 -1
2654 1
-21556 1
-6609 -1
27408 1
21277 1
9318 -1
7915 -1
-12060 -1
-25347 1
15021 -1
-23836 -1
-1991 -1
-2142 1
9067 -1
-963 -1
-30717 1
916 -1
-15622 1
687 1
-22937 1
14437 1
-22164 -1
24064 -1
21816 1
7012 -1
-29642 -1
-5182 -1
-27969 1
-6071 -1
-25126 1
29367 -1
-26676 -1
-26894 -1
-2907 -1
-29725 1
9778 -1
9696 -1
12541 -1
1375 1
-11725 -1
-30189 1
-32109 1
19655 -1
-31761 1
12527 -1
5637 -1
20308 1
25554 -1
-24994 -1
6791 1
-4185 1
2103 -1
-26871 1
15811 1
1878 1
16006 -1
15763 -1
25479 -1
-2070 1
25393 -1
910 1
-28619 1
30985 -1
28193 -1
30825 -1
13085 1
29666 1
-21058 1
-28495 1
8265 -1
11380 -1
-29775 -1
-22928 -1
-14157 1
14793 -1
-17630 -1
-5978 1
-20859 -1
7556 -1
18862 1
-3257 -1
15087 -1
-9592 1
8751 -1
14032 1
-17715 -1
-904 1
21329 -1
15705 -1
-16176 1
14273 -1
-26257 1
15450 1
32344 1
-10421 -1
-10305 -1
-16936 1
25873 1
-1561 1
4376 1
-15777 -1
-4707 -1
20898 1
-9977 -1
22693 1
-9957 -1
-10780 -1
24839 1
31445 1
-19172 -1
13515 1
23272 -1
-28815 1
-25045 -1
16645 1
-25432 -1
29225 -1
5885 1
527 1
-12785 1
-1900 1
12126 1
-31544 -1
-20537 -1
-851 1
19683 -1
31284 -1
492 -1
5124 -1
3791 -1
-15290 1
-14475 -1
-8974 -1
-15202 -1
-5728 -1
24101 -1
484 -1
-24269 -1
-18357 1
-868 1
7834 1
2904 1
16288 -1
-15578 1
15582 -1
9937 -1
1527 1
15244 1
-28472 1
-28984 1
-5731 1
27838 -1
-19589 -1
12455 1
-20082 1
11521 -1
7601 1
-11910 -1
-18941 1
23162 -1
-32692 -1
29167 -1
18876 1
21109 1
-13774 -1
-25439 -1
-39 -1
-9769 -1
-10246 1
17822 1
-24718 1
-4812 1
18911 -1
-12272 1
-19579 -1
2266 -1
25948 1
-30076 1
15175 1
20129 -1
1591 1
9724 -1
14331 -1
-2576 -1
349 -1
5029 -1
-20840 -1
-15808 -1
21676 -1
2648 1
-22665 1
-1347 -1
-23279 -1
-9226 1
2328 1
7340 1
-4121 1
-26225 1
30830 1
-32606 1
25025 -1
5615 1
26271 1
-10776 1
18398 1
-27075 -1
19926 1
19521 1
-8643 -1
3437 1
-19437 1
29808 -1
-4957 1
-7009 -1
16975 -1
-1086 1
-24234 -1
31984 -1
-18450 -1
-30544 1
-30076 -1
-23410 -1
-19024 1
-18846 -1
-16239 1
-3767 -1
30405 -1
-2313 -1
20520 -1
13488 -1
19630 -1
-24092 1
-2511 -1
-24153 1
28640 -1
6177 -1
26574 1
32233 1
-6694 -1
2151 -1
28106 -1
-572 -1
18144 1
-14545 1
30433 1
19328 -1
29913 -1
-18850 -1
24870 1
25886 1
-6759 1
-647 1
-20825 1
12523 1
10185 1
-25317 1
-2795 -1
28559 -1
-13244 -1
15715 -1
-6193 -1
21044 1
11870 1
10939 -1
16102 1
-371 -1
13896 -1
24509 1
-31974 1
-17787 1
27622 1
12963 1
-2345 1
15234 -1
24344 -1
23452 1
5373 -1
-17520 -1
29454 -1
15506 -1
-18823 1
-6345 -1
-21600 1
15422 -1
-15740 -1
-11739 1
23916 1
110 -1
-24347 -1
22569 1
1268 -1
-5012 1
3693 -1
22294 -1
-13047 1
-16786 -1
-25536 1
13781 -1
-6095 1
14276 -1
-24160 1
11663 -1
24972 1
-13391 1
30616 -1
-29910 -1
-27535 -1
20648 -1
-21992 1
-10313 -1
-17513 -1
13159 1
-7303 1
14472 1
-9716 -1
-13644 -1
-4891 -1
2395 -1
-15282 1
-17810 -1
-8631 -1
11805 1
-21350 -1
6514 -1
-23829 1
28525 1
21489 -1
29434 -1
-7956 -1
-1559 1
-5742 -1
2832 1
26483 -1
-14144 -1
32144 1
27329 1
-207 -1
15824 -1
-26426 -1
-16334 -1
-9690 1
11556 -1
21599 -1
-30840 -1
-8925 1
-14580 -1
-25372 -1
-12939 -1
-12144 1
-3713 -1
-30483 1
-18856 1
31863 1
11011 -1
11274 1
-4311 1
-12895 -1
-23378 1
-28355 1
844 -1
-23449 1
20690 1
-22557 -1
30839 1
30551 1
30627 -1
-9835 1
10066 -1
-12422 -1
31241 -1
-28948 1
1254 -1
29963 1
-7448 1
-29291 -1
-18975 1
-26945 -1
-25252 -1
-976 -1
-11473 -1
29617 1
7272 -1
10246 1
6154 -1
23827 1
-23668 1
-16343 1
28569 -1
16517 1
-28379 -1
17638 -1
10974 -1
-18441 -1
18589 1
9939 1
-21203 1
28996 1
6098 -1
9877 -1
12122 -1
-22133 1
-24856 1
19474 1
12232 1
-14259 -1
-22078 -1
-20995 1
23218 1
-16490 -1
21040 1
-9222 1
20727 -1
17688 1
-9765 -1
19204 1
12302 1
-30019 1
9223 -1
25541 -1
24465 1
15805 1
-4642 -1
31697 -1
-5640 -1
-22299 -1
29712 -1
28809 -1
8442 -1
-15474 1
-21732 -1
-11397 -1
-15409 1
-1620 1
-32405 -1
24367 -1
1100 1
-26122 1
19116 1
-2719 -1
-20619 1
-15634 1
30769 1
-953 1
32725 -1
3291 1
13010 -1
16517 -1
-1293 -1
15039 -1
-14164 1
-4302 -1
16022 1
-25665 1
16703 -1
7421 1
25892 1
-16263 1
11716 -1
-18230 1
-7621 1
17433 -1
32753 -1
19123 1
31534 -1
-6107 1
12824 1
13665 1
-31306 1
31816 -1
124 -1
-6072 1
17919 1
-14320 1
-6461 1
1759 1
20035 1
14388 -1
23942 1
-19712 -1
32351 1
26431 1
8180 1
25575 1
7810 -1
29255 -1
-3144 1
5601 -1
11400 -1
31749 -1
9296 1
24787 -1
14347 -1
30578 1
32274 1
30617 -1
-3499 -1
-9923 1
12090 -1
-32160 1
15769 -1
31397 -1
-4550 -1
-22726 1
18793 -1
19900 1
-19951 -1
-13681 1
-1305 1
14426 1
-21849 1
6381 1
30556 1
-30844 1
-15230 -1
-7691 -1
-17707 -1
10761 1
-5975 1
-14326 1
29837 -1
-19277 -1
23116 1
5975 1
4774 1
18867 1
-18526 -1
3500 1
-2302 1
4802 -1
-32146 -1
-2789 -1
11794 -1
-25946 1
-11424 1
4416 -1
-23840 1
-24367 1
732 -1
-15206 1
8494 -1
-644 1
23908 -1
-12485 1
16219 -1
-12332 1
15242 1
9263 1
-11370 1
-20926 -1
6787 -1
14516 -1
-14732 1
12311 -1
9809 -1
26811 -1
-1132 1
-12821 -1
27629 1
19303 -1
30336 -1
-32657 -1
-30905 1
21544 1
24461 -1
17565 1
-4900 1
-26783 -1
-30587 -1
4351 1
30878 1
26807 1
21339 -1
-4076 1
19646 1
1280 -1
-6582 -1
5129 -1
9649 1
32590 -1
535 -1
-13214 -1
-25061 1
-12690 1
27610 1
-28956 1
-13046 1
-30455 1
6198 1
11217 1
2520 -1
-21312 1
-21384 -1
-21737 -1
20549 1
-29792 -1
-6626 -1
9384 1
-7017 1
-27226 1
-724 -1
-19429 1
-17356 1
12635 1
-120 -1
24009 -1
3711 1
27157 -1
-15811 -1
28105 -1
21386 1
23646 -1
-10250 -1
7649 1
19860 -1
-8200 -1
-28626 1
6418 -1
-32467 1
-2050 -1
3292 1
13853 -1
22326 1
11183 -1
4464 1
-16000 1
-2000 1
-10886 1
-22761 1
-5553 -1
12168 1
-1514 1
23937 -1
-15513 -1
19710 -1
11595 -1
16733 1
-27987 1
-8640 -1
6269 1
22235 1
-19238 -1
29357 1
-3159 1
-13338 -1
-25279 -1
20904 1
-25999 1
-7626 -1
30386 -1
-23681 -1
1493 1
21814 -1
-21555 1
-7455 1
-16173 -1
5518 -1
11280 -1
30450 1
-22929 -1
-19577 -1
-11250 -1
19864 1
-3783 1
23002 -1
21460 1
-20685 1
-6271 -1
-25314 -1
17346 -1
-6552 -1
-11439 1
-1110 1
-32214 1
-1202 1
-1075 1
28705 -1
22640 1
-30266 -1
-18335 -1
-16924 -1
-7349 1
-29334 -1
-32359 1
-6171 1
-3401 1
-14508 -1
-23602 -1
14652 -1
-20816 -1
-18754 1
2170 1
22635 1
32673 1
1969 -1
-15464 1
-15929 1
17996 1
-24528 1
-21230 -1
-26078 1
-27214 -1
-7455 1
-10020 -1
22923 1
7059 -1
-24370 1
23783 -1
-23029 -1
-22828 1
22368 -1
28592 -1
7454 -1
-25041 -1
15277 -1
-9137 -1
12389 -1
-27801 1
-6900 -1
13621 -1
18896 1
-9719 1
32344 -1
25145 -1
-5272 1
-11512 -1
-1003 -1
10821 -1
17653 1
3259 1
-24223 -1
-24720 1
32554 -1
-28208 1
26477 1
-27732 1
24020 1
32276 -1
11204 1
-21357 1
9071 1
-17195 1
9525 -1
-27448 1
-25385 1
-24768 1
1627 -1
19370 1
11498 -1
346 1
-18703 -1
-24751 1
-2211 -1
-26047 -1
-27084 -1
-13765 1
-19669 1
21550 1
-31839 1
-22488 1
-7269 1
25559 1
1491 -1
26974 1
-6047 -1
-24734 -1
18331 -1
17590 -1
3207 -1
-17168 -1
26625 1
-18621 -1
-12903 -1
-30886 -1
-9166 -1
11186 1
-15508 1
-30776 -1
30010 -1
-28747 1
-20611 -1
-24259 -1
-23573 1
-22807 1
-11020 -1
-4191 1
13111 1
30230 -1
253 1
-6522 1
-16164 -1
10390 -1
-26338 -1
19546 1
-25091 -1
14672 -1
-19474 -1
-22225 1
8384 -1
23746 1
-21757 1
19521 1
-25984 1
-16847 1
-8372 -1
-24531 1
11077 -1
-1684 -1
-17849 1
19187 -1
32481 1
-12172 -1
4616 -1
7182 -1
-287 1
31974 -1
-23141 1
-27023 -1
-22063 -1
14885 -1
-25831 1
-9494 -1
-11859 -1
25594 1
-15044 -1
-2810 -1
21447 -1
16477 -1
-27998 -1
-27138 -1
27125 1
17650 -1
6798 -1
16222 -1
18905 -1
-26522 1
15408 1
-25323 -1
-10161 -1
-13654 -1
-3822 -1
16295 -1
-28136 1
19300 -1
-7248 -1
-21618 -1
-31044 -1
-3732 -1
-13316 1
30983 -1
-8783 -1
-15594 1
24682 -1
-9017 -1
-16386 1
13689 -1
8803 1
10353 -1
4024 -1
-4734 1
90 1
-14183 1
11857 1
29115 1
-13458 -1
-1567 -1
-3748 1
-1814 -1
1713 1
28711 -1
-6442 1
-21874 1
7308 -1
-270 -1
-24808 1
-10699 -1
20021 1
10023 -1
-6557 1
-13464 1
18754 1
2687 -1
-15148 1
23900 1
3935 1
-17435 -1
32331 1
11406 1
-7190 -1
29046 -1
7789 1
-26539 -1
15837 -1
-24633 1
-3308 -1
15256 1
-28256 -1
-20028 1
-378 -1
-4412 -1
-13840 -1
31165 1
5065 -1
26717 1
-26347 -1
32223 -1
-19064 1
-21691 -1
14989 -1
-14181 1
-19265 -1
31082 -1
-8055 -1
-11695 -1
-6240 1
7796 -1
-16798 1
-15348 1
1862 1
-15535 1
-6711 1
30401 1
23678 1
-7131 -1
4800 1
-2481 -1
-14558 1
-24319 1
1873 -1
-2413 -1
-17394 1
-6916 1
13349 -1
-30183 -1
-16293 1
21393 -1
-23139 -1
-26834 1
-28977 1
31273 1
10289 -1
11364 -1
-2888 1
19331 1
-12283 1
13903 -1
1410 -1
-10026 -1
31487 1
-17148 1
-3337 1
15700 1
-796 -1
-3338 -1
-31363 -1
12038 1
-8155 1
-23814 1
-31040 1
-31848 1
-12990 1
-28011 -1
-19364 1
-23909 1
-7879 1
-24283 1
-22742 -1
24710 1
-22348 1
-14495 1
28585 -1
-27664 1
4601 -1
-12636 -1
-27338 -1
-32091 1
-26661 1
-15383 1
8747 1
17013 1
29529 1
-5483 -1
-21934 1
-27126 1
-12574 1
19721 -1
-32021 1
17701 -1
14854 1
1903 1
-10537 -1
6220 -1
6141 -1
-29676 -1
-25129 -1
-13656 -1
-18384 -1
-13011 1
-12149 1
-15540 -1
12797 -1
10238 1
-13434 -1
8294 1
9917 -1
-30086 -1
3808 -1
17769 -1
-10575 -1
6848 1
-25074 -1
24397 1
5766 1
-29562 1
15181 1
25101 -1
29333 1
4982 1
15563 1
-9776 1
27160 1
-14886 -1
14258 -1
6946 -1
21094 1
23209 1
-9496 -1
-9172 -1
13590 -1
29702 1
10137 -1
-31122 -1
-13007 1
13735 -1
-572 -1
12579 1
-18772 -1
-11288 -1
12449 -1
-15910 1
18639 -1
29184 1
-3183 1
-4267 1
-1116 -1
-8543 -1
-11260 -1
10512 -1
-2520 1
265 -1
-26174 -1
15902 -1
27883 -1
-10850 -1
10225 -1
20836 1
29011 1
9051 -1
-1545 -1
-19922 -1
-8306 -1
10412 1
14682 -1
-3224 -1
-5658 1
9298 1
-28549 -1
23616 1
-4247 1
-3147 1
-7461 1
26122 -1
4094 -1
9616 1
-15674 1
3463 1
-4276 1
-26451 -1
-10709 -1
9848 1
-11585 1
31354 1
31237 -1
7400 1
-13141 1
4443 -1
-4352 -1
-27527 1
-30746 -1
-5048 -1
19093 -1
31817 -1
-30652 -1
-23293 -1
28881 -1
-20287 1
-3126 -1
31415 1
-26351 -1
949 1
-18271 -1
-20824 -1
-13701 -1
8076 1
15411 1
23849 1
-25580 -1
12504 1
-17254 -1
-4495 -1
19183 1
-9660 1
-1830 1
10369 1
19640 1
30341 -1
25135 -1
-11337 1
-7670 -1
-32262 -1
24084 1
13690 1
-3155 -1
-7218 -1
-23756 1
-6449 -1
28181 -1
32511 -1
-14715 1
911 1
10001 1
-11641 -1
27777 1
14965 -1
28376 -1
-12580 1
32456 1
1153 -1
17436 1
-31127 1
-22601 -1
-28745 1
-14691 1
22101 -1
13792 1
30679 -1
-1775 1
-8942 -1
21073 1
15460 1
3564 -1
-342 -1
-3737 1
-22103 -1
14555 1
-16005 -1
9593 -1
-30080 -1
25918 -1
15695 1
13888 1
-19856 -1
17028 1
-900 -1
-13016 1
2780 1
-21046 -1
17739 1
-32019 1
19282 1
-30050 -1
-2747 1
16183 -1
22459 -1
13128 -1
-19387 1
-19399 -1
-6450 1
9539 1
-7707 1
-4243 1
-1764 -1
-13305 1
20978 1
-26881 -1
-2057 -1
4549 1
6201 -1
23453 1
-1570 -1
-7780 1
4008 1
-3806 1
11123 -1
-8159 -1
-21456 -1
-315 1
-2499 1
-31928 1
27257 1
20590 -1
9555 -1
25431 1
-11069 1
7174 -1
-8219 1
-2742 1
32101 -1
20274 -1
331 1
-30795 -1
2051 -1
24012 1
-21761 1
-30517 -1
12368 -1
-16548 1
8262 -1
-11434 1
583 -1
15630 -1
-25935 1
30112 1
-24449 1
-17325 1
-13297 -1
-31162 -1
4179 -1
-29313 1
612 -1
8053 -1
-4901 -1
-1583 -1
-19003 1
19858 1
17940 1
-18063 1
9635 1
9669 1
18123 -1
14971 1
-26843 -1
9375 -1
-9374 -1
11989 -1
29683 -1
21177 1
16616 1
23769 1
14536 1
-29473 1
31142 -1
15269 -1
12607 -1
23305 -1
-31315 1
-18693 1
16832 1
24237 -1
20229 1
21891 -1
-17398 -1
-32645 1
5576 -1
-8111 -1
13764 1
18347 -1
-27194 1
-19114 -1
-18570 -1
-32398 1
26471 -1
-31736 -1
19608 -1
-8920 1
-23525 1
11398 -1
13554 -1
-21916 -1
3123 1
30969 -1
12102 -1
8899 1
-8015 -1
-32058 -1
-3114 -1
21176 1
-4501 -1
1854 1
-29594 -1
12625 1
18911 1
11545 1
8624 -1
30208 -1
11481 1
4677 -1
-10149 -1
-14651 1
19108 1
-26671 1
-27912 1
9000 1
686 -1
30210 -1
-27964 -1
16269 -1
14800 1
-13239 -1
-27959 -1
8950 1
-32425 1
-17501 -1
9592 -1
19751 -1
-14393 1
-23460 -1
7241 -1
29891 -1
15040 -1
-23216 1
11318 -1
-10301 1
-24280 -1
12315 -1
29388 -1
-28671 -1
30417 1
-18251 1
9110 1
24025 -1
-15948 -1
-4853 1
31572 -1
13740 1
-8219 -1
-32497 1
-20350 -1
6998 1
-28246 -1
21824 1
30200 1
-29151 1
26817 1
-25178 -1
278 -1
22501 -1
-11613 1
-25789 1
-3026 -1
27972 -1
-28492 1
5042 1
4683 -1
-19978 -1
-4073 1
18785 1
-4737 1
28313 -1
30247 -1
7191 -1
29007 1
-17693 1
16426 -1
-29398 1
24488 -1
-27696 -1
11043 -1
24861 1
-15381 1
10956 -1
-19824 -1
22008 1
11374 -1
3440 1
-32500 1
27211 1
-27608 1
31893 -1
2994 1
23131 -1
-2302 1
-31827 1
3248 1
30365 -1
4243 1
334 -1
-778 1
6082 1
24583 1
-1767 1
4436 -1
25090 1
-7304 1
-21152 1
-28469 -1
25512 1
2619 -1
4303 -1
-29505 -1
-23261 1
16315 -1
13957 -1
20246 -1
11961 1
-29138 1
-21696 1
-22969 -1
-26503 -1
21366 1
-18640 -1
-1073 -1
-12887 1
17926 1
-30215 1
-21605 1
-15305 1
21957 -1
-29860 -1
562 -1
-28183 1
-16022 -1
25088 1
-4816 1
24164 1
-29945 -1
15865 -1
3686 1
30020 1
28485 1
414 1
-11243 1
-7819 -1
-11047 -1
-23324 1
3903 1
-3161 1
-11098 1
-15080 1
-30089 1
22885 -1
-27048 1
7725 -1
27602 -1
-5769 1
31008 1
17016 1
-27618 1
-3982 1
21657 1
11937 1
31578 1
21304 -1
5478 1
-15612 -1
10514 1
-19093 1
-3674 -1
4800 -1
-1204 -1
27521 -1
1790 -1
-12471 -1
-27801 -1
21117 1
-4881 -1
-2342 -1
19939 1
-20401 -1
16960 -1
18174 1
-13019 -1
13118 1
9254 -1
-12868 1
-15244 1
25800 1
-23686 1
23998 1
-23712 -1
-4675 -1
17351 1
-2527 1
121 -1
-509 1
20399 1
-26867 -1
26259 1
21484 1
-16483 -1
-12429 -1
23832 -1
-15929 1
-19871 1
-9265 1
-12484 1
4364 1
-20529 1
1341 1
-28411 1
-3481 -1
-9147 -1
-5149 -1
-22056 -1
23658 1
-15528 1
3758 1
-4184 -1
-12014 1
11887 1
-22514 1
-5142 -1
22594 1
-7687 -1
13557 -1
-18312 1
26942 -1
-23722 -1
19198 1
-16842 1
-7107 1
9933 -1
-19193 1
-18058 1
6466 1
-17246 1
30244 1
-22500 1
26768 -1
32575 -1
26616 -1
31359 1
3816 -1
16643 -1
-20826 -1
2024 1
-12353 1
12519 1
-4354 -1
-11053 1
-15057 -1
12563 1
-21802 -1
25533 -1
27105 -1
8721 -1
-12923 -1
-10879 -1
11218 1
12173 -1
23604 1
-5424 1
-14192 1
8526 1
27035 -1
5121 -1
23670 -1
-27764 1
21672 -1
9584 -1
23392 -1
-243 -1
-7664 -1
7270 1
-20600 1
-3919 1
16847 1
-21650 1
32282 -1
17049 1
27352 1
28932 1
-586 1
-10921 -1
3457 -1
-269 -1
-17273 1
21149 -1
22793 -1
10069 1
-8339 1
-16273 -1
-10669 -1
7996 1
12364 1
-21407 1
26636 1
-15478 -1
-7083 -1
-20761 -1
470 -1
-16609 -1
-24534 -1
31237 1
-26555 1
-9385 1
-799 1
-2009 -1
15507 -1
-11423 -1
2383 -1
30584 -1
8649 -1
27349 -1
13105 -1
-25963 -1
-19724 1
1405 -1
21858 -1
30307 1
-21304 -1
-24578 -1
21079 1
2031 -1
-21634 -1
615 1
942 1
9593 1
-30178 -1
23264 1
7865 1
-32134 1
21446 -1
-13742 1
24648 1
-21294 -1
-23027 1
-1855 1
2998 1
-10200 -1
-11454 1
-25734 -1
2358 -1
6458 -1
3948 1
17815 1
-12126 1
12176 1
29669 -1
28293 1
-1011 -1
-6171 1
-8096 -1
-6783 1
32759 1
2013 1
4554 1
-17705 1
8944 1
-17042 -1
5816 1
11832 -1
24954 1
497 1
13454 -1
-29520 1
-15119 -1
14628 -1
-23856 1
-23585 -1
-789 -1
-28804 1
-4457 1
-13504 1
-10536 1
13721 -1
24921 1
21058 -1
-3240 1
-23376 -1
-30243 1
7582 -1
-10118 1
1662 1
4311 1
-16580 -1
7243 -1
-17045 -1
10909 -1
-20985 1
-29544 1
6820 1
-8739 -1
6517 1
5060 -1
29332 1
8776 1
-19775 1
17027 1
7328 -1
11785 1
24391 -1
13843 1
-26389 1
32170 -1
-14788 -1
-2173 1
7755 1
-6440 -1
-1487 1
-5353 1
16099 1
23519 1
22592 1
-3185 1
21570 1
19831 1
-24776 -1
-20010 1
-16205 -1
31764 -1
30544 -1
20080 1
24934 1
-17341 -1
9104 -1
6513 -1
-26534 -1
12043 1
-31474 1
15612 -1
12891 1
-23830 1
-28840 -1
9610 -1
5315 1
6300 -1
29707 1
-14988 1
-26890 -1
-3186 1
31030 -1
17911 -1
-13441 1
-16688 -1
-18403 1
29453 1
22561 -1
-20503 1
-11396 1
28781 -1
2367 -1
-30534 -1
26533 -1
350 1
-3727 -1
-31517 -1
-30592 -1
2647 1
32094 1
240 -1
6113 -1
-25809 1
29451 -1
20207 -1
5180 1
-1616 1
1735 1
7508 -1
-18444 1
-18095 -1
28557 -1
25806 -1
-26990 1
20907 1
-6755 1
22062 -1
31229 -1
-4018 -1
11473 -1
-26448 -1
-31216 -1
4589 -1
-12193 1
-8523 -1
14705 1
-19850 1
-24025 1
-7131 1
25662 1
12879 1
-21494 -1
21005 1
-9094 1
26715 -1
7018 -1
-15405 -1
-29181 1
16702 1
-20055 -1
23276 -1
32320 1
-10300 -1
-20364 -1
8149 1
-14192 1
7645 -1
-21183 -1
-24305 -1
-24585 -1
-2744 -1
12556 -1
13752 1
-17154 -1
-30080 -1
-17837 -1
-4923 -1
-26411 -1
-26702 1
-20219 -1
-19856 -1
-23746 -1
4400 1
4005 -1
28796 -1
342 -1
27122 1
11310 1
-12647 -1
21984 -1
29484 1
172 1
13435 1
17183 1
20108 1
27326 1
-3870 1
26675 -1
-17508 1
-17358 1
13202 -1
20349 1
-118 -1
-1928 1
12778 -1
-9653 -1
4606 -1
25242 1
-31279 1
20300 1
-31489 -1
-9645 1
3026 1
-30723 1
-23252 -1
22691 -1
15957 1
30924 1
32750 -1
-27153 -1
-3893 -1
-12256 -1
27890 1
-14078 1
8474 1
10016 1
-7415 -1
-26333 -1
-22593 -1
-9392 1
4890 1
-22473 -1
-16424 1
465 1
-326 1
-5887 -1
-9851 1
-25599 1
-4673 -1
8608 1
-5950 1
-13387 -1
-8954 1
27047 1
-9788 -1
28922 1
-30481 1
23335 1
-12719 -1
13661 -1
-13479 1
-24010 1
-2607 -1
5106 1
-13159 -1
3718 1
11232 -1
7868 1
27349 -1
-11680 -1
-29910 -1
-14815 1
3029 1
31974 -1
-1227 1
5247 -1
4478 1
2600 -1
12805 -1
-25561 1
21791 1
8695 1
-16257 -1
15521 1
29074 1
26273 1
16483 1
-9886 -1
-448 -1
18283 -1
-21666 -1
18052 1
1653 -1
21521 -1
10990 1
14865 -1
-32613 1
10362 1
29669 1
-618 1
893 -1
27839 1
-12918 -1
6327 -1
25710 1
9567 1
5524 -1
-2300 -1
10615 -1
-20411 1
-18207 -1
-12090 1
28018 -1
1751 -1
23567 1
29382 1
-27681 -1
-11347 1
20961 1
-7144 -1
-19129 1
20902 -1
-17734 -1
-8119 -1
26543 -1
-23965 -1
19977 1
32307 1
-15810 -1
-10772 -1
11329 -1
3747 -1
-9800 1
5619 -1
12984 1
-22064 -1
-1725 -1
-18282 1
6810 1
-17602 1
13704 1
6768 -1
-11361 -1
29723 -1
8720 -1
30584 1
27136 1
17713 -1
-3071 -1
3701 1
-9805 1
30671 1
-21972 1
-12817 -1
13748 -1
6254 1
16046 -1
-20264 -1
-9241 1
-24656 1
3927 -1
-15499 -1
-7181 -1
-25566 1
1679 1
24306 -1
-27444 1
-11076 1
-4250 1
-23873 1
-20470 -1
-4425 -1
5643 1
24831 1
-31844 1
-1139 -1
28114 -1
-7954 1
31340 -1
1627 -1
-16003 -1
-9407 -1
-23872 1
-1356 1
23273 1
-9442 -1
27651 -1
-27682 1
26058 1
16745 -1
-12725 1
-1121 -1
-18684 -1
-3350 -1
-7776 1
-1684 -1
-19367 -1
-16757 -1
9603 -1
29928 1
-21468 -1
-25882 -1
-1470 1
7177 1
8022 1
-24096 -1
-9663 1
-22075 -1
32655 -1
-11485 1
12908 -1
-27835 -1
-25862 1
-19178 -1
27217 1
-13143 1
-17871 -1
27218 1
-16971 -1
14923 -1
-11099 1
4376 -1
20341 1
-12894 1
-29576 -1
19695 -1
-8786 1
-24381 -1
-4331 1
-31540 1
-32572 -1
-13335 1
-22108 -1
24879 1
8204 1
30329 1
6595 -1
-4235 -1
-27402 1
874 -1
-14881 -1
21522 1
-19223 1
4810 -1
21729 1
8364 -1
5400 -1
5351 -1
13919 1
18073 1
9893 1
1632 -1
20921 -1
24301 1
10737 -1
-22078 -1
-19412 1
12621 1
11004 1
-14928 1
-26034 1
3560 -1
-27127 1
-3527 1
-20978 -1
22455 1
5879 -1
5649 1
-16808 -1
-15096 -1
25310 1
18937 -1
-13406 1
-19431 -1
-4485 1
-30463 -1
22378 1
2494 -1
-31021 -1
24821 -1
-113 -1
496 1
6951 -1
14298 1
3899 1
4001 1
-16834 -1
32762 1
17081 -1
-29544 -1
20341 1
-18502 1
-19795 -1
16199 -1
-11085 -1
19184 -1
13430 -1
-21226 -1
30360 -1
21578 1
-18269 1
-25631 1
-30674 1
3040 -1
-14623 -1
-20373 -1
26319 1
-31699 -1
-10745 -1
11737 -1
1577 1
29304 -1
-11229 1
26765 1
-13804 1
-6704 1
3642 1
19434 1
-27519 1
-25482 1
-32013 1
-20600 1
-15061 1
7574 -1
16167 1
-6411 1
-23765 -1
-22667 -1
-8128 -1
-24832 -1
24326 -1
-28316 1
-20284 -1
-22200 -1
26750 -1
-20246 1
18236 1
-7765 -1
16396 -1
-26558 -1
32232 -1
30899 1
-32675 1
18537 -1
29819 1
19114 1
8457 -1
23771 -1
-27918 1
129 -1
-20417 -1
22756 -1
-21417 -1
-2485 1
11317 1
-12985 -1
9862 1
-26858 -1
27687 1
18320 -1
27048 1
-5169 1
1113 1
1662 -1
29084 -1
8572 1
18298 -1
15764 1
-4493 1
31581 -1
-9812 -1
-25911 1
30861 -1
6662 -1
-32051 1
1471 -1
-18978 1
-31869 1
-6808 1
-4947 -1
15887 1
-24095 1
-27422 1
23555 1
21348 -1
-25687 -1
30380 -1
-25638 -1
25288 -1
16542 -1
6876 1
19702 -1
-7173 -1
-693 -1
11946 1
-8553 1
15060 1
5921 -1
-31583 1
-9553 1
-32489 1
-11751 1
14016 1
694 -1
-13122 1
-1417 1
-27250 -1
29043 -1
-20651 1
22080 -1
29872 1
13583 -1
1941 1
22906 1
-3632 -1
-3293 -1
-15640 -1
-10646 1
-338 1
29270 -1
18245 1
30174 -1
-32394 -1
16821 1
-29872 -1
-18116 1
14863 -1
10452 -1
-11069 -1
-20064 -1
-16068 1
30790 -1
-10794 1
-298 -1
-8806 -1
-12980 1
-15197 1
-29427 -1
-1783 -1
-30332 -1
-24558 1
-13353 -1
-5482 -1
7559 -1
17399 1
-11083 1
-23951 -1
12139 -1
-1435 1
9898 -1
18240 -1
449 1
-6996 1
-8801 1
-204 1
8903 1
25985 1
32406 -1
5794 -1
27192 -1
-14127 -1
8690 1
8258 1
-19562 -1
25126 -1
-17501 1
11873 1
19369 1
-4662 1
24062 -1
-26202 1
-9171 1
963 -1
30322 1
30429 -1
3125 1
24975 1
20555 -1
-20945 1
11172 1
-21958 -1
11467 -1
-22412 1
-6878 -1
6734 -1
-9185 -1
24375 1
-4385 1
-5200 1
-19556 1
18555 1
5900 1
18177 1
12430 -1
624 -1
23478 1
10678 1
19130 1
13254 -1
-2061 -1
11559 -1
-1633 1
-28724 1
-11376 1
-31746 -1
338 1
-10017 -1
9358 -1
-17075 1
-2353 1
-14224 -1
-3456 1
2673 1
4401 -1
21841 -1
-10789 1
29579 1
-7189 -1
11109 -1
-20926 1
23284 -1
22116 -1
26545 1
-17609 1
-14093 -1
-23787 -1
-7142 -1
-1058 1
14258 -1
27512 -1
-8111 -1
-1622 -1
30087 -1
-28628 -1
-24604 1
26442 1
-15490 1
-15617 1
-18510 1
-28173 1
15804 1
-23220 -1
-12132 1
1273 -1
-13428 -1
11541 1
-30628 -1
15 -1
19043 -1
28853 -1
-19181 -1
-19860 -1
-18247 1
-18127 -1
8284 -1
27879 -1
-22441 -1
-19907 1
-30524 1
18341 -1
30449 -1
-463 1
-29491 1
-18687 1
18605 1
25103 -1
17834 -1
-20314 -1
27933 1
-5559 -1
4221 1
21543 -1
7425 1
3470 -1
11747 -1
26117 -1
-6310 -1
23981 -1
2463 -1
20756 1
-13870 -1
19321 1
30567 1
4507 -1
6943 -1
-19422 1
-12948 1
-27869 -1
-27950 1
-28109 1
-29451 1
-19511 -1
1613 1
-27895 -1
17259 1
13950 1
30706 -1
26826 -1
1143 -1
919 -1
-27049 1
-31660 1
-18885 -1
-9815 -1
7900 1
11894 1
31655 -1
-10396 -1
-12256 -1
-1075 1
-27225 1
-13739 -1
16964 -1
-6681 1
-15980 -1
20172 1
-19541 1
6087 -1
-29298 1
1572 1
-12276 -1
-27584 1
-16874 1
23506 1
-14492 -1
-4136 -1
-14701 1
-6476 1
18606 -1
-21437 1
-21530 1
-18170 1
-16895 -1
-25368 1
-21054 1
-6163 -1
30115 -1
3620 1
13639 1
26807 -1
9979 -1
-1501 1
3307 -1
-10829 -1
-28156 -1
3661 1
-403 1
23071 1
-1217 1
24772 -1
18445 1
24115 -1
19539 -1
-14934 1
-27249 -1
25707 -1
5303 -1
21146 -1
4691 1
8160 1
29753 -1
-13984 -1
-16427 1
122 1
-14839 1
-17459 -1
7169 -1
-16595 -1
-18351 1
-16720 1
19292 -1
26189 1
24269 1
-19429 -1
-30827 -1
-3954 1
-11439 1
-7629 -1
-30324 -1
-11403 -1
-8763 1
-24843 1
12157 1
32387 1
-25251 1
-4166 -1
-18233 -1
30717 1
-21878 1
8069 -1
-7989 -1
-23730 -1
10218 1
26923 -1
10306 -1
-15120 -1
18792 -1
6965 -1
11557 1
-7184 1
-12120 1
-8370 -1
-637 1
-1368 1
27694 -1
-17282 1
-18419 -1
10641 -1
-26037 1
594 1
-9896 -1
-25353 -1
13978 1
22230 1
-14555 1
21643 1
-1851 1
26696 1
-1753 1
-19581 -1
27057 -1
-26145 -1
-17706 -1
-17980 1
-1306 1
1815 1
16376 1
9652 -1
-7211 1
26710 -1
8130 -1
2370 1
-15094 -1
18690 -1
-29506 -1
-19917 1
-6136 1
-24043 -1
10907 1
-8482 1
29798 1
14738 1
-28614 -1
-16016 1
1975 1
1116 -1
-2110 -1
-12740 1
-17012 1
276 1
-11241 1
-15334 1
29759 1
-6567 1
32074 1
-14067 -1
-8482 -1
28698 -1
-3812 1
4957 1
-4633 1
12238 -1
-8689 -1
19424 -1
-27873 -1
-6904 -1
-2627 -1
-27558 1
24321 -1
4186 -1
25465 -1
670 1
-10265 -1
-1350 1
870 -1
9241 -1
3946 -1
-12245 -1
21950 1
19366 1
-4262 -1
-23907 1
-3330 1
-17454 -1
-19449 1
-12621 1
21677 -1
-27986 -1
-1368 1
-18414 -1
-28831 -1
31491 -1
-16136 1
31190 1
-30153 1
2915 -1
15216 -1
15180 -1
-2073 1
11995 1
29219 -1
21510 -1
-18855 1
-15997 -1
-17448 1
-27431 -1
-26401 -1
7323 1
-31627 1
-9081 -1
-28020 1
-15272 1
25129 1
17387 -1
21691 1
-1869 1
31672 1
-10316 1
-27756 1
3023 -1
12052 1
30281 -1
5312 -1
-30624 1
27345 1
21156 -1
-29026 1
-21314 1
-4348 1
-4790 -1
347 1
-2916 -1
-13876 -1
-9767 1
-18493 -1
-10550 -1
-32745 -1
-13547 -1
29838 1
-21775 -1
11762 1
11648 -1
12150 -1
-32578 1
6997 -1
16229 1
-428 1
-19261 -1
16977 1
-32221 -1
-31134 1
-6370 1
4016 -1
-9957 1
32479 -1
-18473 -1
4427 -1
-19058 -1
-32468 -1
-4854 1
-19421 -1
19950 1
24225 1
6456 -1
17420 1
2037 -1
24145 -1
-31554 -1
-1717 1
-28748 -1
22853 1
7789 1
15479 1
-8226 1
-4063 -1
-30701 1
-5249 1
-7817 1
26222 -1
-31219 1
4767 -1
13622 1
17755 -1
32516 -1
-3202 1
18808 -1
1684 -1
20377 1
25168 1
-30070 -1
-7224 -1
-7671 -1
-15979 1
23981 -1
23684 1
5199 -1
-26757 -1
32424 1
7933 1
20760 -1
30692 1
28416 1
-5855 -1
28076 -1
-28913 1
-20887 1
5828 1
-27425 -1
6663 -1
-29712 -1
10648 1
8554 1
-4985 1
-21905 1
11451 -1
3245 1
-32484 1
4540 -1
22392 -1
-5350 -1
-16822 -1
27626 1
-23461 -1
-11196 1
-12030 -1
30377 -1
2971 1
23714 -1
-9333 1
4984 1
12632 1
-11057 1
26317 1
18113 -1
-754 -1
23493 1
18745 1
-7191 -1
-24639 1
598 -1
27709 -1
-5808 1
-17858 -1
29591 -1
8118 -1
27173 1
8407 -1
29780 1
13356 -1
30567 1
28962 1
-17160 1
18262 -1
-18949 -1
-25396 1
22461 -1
22509 1
4508 -1
20606 -1
30249 1
