10000 1000
-22602 1
-28329 -1
8151 -1
-15939 1
26514 1
23021 -1
2193 1
-29701 1
-19245 -1
21818 -1
12827 1
-10456 1
30961 -1
-2521 1
-6620 -1
6386 1
23721 -1
-793 -1
-9594 1
-23856 1
-949 1
25821 1
-29203 -1
24509 1
-24287 -1
-18792 1
32698 -1
5638 1
-13952 1
21095 1
-29999 1
-11228 1
-11476 1
14655 1
30691 1
3050 1
-27289 -1
-27288 -1
21547 1
29018 -1
20973 1
-31017 1
29122 -1
-28354 1
-21353 -1
-29637 -1
20612 -1
-5716 -1
16760 1
-27302 -1
2409 -1
12101 -1
-15869 -1
-12280 -1
-4031 1
-9341 1
7717 -1
-8104 1
-11947 1
6273 1
24713 -1
31342 -1
32482 1
19100 -1
4487 -1
8216 1
20643 1
14676 -1
-14817 -1
13592 -1
17911 1
11787 1
13206 1
32593 -1
-6444 -1
7668 1
256 1
-1565 1
19342 -1
3129 -1
558 1
16801 1
14440 1
-22889 1
9347 -1
-25940 1
18490 -1
11303 -1
26767 -1
-4557 -1
-16443 1
24336 1
-23085 -1
31181 1
-27153 1
-8172 -1
-22237 1
18060 1
-4047 1
11288 -1
-15971 -1
-18247 1
2094 -1
22067 1
-27040 -1
-14345 -1
-20240 -1
-16647 1
-943 1
-11192 1
-26161 1
-31673 1
8515 -1
-25955 -1
-31279 1
27444 -1
12863 -1
11467 1
-1980 -1
11474 -1
-10646 -1
27183 1
32033 -1
-24139 -1
-30565 -1
5467 1
-5109 1
30435 -1
12622 1
17395 -1
-24351 -1
7631 -1
1303 1
-25339 -1
18697 1
10727 -1
20866 -1
-26538 1
32293 1
13969 1
366 -1
880 1
32677 -1
31212 1
1326 1
-10052 1
-23158 1
18492 -1
1576 1
-25139 -1
15997 -1
-28822 1
-12466 -1
26405 1
29204 1
-24267 -1
12328 1
17905 1
24007 -1
11929 1
14673 1
-9124 1
11339 -1
-7183 -1
16116 1
-32269 1
-15038 -1
-32065 -1
11445 -1
-18060 -1
21797 1
12588 -1
-17460 1
24603 1
-31522 -1
-12267 1
-30823 -1
-19612 1
10485 -1
-10267 1
-25399 1
5477 -1
-24757 1
-21899 -1
12634 1
-15113 -1
28622 1
32040 1
8303 1
-14440 1
11453 -1
-14886 -1
-27487 1
-25848 1
-10507 -1
2162 -1
16626 -1
-16981 1
-4999 -1
-14424 -1
-8368 -1
263 1
-18119 1
14192 1
-14842 -1
-18578 1
16352 -1
-23245 1
10600 -1
3779 1
31076 1
-5736 1
-12388 -1
-2617 1
-26268 -1
19914 1
17158 -1
3121 1
-2822 1
10744 1
2098 1
-19862 -1
-27153 -1
8355 -1
10224 -1
-31559 -1
19223 1
-6288 1
-1034 -1
-3499 1
-3483 -1
22340 -1
-14060 1
-14194 1
-2499 -1
9203 1
-29879 1
30637 -1
14615 1
19371 -1
-10918 1
-6929 1
-9083 1
29372 1
-30886 -1
14470 -1
19562 1
24426 -1
24879 1
29942 -1
-7284 -1
-10709 1
19304 1
-6739 1
762 1
-32039 -1
13179 -1
-19945 -1
-19495 -1
22015 1
-9524 1
29158 1
-26417 1
27166 -1
23776 1
-32295 1
6353 1
9551 -1
10852 1
-23620 1
-22016 -1
-26523 -1
-29340 -1
-4829 1
-17138 -1
28845 -1
27381 1
-19494 1
4695 1
-9347 1
-27469 1
-944 -1
16592 -1
-5462 1
29194 1
26489 -1
26800 1
-32458 1
-13944 1
14390 -1
-10740 -1
-7769 -1
-25959 -1
13535 -1
-25219 -1
-5373 1
25605 1
-23932 1
12969 -1
15900 1
13560 -1
-6446 1
2513 -1
-10167 1
-23487 1
-2944 1
-14210 1
-6102 1
23114 -1
-9455 1
-15516 -1
-19245 1
9431 -1
15030 -1
-22738 -1
22803 1
10255 1
-12766 -1
4202 -1
26789 -1
15712 1
-2438 1
9780 -1
9014 1
-10652 1
20590 1
17864 -1
4089 -1
-466 1
20938 -1
-23043 1
17648 -1
-4716 -1
1348 -1
-19395 -1
6423 -1
-9354 -1
-3666 1
9441 1
-17356 -1
15773 1
-22202 1
21359 1
-5505 -1
-13638 -1
4194 -1
2355 -1
13733 -1
-15728 1
-10844 1
-29538 -1
4559 1
14507 -1
1328 1
18080 1
27180 -1
31435 1
-29291 -1
23352 -1
-10026 -1
-20417 1
-19305 -1
21911 -1
-25701 1
25784 1
-11103 -1
5903 -1
23761 1
28531 1
6315 -1
-29385 1
9257 1
-12261 -1
10591 1
-25353 -1
22935 -1
10257 1
28426 1
-15017 1
-16291 1
-9764 1
13769 -1
3791 1
-25952 -1
31952 -1
25229 1
21745 1
19669 1
-1515 -1
31918 1
28939 -1
-15017 1
19271 -1
11952 -1
12318 1
6930 1
29139 -1
19029 1
27371 1
-10239 1
-17138 -1
-7138 1
19696 -1
-15492 -1
-28699 1
6325 -1
31651 1
389 1
27825 1
-13575 1
6637 1
24486 -1
-31268 1
-27901 -1
25577 -1
-25201 -1
16968 1
-19701 -1
24285 1
30920 1
7156 1
1295 1
22905 1
16013 1
21982 1
21497 1
-14414 1
-15248 -1
9142 1
-21758 1
-19089 -1
-17337 -1
2432 -1
-32081 1
-8976 1
25717 1
24886 -1
21654 1
12659 -1
2917 1
22174 1
-13489 1
6071 1
-21060 1
30055 -1
7378 1
30696 -1
-7193 1
9610 1
25536 -1
-13854 -1
-28574 -1
12767 -1
-21861 1
27322 -1
-15087 -1
-13566 -1
1946 -1
-224 -1
-27766 -1
2136 -1
29236 -1
-15671 -1
-3349 -1
4501 -1
-5710 1
-10463 1
18325 1
-2607 1
-16600 -1
7347 -1
2382 1
-7503 1
13407 -1
26816 -1
-10263 1
-30694 -1
17951 -1
-21508 -1
-14704 1
-9999 -1
-14918 -1
-28779 1
-1774 1
24740 -1
27529 -1
-32518 -1
19430 -1
-4638 -1
-2540 1
-24717 1
10332 1
20914 -1
-31949 -1
19991 -1
-29997 -1
3496 -1
13362 1
-22039 -1
25979 -1
-5630 -1
30036 -1
22938 1
8537 -1
-23612 -1
-28267 -1
-1470 -1
-17847 -1
1433 1
-7611 -1
-1398 -1
30095 1
11087 1
-22494 1
26492 1
26704 -1
25914 1
-31059 -1
-29845 -1
-8586 1
31415 1
3911 -1
-29195 -1
15835 -1
21947 1
-930 1
-3176 -1
-280 -1
5170 1
-6229 1
26223 1
4543 -1
-21402 1
15842 -1
2143 1
-3484 1
4830 1
4395 -1
11115 -1
-25530 -1
-18039 1
3199 1
7540 1
8077 1
-31425 -1
-14305 1
-14600 1
4444 1
-8346 -1
-25755 -1
11679 1
-32755 1
-24641 1
16387 1
-5140 1
-20361 -1
3692 1
18827 1
-2913 1
18927 -1
-8106 1
30735 1
-22943 -1
29690 1
-13819 -1
6746 -1
-19772 -1
-7218 -1
9389 -1
16120 1
23166 -1
-3770 1
1657 -1
12099 1
-12599 -1
6786 -1
-16861 1
18855 1
18121 -1
-21419 1
6075 1
18233 1
-4189 -1
16186 -1
-6195 -1
14455 -1
-26975 1
21504 1
6589 -1
-17760 1
25148 1
31945 1
-3721 -1
31927 -1
-29535 1
-1987 -1
-21530 -1
-16019 1
-20584 1
-12080 1
-22816 1
3626 1
-22446 1
10063 -1
-13718 -1
22238 -1
23031 -1
23942 -1
-4381 -1
-28808 1
-13942 1
-21716 -1
-29590 1
-28420 1
1797 -1
-19318 -1
-23557 -1
2301 1
22691 1
-5592 1
14757 -1
8697 -1
11312 1
23230 1
-9031 -1
17318 1
-15207 1
-7346 1
-26863 1
-4710 -1
15899 1
-15536 1
-23472 -1
-2329 1
-11189 1
25103 -1
26567 1
-2090 -1
-13549 -1
29618 1
-23798 1
-988 -1
-29127 1
-3696 -1
-291 -1
-24021 1
-32721 -1
9408 1
-18736 1
-13803 1
-3226 1
-13224 -1
21532 -1
15917 1
2165 1
-14566 -1
1115 1
-24116 1
32111 1
-22112 -1
-21361 -1
-12715 1
-18061 1
20169 -1
15317 1
11805 -1
9034 1
18324 1
-21763 1
-31741 1
-25423 -1
31773 -1
32227 -1
-20219 1
-9844 -1
-19989 -1
12633 1
18820 1
-27895 -1
24366 1
-24876 1
-14234 1
29691 1
8200 1
29468 1
-11477 -1
6723 -1
-90 1
15421 1
20921 -1
-18735 -1
-11364 -1
-5785 -1
27706 -1
7670 -1
915 -1
27910 -1
28557 -1
-20261 -1
13429 1
22851 -1
-7984 1
2647 1
-10720 1
-12377 1
-4412 -1
-17973 1
-13661 1
-6449 1
-7145 -1
-17585 1
-8922 -1
2416 -1
31329 -1
-16766 -1
-8592 1
-17562 1
-13513 1
2258 1
-11825 -1
14694 1
6029 -1
29279 1
27222 -1
-22878 -1
-17899 -1
-31886 -1
-3367 -1
-18107 1
13250 1
1022 1
-22859 -1
-29823 1
-4763 -1
-21308 1
-17425 -1
5331 1
32248 -1
-1731 1
-14816 1
-29090 1
29404 1
-309 -1
-11228 1
-2933 1
-24218 -1
27611 -1
21209 -1
6801 1
-20705 1
-32602 1
-21380 -1
20046 1
7432 -1
-4279 -1
12238 -1
-26297 1
-30358 -1
-7821 1
-12700 -1
1133 1
21780 -1
23181 1
-15021 1
-19118 -1
-11030 -1
27445 -1
-9675 -1
12231 -1
-15495 1
-25044 1
-9524 -1
6053 -1
8244 -1
-8381 -1
19018 1
5299 -1
-14491 1
11722 -1
-8826 -1
27382 1
-12277 1
-11539 1
5481 1
-12652 -1
-17281 1
32751 1
-28773 -1
-11682 1
-27154 1
17452 -1
19210 1
17812 -1
-8667 -1
12170 1
12595 -1
-9161 1
29049 1
-892 1
15907 1
-27053 -1
-26689 -1
-5409 -1
-5363 -1
3121 -1
-10698 1
-9600 -1
25150 -1
13984 -1
20670 -1
1539 1
21259 1
-20420 1
13533 -1
17718 1
11514 1
32057 1
-24657 1
24512 -1
-29618 1
-16656 1
16440 1
-12705 1
18314 1
3495 -1
23662 -1
-9133 1
26997 1
27591 -1
-8859 1
-20808 1
4147 1
3838 1
-4221 -1
8803 1
-31413 1
29759 -1
18807 1
-5558 -1
27599 -1
26295 -1
25433 -1
14142 -1
-31525 -1
-1777 1
30320 -1
-32505 -1
-26447 1
-12332 -1
-15568 1
-5088 -1
21838 1
-22524 1
19680 -1
12069 1
-10547 -1
17439 1
15143 1
-7086 -1
25612 1
12961 1
12117 -1
3537 1
-13074 1
20530 1
14485 1
-20304 1
-7184 -1
6342 -1
27920 -1
31638 1
29462 -1
32366 -1
8388 -1
18483 -1
-1374 1
-29302 1
16263 1
-5525 -1
-9598 1
-11454 1
-5718 -1
-17417 -1
-1231 -1
-19805 -1
6114 -1
-2289 1
1565 1
13427 1
26716 1
16453 -1
30095 1
-11342 -1
-15487 1
30287 -1
-20952 -1
-16832 -1
-22495 -1
9633 -1
-4766 -1
26303 -1
13936 -1
-25946 1
-6186 -1
-15166 -1
11609 1
923 -1
12369 -1
6218 1
3834 1
-18499 1
23713 -1
-14695 1
-7738 -1
-23537 1
17871 -1
8236 -1
23830 1
-3899 -1
-2144 -1
-3612 -1
-614 -1
32298 1
-18070 1
12487 -1
-8945 1
19450 -1
11165 -1
23585 -1
22964 -1
-29455 1
19446 1
28450 -1
-31598 1
25913 1
-3875 -1
16030 1
-8559 1
-30764 1
3731 -1
-8805 -1
6049 -1
23097 -1
5584 -1
-158 1
31190 -1
2898 -1
12262 -1
-29536 -1
-3155 1
5693 1
28181 -1
25746 -1
7069 1
-1558 -1
21434 1
15364 1
28547 1
21514 1
-4986 1
-31693 1
7532 1
18769 1
2481 1
-26342 -1
17889 -1
-4460 1
-8218 -1
-3591 -1
2397 -1
-30879 1
1726 -1
24257 -1
16467 -1
-4785 -1
-28193 1
4316 1
-17024 1
17890 1
11946 1
3570 1
-18802 -1
30253 1
-2387 1
12108 -1
14937 1
-19647 -1
-28050 -1
-28156 -1
-25356 1
22455 -1
-28807 -1
-24890 -1
-30302 -1
32286 1
-24934 -1
9987 -1
21410 1
-1065 -1
-10021 1
-4848 1
25980 1
7085 1
21353 -1
16211 -1
9194 1
-15586 -1
5806 -1
-23704 -1
1425 1
-17243 -1
437 1
23257 1
-27724 -1
2885 1
16435 1
-18882 -1
-22769 -1
2783 -1
14519 -1
2727 -1
29286 1
-9273 1
15834 1
-12515 1
-11236 -1
11056 -1
-15533 1
-11379 -1
-5769 1
23465 1
-5215 -1
-6866 1
10788 1
-15372 -1
-813 -1
23062 1
-4412 1
-10243 1
-21646 1
14923 -1
17505 1
32628 -1
15519 -1
26894 1
182 1
-13756 1
-3276 1
-29549 1
26046 1
15660 1
-11711 1
31230 1
-18023 -1
-2760 1
-2701 -1
29502 1
-31060 1
11838 1
22814 1
6187 -1
13422 1
14884 1
27613 1
-22308 -1
-16300 -1
30838 1
30881 -1
26880 1
-2850 -1
10062 1
218 -1
-25708 1
-29768 -1
-14821 1
-18174 -1
27529 1
18059 -1
22985 -1
32054 1
20421 -1
-17177 1
-9312 1
6468 1
-18425 1
-15336 1
-24733 1
31159 1
5316 1
3591 -1
10496 1
18514 -1
-12070 1
1833 -1
17874 1
17849 -1
-23903 -1
622 1
13217 1
-27229 -1
-18953 -1
-18547 1
4602 -1
-2217 -1
-31092 1
32413 -1
30310 -1
23660 -1
-14657 1
12706 -1
-24486 1
13193 1
26177 1
18264 -1
17714 1
-7133 1
9359 -1
-25536 -1
-32494 -1
-17009 1
-26092 1
3413 -1
302 1
-28640 -1
-23130 1
7313 -1
10476 1
19978 1
9979 1
-17088 1
5191 1
-25337 -1
-32554 -1
-13321 1
-17215 -1
27923 1
-31706 -1
-16569 1
-31919 -1
-3201 1
-19759 -1
27090 -1
13194 1
-26078 1
-8794 -1
15571 1
26713 -1
10787 -1
25529 -1
-713 -1
-17140 1
12242 -1
6959 1
-3733 1
-24704 -1
2401 1
9919 1
-13951 1
4520 -1
-17640 1
-4463 1
-17659 -1
-1311 -1
16654 -1
11867 1
27835 1
-6741 -1
-17200 1
21015 -1
-3060 -1
-22648 -1
-15059 1
-17994 -1
-19188 -1
-17837 1
24140 -1
-21384 -1
25060 1
6799 1
3245 -1
-32111 -1
-4569 -1
3560 -1
-8434 -1
19716 -1
7457 1
-13486 -1
-8811 -1
17742 -1
19147 1
-12864 -1
-32364 -1
-24116 -1
16759 -1
-13537 1
-14131 -1
-8595 -1
17760 1
-31348 -1
13337 1
-18083 1
-9638 -1
-22905 1
7932 -1
26507 1
-25824 1
2631 -1
31467 1
11586 -1
26849 -1
11403 1
-24595 1
3496 1
15817 -1
17664 -1
2281 -1
30692 1
-14415 1
12144 -1
-7320 1
2815 -1
845 -1
16618 -1
-25261 -1
12993 1
-25740 -1
-5701 1
19456 -1
18123 1
-17617 1
19156 -1
-31973 1
2037 1
18215 -1
-4970 -1
17555 -1
6121 1
-31598 1
31120 1
-11732 -1
18176 -1
-30755 -1
13061 1
-5358 1
21596 1
26481 1
20854 1
28368 1
31814 -1
-21368 -1
-18046 1
-11648 -1
-28873 1
-15837 -1
-30688 -1
28099 -1
6287 -1
20114 1
24579 -1
-23054 -1
-12282 -1
9702 -1
30381 -1
-28332 -1
-10374 1
-7631 1
-24067 -1
-2865 1
25181 -1
1653 -1
-4032 -1
-32030 1
7227 1
-10754 -1
-1717 -1
28628 1
-13700 1
9129 -1
8321 -1
-28094 1
-7843 -1
22004 1
-13200 -1
-24249 -1
-5029 -1
3154 1
5465 1
-12231 1
-32021 -1
-5088 -1
3283 1
4084 1
4889 1
-22390 1
-27959 1
28295 -1
-7885 1
19189 1
-21757 1
-9837 -1
-30175 1
-12751 -1
-19728 -1
737 -1
-3179 1
-3286 1
17491 1
2400 1
-14616 1
-15177 1
9048 1
13515 -1
1907 1
6939 -1
29791 -1
-3549 -1
13450 -1
13446 1
-23436 -1
-19664 1
-12748 -1
15567 -1
-23405 1
-28746 -1
18976 -1
-31835 1
-8619 1
-30093 1
-17731 -1
25586 -1
22542 -1
7647 -1
-9574 -1
-23890 -1
13750 -1
27958 -1
23303 -1
-8951 -1
19607 1
-20007 1
-2831 1
11048 1
-20277 1
1808 1
-17197 1
-29253 1
19105 -1
27780 -1
-14449 1
12367 -1
4275 1
31990 -1
27691 -1
17847 1
20105 1
20905 1
21254 1
27499 -1
-2879 1
-4311 -1
-23135 1
-29214 1
2799 -1
19743 1
26603 -1
7383 -1
-20971 1
32308 -1
-12168 -1
25276 -1
-17465 -1
-32451 -1
31586 1
9247 1
-7503 1
-15268 -1
16969 -1
-7881 -1
-15375 1
-68 -1
-10321 -1
11654 1
32517 1
-3154 1
17836 -1
-7920 1
-11487 -1
-24232 -1
20419 -1
-12159 -1
-9516 1
24955 1
154 1
29393 1
-21849 -1
-25542 1
-22629 1
-14390 -1
11752 1
3059 -1
5477 1
-13950 1
-5105 1
-12235 1
-32264 1
-2822 1
2782 1
-15775 1
22849 -1
-22528 1
-4706 1
8887 1
-12579 1
3586 1
29882 -1
23291 -1
-15300 -1
11474 1
-295 1
-5599 -1
1616 1
1903 1
-28331 -1
7315 1
-15980 1
-22370 -1
-25346 1
-25963 1
13773 -1
11078 1
-23011 -1
-139 -1
31767 1
-31893 1
26744 1
-18903 -1
-11002 -1
30901 1
-6426 -1
-3098 -1
16522 1
18754 -1
23377 1
372 1
9183 -1
26525 1
17418 1
23817 1
-12269 -1
18356 -1
6682 1
18919 1
24741 -1
-26131 1
27378 1
2870 -1
32332 1
-1323 1
9124 -1
-10662 1
-25370 1
-9697 -1
27158 -1
-23061 -1
14102 -1
-1881 1
12932 1
2432 1
15920 -1
-14852 -1
-19771 -1
14892 -1
-5279 1
-4583 1
26771 -1
-7700 -1
30076 1
1069 1
17197 -1
-6804 -1
26527 1
-15343 -1
2670 -1
8534 1
-27833 -1
29250 -1
-8507 1
-2685 -1
-3762 -1
-21890 1
-19190 -1
-23568 1
26437 -1
-3037 1
-30391 1
-10920 1
-32217 1
-7458 -1
-9935 -1
-32605 1
6049 -1
-20426 1
-12409 -1
28397 -1
-22006 1
17735 -1
-20450 1
-20014 -1
-16115 -1
-24971 1
-19547 -1
12213 -1
3153 1
-18908 -1
10461 1
-5831 1
-23685 1
-1750 -1
7357 1
-2943 -1
-8728 1
-5568 -1
-20655 1
-31808 -1
27973 1
-29971 1
-7168 -1
-6237 1
-27608 -1
30791 -1
-15887 1
4102 -1
15173 1
28384 1
-20492 -1
25974 -1
26887 1
27321 1
-27381 1
15194 -1
15675 1
-12687 -1
-15821 -1
19587 -1
-11132 -1
9680 1
4125 1
-30927 1
1536 -1
-12965 1
-27823 -1
-4948 -1
20211 -1
1853 1
-28809 -1
-24014 -1
-17427 1
11611 1
-31272 1
23883 -1
140 -1
-18210 -1
-13566 1
-29716 -1
-20757 1
-31 -1
-15661 1
27869 -1
5707 -1
32150 1
22403 1
25392 1
20813 1
-23057 1
31161 1
-13591 -1
13976 1
30758 1
7912 1
27144 1
-25379 -1
-14472 1
-9291 1
-15125 -1
4030 -1
24401 -1
-10811 1
-10323 -1
24231 -1
-13453 1
13671 1
18314 1
8045 -1
-11273 1
3154 -1
14366 1
-9481 -1
-8284 -1
-3346 -1
26685 -1
-2618 1
-27958 1
-30534 -1
-5961 1
32 -1
29929 -1
-26200 -1
16775 -1
796 -1
23861 1
30708 -1
24841 -1
-4582 1
-3927 1
23240 -1
-12248 -1
-17135 1
18259 -1
-16765 1
22374 -1
21496 1
16000 1
30196 1
14642 1
-4082 -1
15701 1
2245 1
-15548 -1
-10008 -1
-8306 1
-22772 -1
20139 1
-21835 -1
7409 -1
-28661 1
-32060 -1
29357 1
-20462 -1
28130 1
-24045 -1
19072 1
-25940 -1
-507 1
-10346 -1
21568 1
25065 -1
11102 -1
-12984 1
11006 1
23708 -1
-15879 -1
-15007 -1
24319 1
-13069 -1
-26633 -1
10332 -1
-32148 -1
1373 1
-13070 -1
-13959 -1
27451 1
1336 1
15884 -1
11073 -1
27639 1
-25631 -1
11080 1
-3746 -1
30188 1
-27897 -1
-32400 1
-2657 1
10813 -1
5340 -1
26548 1
-24260 -1
-4138 1
3864 1
-13637 -1
-6346 -1
28260 1
-12420 -1
27537 -1
30103 1
24243 -1
11789 1
15325 1
-7967 -1
30667 1
-635 -1
22500 1
11798 1
10602 -1
1925 -1
23952 -1
7446 1
9909 1
-3607 1
22263 -1
-6417 -1
31444 -1
-482 1
-2712 -1
23290 -1
9163 -1
-25637 -1
-6103 -1
-30382 -1
20379 -1
-10682 -1
7093 1
-19240 1
-6041 1
18531 1
-22995 1
32741 1
22029 -1
32598 1
-9640 1
-15251 -1
29198 -1
-9989 -1
-2049 1
1 1
-15772 -1
5170 -1
-23738 1
22339 -1
-16894 -1
23091 -1
25786 1
15907 -1
5725 -1
30849 1
-2100 1
-30672 1
-7329 1
-16263 1
17691 1
-14017 -1
16524 -1
-30888 1
1510 -1
18153 -1
-5396 -1
7569 -1
23685 -1
-9505 -1
27652 1
-10944 1
23970 1
12241 -1
-17365 1
-22869 1
6172 1
-23776 -1
10185 1
19479 1
-25792 1
-8414 1
-24137 1
-31689 -1
2634 1
-29552 -1
384 1
28334 -1
-29083 -1
-7419 -1
24120 1
-1881 1
-26170 -1
-14739 1
13556 -1
30394 1
7952 -1
7461 -1
14669 -1
7525 1
-2911 1
-1251 1
27537 1
-26661 1
8196 -1
16880 -1
10393 1
-29633 -1
8429 1
-18764 1
-3050 -1
1036 1
-8924 1
-21761 1
15 -1
6706 -1
16733 1
654 1
6453 1
13888 1
-17668 1
-6804 1
-5640 1
4085 -1
-13803 -1
-28094 1
8908 -1
-21192 1
-5739 -1
29429 1
15038 -1
10553 -1
16922 -1
4804 -1
17324 1
9051 1
-11524 1
-19464 -1
16338 -1
17569 -1
-32556 1
7644 -1
12791 1
-17640 -1
-18501 1
-25284 -1
4040 -1
20678 -1
-18348 -1
-2327 1
24180 1
21777 1
-1193 -1
21681 -1
-21895 1
-8625 1
-13031 1
-5594 -1
-9227 -1
28585 -1
7984 1
-368 1
-13277 -1
-5731 1
8300 1
5723 1
-1868 -1
-31803 -1
18651 -1
15410 1
3319 -1
3663 -1
-21393 -1
1833 1
-1511 -1
19333 -1
-2611 -1
19773 -1
23019 1
11996 -1
-7920 1
-30883 1
30259 -1
-1271 1
-14017 -1
17261 -1
-4656 1
30950 1
-8164 -1
-18557 1
30378 -1
25654 -1
28821 -1
-5550 1
-8994 -1
-11836 -1
2574 1
-11073 1
28009 -1
18077 1
-15298 -1
5253 1
30593 1
-1825 1
-724 -1
-1482 1
-6067 1
-2233 1
8670 1
11142 -1
-3825 1
14285 -1
3295 1
-5832 -1
-10605 -1
-13259 1
-25988 1
29405 -1
-9593 1
17900 1
-923 -1
-28737 -1
31905 -1
31560 1
17875 1
4296 1
27398 -1
11804 1
9913 -1
16652 1
20733 -1
2649 -1
20975 -1
-27417 -1
19175 1
22897 1
13742 -1
-28247 1
6994 -1
8541 -1
-19581 -1
-10423 -1
-17233 -1
25330 -1
-6963 -1
-32032 1
25880 -1
868 -1
-7978 1
795 -1
19675 1
-11546 1
-10436 1
19389 1
-15335 1
13237 1
-24099 1
26581 1
20992 -1
-18266 -1
25123 -1
-6998 1
-12541 -1
-839 -1
23451 1
27143 -1
-13986 -1
9109 -1
22741 -1
-26984 1
-26813 -1
28233 -1
19274 1
-998 1
28548 -1
-7073 -1
6050 1
6466 -1
14892 -1
18844 -1
30187 1
-10302 -1
-10701 -1
-18122 1
-7703 -1
28042 1
-24181 1
16469 -1
-31931 1
-9197 -1
-650 1
-8016 1
27654 1
-20919 1
-12388 -1
8510 -1
-11519 -1
-20325 1
20010 -1
-30693 1
7426 -1
-29590 1
-31724 1
-31829 -1
-25469 1
4141 -1
28673 -1
-16690 -1
5094 1
11463 1
-23971 -1
4169 -1
-32767 1
-10847 1
16840 1
-8018 1
13901 1
-15423 1
-12866 1
2050 -1
26837 -1
25129 1
-2841 -1
-20308 -1
14361 -1
-20422 1
-5672 -1
2072 -1
-7762 1
27982 -1
2294 -1
-23739 1
-30446 1
23928 -1
-29910 -1
3160 -1
-24140 -1
-13475 -1
1345 -1
-9983 -1
-26037 1
-19782 -1
-10354 -1
5444 1
-22430 -1
26005 1
32323 -1
14091 1
-2076 1
-29300 1
10567 1
9618 1
-28072 1
-21408 -1
24103 1
25791 1
-32275 1
-21787 1
19777 -1
4011 1
-3019 1
-10711 -1
-17022 -1
-19566 -1
8015 -1
-19366 -1
-6003 -1
-4907 -1
2288 1
27745 1
21435 1
5215 -1
-9929 -1
-25687 1
-6035 1
19045 1
6912 1
18936 -1
11447 -1
-589 1
28222 -1
7873 1
22907 -1
-26590 1
-23147 -1
-15722 1
-21036 1
24809 -1
14766 1
-30030 1
-25768 -1
-17360 -1
21924 -1
32538 -1
-14907 1
-13653 1
-4831 1
14009 1
-19389 1
14758 1
13473 1
-18046 1
25576 -1
-17577 1
-13529 1
12178 -1
19454 1
21892 1
27741 1
23456 1
32411 1
-26992 1
-1897 1
9151 1
31959 -1
20926 -1
-600 -1
30880 -1
-8607 -1
-14633 1
-10913 -1
-6135 1
-3925 1
25694 1
-24596 1
-31534 -1
5029 -1
31177 1
-4692 -1
-27464 1
-7593 1
23713 -1
-13975 1
26130 -1
-8768 1
-26422 -1
-12701 1
16528 1
-2731 1
-4217 1
29166 1
12966 -1
2408 1
18635 1
-13911 1
-14341 1
-29010 1
-6666 1
-15526 1
-29272 1
-27385 -1
22233 1
21668 1
-30895 -1
9279 1
25903 1
-4947 -1
-16427 -1
22067 1
-28706 -1
8808 -1
-2539 1
-15666 -1
3316 1
26635 -1
-566 1
24378 -1
-8030 -1
-717 1
-31976 1
15505 1
2331 -1
-21993 1
31521 1
-18070 -1
28856 1
8639 1
-26156 1
-14566 -1
-11162 1
-25741 -1
11181 1
-12466 1
-5967 1
32623 1
9998 1
7775 1
-28185 -1
-23449 -1
1066 1
-27998 -1
-25272 1
3026 1
1851 -1
-32333 -1
3959 1
9779 1
26112 1
-20303 1
1144 1
21025 -1
7731 1
-28328 -1
323 1
18056 -1
-29994 1
5020 -1
9613 1
13401 -1
-3274 1
-31112 -1
9541 1
-22853 1
14772 1
-22849 1
-19428 -1
-14010 1
1706 1
7340 -1
23285 1
10525 -1
-4418 1
-10398 -1
-4066 -1
23370 -1
-11214 -1
22773 -1
23809 1
-21065 1
-28810 1
-2806 -1
-8670 -1
-3409 -1
-12807 1
20969 -1
28361 -1
-30209 -1
-29911 1
12787 1
8099 1
7388 -1
-24185 1
32050 1
23012 1
-32262 1
-17799 1
12062 -1
-14832 -1
-19005 -1
20253 -1
-25119 -1
-15259 1
-28698 -1
-17804 -1
15210 -1
10746 -1
24968 -1
5183 1
-26912 1
-8811 1
-20867 1
5356 1
-3752 -1
30438 1
26133 -1
-6654 1
-15180 1
31621 -1
6798 1
-25154 1
-18194 -1
-2898 1
19970 -1
25041 1
12764 -1
-20559 1
-14856 1
3133 1
-24771 1
6859 1
-19888 1
3070 1
-21935 1
21475 -1
-10437 1
4894 1
15674 -1
-22358 -1
13123 -1
12579 1
-28358 1
-16525 -1
3355 1
-23101 -1
-15069 -1
30441 -1
-21029 1
-2992 -1
9160 -1
1359 -1
-28261 -1
14723 1
-23666 1
2289 -1
-32386 -1
-29032 1
-10621 1
-17246 -1
-30851 -1
-24302 -1
-165 -1
-7116 -1
-6347 1
-7398 -1
-597 -1
7076 1
20311 1
18 -1
10631 1
12879 -1
-10549 1
-18196 1
19936 1
-19519 1
-29256 -1
-23445 -1
-21516 -1
2367 1
2873 -1
-4275 -1
-10326 -1
-7678 -1
12224 -1
-2736 1
24458 1
11482 1
-10516 -1
15320 -1
6670 -1
-8681 1
10415 1
-8883 -1
1343 -1
24141 -1
18247 -1
-13676 1
-5897 -1
16056 -1
25608 1
-9855 -1
-24521 1
18749 1
-24598 1
-28329 1
-3686 1
3672 -1
-29249 1
18444 1
685 1
-2368 1
-3850 -1
-1697 1
2541 1
-2924 1
-8406 -1
-31203 -1
-8659 1
32611 -1
3184 1
-17337 1
23943 1
-3784 1
-15813 -1
20643 1
18694 -1
30628 1
14554 1
-23848 1
26306 1
7413 -1
-27408 1
-13438 1
9079 -1
7799 -1
14492 1
5243 1
23631 1
-946 -1
576 1
25275 -1
-21305 1
17988 -1
-8014 -1
7954 -1
-11654 -1
-18287 -1
2015 1
16179 -1
22724 1
31973 -1
-11086 -1
-24481 -1
29151 -1
24786 -1
12027 -1
30166 -1
-2677 -1
-28970 -1
-4413 1
-28594 -1
-26744 -1
18996 -1
27816 -1
-27686 1
-7178 -1
-10327 1
-22400 1
-31008 -1
1940 1
-23843 -1
7036 1
-697 1
-13864 -1
930 -1
-16831 1
-24476 1
-7192 1
32736 1
-12051 1
-9913 1
-7639 1
-5560 -1
19559 1
-14890 1
-30990 1
-8928 -1
-30602 1
-13157 1
-27650 -1
-18487 -1
14377 1
7331 -1
14117 1
-3661 1
29958 1
-9103 1
21753 1
20787 -1
9594 -1
12594 1
1068 1
32644 -1
-15149 -1
-4894 -1
-32753 -1
30899 -1
-16403 1
8665 -1
-668 -1
-5782 -1
25769 -1
4236 -1
28289 1
-11827 -1
-31345 -1
-20972 1
-14606 -1
5066 1
-5803 1
-15975 -1
29733 1
-28194 1
-22868 -1
26514 1
4542 -1
-25880 1
-5220 1
-17618 1
15805 1
30564 1
20290 -1
9545 -1
27152 -1
-941 -1
-25227 1
4867 1
-26893 -1
20687 1
-10244 1
4960 -1
12810 1
-8555 -1
31451 -1
-28868 1
11324 1
-7856 1
-1061 -1
31101 -1
7124 1
-9832 1
3988 1
24564 -1
-3415 -1
18501 -1
25720 1
10263 -1
23358 1
-32364 -1
-24312 1
-19974 -1
10702 -1
27970 1
-17809 -1
4603 1
-30008 -1
13941 1
-5838 -1
5503 1
-3571 -1
-11086 1
-19272 -1
-13770 1
8025 -1
27189 -1
18401 -1
20346 1
-7296 -1
-13189 1
-31804 1
22391 -1
-12122 1
401 -1
27007 -1
29989 -1
-1552 1
12278 -1
3404 1
2507 -1
-6811 -1
15906 -1
27900 -1
-20803 -1
-20643 1
31012 -1
-15645 1
2019 1
-1435 -1
6326 -1
24878 -1
16810 1
28444 1
-7048 -1
16281 1
-24238 -1
-25474 1
-28366 1
-9713 -1
-18628 -1
-26820 -1
11531 1
14700 -1
-26225 -1
-9624 -1
-31 -1
12195 -1
28433 1
-4295 1
-29326 1
-19335 -1
3141 1
-31437 1
-15378 1
23206 1
-29857 1
-19892 -1
-21860 -1
-11936 1
27542 -1
-7986 1
-24390 -1
20195 -1
21148 1
-28928 1
-10452 1
-24238 1
14244 1
15228 -1
24843 -1
-29508 -1
3260 -1
7809 -1
-16282 -1
22127 1
-29956 -1
21638 1
-12520 1
28983 1
21200 -1
-17397 -1
20837 -1
-23267 1
797 1
19149 -1
-17428 1
18480 -1
-29241 -1
8314 -1
-12376 -1
-22224 1
30125 -1
27124 1
29438 1
-28965 1
-5998 1
23574 1
-20107 -1
17983 1
15940 -1
2112 1
9927 1
4626 -1
-24442 -1
-12079 -1
5002 -1
-12795 -1
9670 -1
-13851 1
-22213 1
16757 -1
14714 -1
6673 -1
466 -1
-15127 -1
5612 -1
-32147 -1
-22016 1
-22993 -1
-6178 1
11373 -1
-11353 1
13927 1
12993 1
12761 -1
28854 1
23853 -1
-29495 1
23766 1
-31749 1
-22531 -1
-17447 -1
20165 -1
-23001 -1
-26771 -1
6421 -1
-28741 1
17714 -1
-28362 -1
28498 1
-26703 1
-26765 1
-14228 1
20520 -1
29076 1
-11567 1
-12251 -1
16457 1
-10774 1
9645 -1
-14273 -1
-18549 -1
-14596 -1
-24511 1
4635 -1
874 -1
26331 -1
10566 -1
-11313 -1
-23824 -1
953 1
-5274 -1
14772 1
-28388 1
14340 -1
18456 -1
-24832 1
-9637 1
-6971 1
-25835 1
29587 -1
-7229 1
11547 -1
4378 -1
-28364 1
22513 1
3318 1
28882 1
16615 1
20940 1
2894 -1
6901 1
3640 1
-31048 1
-29112 -1
21730 -1
-29350 -1
7230 -1
-7408 1
-8581 1
31595 -1
24592 1
17719 1
28578 -1
21769 1
14356 -1
4340 1
29534 -1
-27023 1
-1346 1
-19850 1
30478 1
-27405 -1
19233 1
-27255 -1
12099 1
-1621 -1
9710 -1
-4782 -1
-24084 1
14835 1
-28174 1
-53 -1
20910 -1
-3438 -1
13493 1
26113 -1
-2585 1
9407 -1
-1495 1
-3088 -1
-4685 -1
27665 1
6991 -1
-31176 1
22644 -1
-22458 -1
-27981 1
19086 1
-4481 -1
-29818 1
19461 -1
-2218 1
-29680 1
17394 -1
-28309 1
-10842 -1
-21983 -1
-8551 -1
9014 1
-3380 -1
31309 -1
-10935 -1
-3238 -1
-3009 1
-6577 1
27035 -1
6356 1
2390 -1
29118 -1
-14622 1
-7372 1
-4148 -1
-26740 1
-9053 -1
16869 1
24034 -1
-3690 -1
-13184 1
12329 -1
31178 -1
-3161 1
-30711 -1
8709 1
12818 -1
-18412 1
-12537 1
19761 1
6845 1
-19399 1
-26426 -1
19681 -1
-27393 1
-16085 1
26347 1
31020 1
21738 1
30421 1
-23287 -1
-22459 1
-13103 1
29223 1
1147 -1
4534 -1
10579 1
-17619 -1
19077 1
6891 -1
-4608 -1
-17626 1
-7697 1
-30272 -1
22431 -1
-448 -1
-28224 -1
-17242 -1
-4923 -1
-21337 -1
10458 1
-398 -1
-3479 1
3027 1
774 1
-13319 1
-32397 -1
6403 1
-1607 -1
21304 1
-9897 -1
8436 1
-7610 -1
-14212 1
7941 1
-26029 -1
8078 -1
26924 1
31591 -1
-31810 -1
-3779 1
376 1
-6808 1
-8989 -1
4390 1
2344 1
-16646 -1
-17293 1
-21900 1
-29 1
22940 -1
27278 1
26189 1
31299 -1
30945 1
-17626 1
9219 1
-32193 1
32335 1
27185 -1
-25732 1
-3683 1
-28661 -1
996 -1
29212 1
4679 1
27728 -1
6824 -1
-26383 -1
-31686 -1
-20069 1
6040 1
8526 1
-25764 1
24610 -1
17546 1
19063 -1
-1659 1
14070 1
22423 1
-12306 1
15461 1
5806 -1
-21988 -1
-26634 -1
-31208 1
30354 1
22966 -1
32105 -1
-25382 1
-1216 -1
-1973 -1
8536 -1
-29252 -1
17352 -1
-16255 -1
-7254 1
-22042 -1
7815 -1
-21359 -1
-31670 1
-30236 1
3655 -1
-21423 1
14174 -1
-18312 1
-12055 1
-14459 1
-19389 1
24529 1
24168 1
-30647 -1
-1036 -1
28746 -1
16361 -1
20915 -1
-28873 1
5910 -1
17571 1
24893 -1
18033 1
12622 1
4183 1
15080 -1
8316 -1
6772 -1
-22807 -1
10139 1
25758 -1
-1303 1
7459 1
-18012 -1
-16955 1
22727 -1
19205 1
8541 -1
-2602 1
16699 1
-14319 1
-582 -1
-23214 1
-23232 1
-84 1
-4549 1
-23473 1
10213 -1
11972 -1
3667 1
-1858 1
15460 1
17676 1
9800 1
14929 -1
18770 1
909 -1
16674 1
2473 1
30345 1
-2780 -1
-17424 1
-5933 1
13653 -1
13211 1
-7621 -1
-25430 1
-30814 1
14487 1
-9595 1
-22252 1
31957 1
3873 1
6469 1
260 -1
-4322 1
2481 1
-18329 1
-17721 -1
844 -1
-8376 -1
-12316 -1
30254 1
10346 -1
-32196 -1
10159 1
-6211 -1
-8265 1
9434 1
-19386 1
18581 1
18973 -1
22543 -1
-20664 1
-1084 1
-4333 1
-4456 -1
-30723 -1
19392 -1
32122 1
12020 -1
-14561 1
-24283 1
-14703 -1
-11558 1
26830 1
3189 1
28622 -1
2935 1
28426 -1
21212 -1
13978 1
14140 -1
20325 -1
19523 -1
28096 -1
-6340 -1
6218 -1
-9085 -1
16203 -1
7861 -1
-10 1
3322 -1
11464 1
25511 -1
15722 1
1 -1
22006 -1
18946 -1
-26478 1
11311 1
25777 1
-10772 1
26726 1
-26415 1
18976 -1
28278 -1
20537 -1
-3771 1
14621 -1
-15007 1
-4593 1
-6866 1
2532 1
-30665 -1
-30856 -1
-23610 -1
-29439 -1
-25603 -1
24304 -1
9017 1
17265 -1
-32663 -1
30568 -1
-19087 1
2593 -1
29853 -1
11773 1
25270 -1
-22152 -1
21728 1
29278 1
-31068 1
32413 -1
18928 -1
-29924 1
-14624 -1
-5632 1
4999 -1
8928 1
-23949 1
-614 -1
-28705 1
-28199 1
-14163 1
22852 -1
-19414 1
-11227 -1
15564 -1
-29374 -1
20858 1
5755 1
25261 -1
-24018 1
14839 1
16173 -1
-14603 -1
8640 -1
-30185 -1
31306 1
2194 -1
30907 1
-3450 -1
4906 -1
27648 1
28630 -1
-21120 -1
21297 1
8679 -1
-6184 -1
16596 -1
-10265 1
4770 -1
-13633 -1
-10484 1
30082 -1
18072 1
5329 -1
-220 1
-23991 -1
-18607 1
31638 -1
30496 1
-3521 1
12563 -1
21382 -1
-9294 -1
22705 1
21544 -1
1853 1
30338 -1
-11817 -1
-20940 -1
-13992 1
-13129 1
14379 1
-209 -1
12530 1
-11195 1
-11302 -1
-29370 1
24495 1
-32467 -1
6974 -1
2996 1
3910 -1
1553 1
-19930 -1
27351 -1
16548 1
-18514 -1
-30323 -1
7837 -1
28702 1
3822 -1
18331 -1
-24994 -1
-32165 -1
30995 1
14667 -1
-23453 1
8752 -1
-10592 -1
-2417 -1
-8862 1
7782 1
27077 -1
-17337 -1
-30857 -1
3723 1
24986 1
-23707 1
210 -1
-4013 1
-14845 1
11173 -1
27258 1
8718 1
19567 -1
-20745 1
19017 -1
29907 -1
-14257 -1
-21097 -1
8525 -1
-1774 1
-30428 -1
-31457 1
-19346 -1
18760 1
22207 1
-19029 1
-21282 -1
11826 1
25981 1
-32764 1
25407 1
21006 -1
14437 1
3116 -1
22495 -1
10552 1
-9236 -1
-30056 -1
-9576 -1
24378 -1
17097 -1
31911 -1
-5292 1
-21296 1
25863 -1
-3301 -1
-3879 1
23928 -1
18545 1
16879 -1
-30582 -1
19102 -1
-12513 1
-4714 1
18971 1
-14214 1
16329 -1
-26917 -1
623 -1
-15067 -1
-9678 1
-14752 1
32743 -1
-1974 -1
-2722 -1
23516 -1
26506 1
-30098 -1
-18210 -1
-15204 -1
15794 1
-6511 -1
19887 -1
-9627 1
-13314 -1
-23621 -1
-23761 1
17224 1
26535 -1
-15019 1
-22537 1
2398 1
-3026 1
-6599 -1
-25333 1
11536 1
-15477 -1
23928 1
-6826 1
26388 1
30012 -1
11201 -1
2382 -1
4662 1
-26830 1
2424 1
-12276 1
28961 -1
13380 -1
-15408 -1
17083 -1
-10089 -1
-10986 1
7523 -1
-29481 -1
12763 -1
13876 -1
-19171 1
25796 1
-27144 -1
-1538 1
-24707 1
-10226 -1
24846 -1
-3352 -1
-9984 -1
22290 -1
7593 1
1496 -1
-25653 1
12762 -1
-2426 1
-31553 1
-14462 1
-21234 -1
6550 -1
4652 1
13676 -1
23506 -1
-32338 1
3780 -1
6570 1
13016 -1
26189 -1
21062 1
24111 -1
-12205 -1
-8381 -1
-19706 -1
-164 1
-20952 -1
-11005 -1
8305 1
14104 1
23971 -1
-30039 -1
-28160 -1
-30945 -1
31533 1
-27406 1
-3452 -1
-2261 1
-13264 -1
-2479 -1
-10294 -1
-27817 1
27061 1
5016 -1
29753 -1
-32169 1
9652 -1
10696 -1
3010 -1
32409 1
22385 1
22761 1
-7424 1
-25321 -1
-25523 1
-26010 1
28172 1
-13088 1
7431 -1
25601 1
-28971 1
14978 1
-661 -1
26257 1
25922 1
-27139 -1
24897 -1
-20503 -1
-16025 1
7280 1
13061 1
5386 1
21459 -1
10203 1
-22669 1
-30740 -1
-2861 -1
-26694 -1
2323 1
-3547 -1
-1014 1
-12179 1
-5245 1
5140 -1
30798 -1
18092 1
21428 1
-26570 1
-21283 -1
-27629 -1
25414 1
-9963 -1
13927 -1
-31449 1
-1087 -1
18707 1
28054 -1
-10493 -1
-16196 1
-15260 1
2151 -1
-1055 -1
9712 -1
19685 1
6609 1
7595 1
20082 -1
29409 1
-22336 -1
-3934 1
-25959 1
-14563 1
-5144 -1
-17715 -1
29172 1
-24744 1
-21866 1
14477 -1
-10280 -1
677 1
-31221 -1
-2213 1
26000 -1
14738 -1
-12895 1
-7222 -1
13338 1
9526 1
-17844 -1
-14439 -1
-28462 -1
-20596 1
24094 1
-14585 1
26378 1
18070 1
23014 -1
-21937 1
-7773 1
25560 1
23723 -1
8454 1
32295 -1
11576 1
7392 -1
11278 1
7120 1
15227 1
10635 1
-31654 -1
28038 -1
-1411 -1
9275 -1
-15072 1
-2267 -1
-5583 1
11082 1
22193 1
-18333 -1
-30546 -1
28756 -1
-28378 1
28408 1
25976 -1
14071 1
18454 -1
13514 -1
2934 1
-14283 -1
11141 -1
16198 -1
-24273 1
-9124 1
24408 -1
-31436 -1
24881 1
-17158 1
9406 1
-25094 1
21863 1
28137 1
-26382 1
-5190 1
-13243 -1
22446 1
-2100 1
-22047 1
-27002 -1
-27488 1
-30304 1
22593 -1
12223 1
-13358 1
30445 -1
-24730 -1
-1409 -1
-3624 -1
21135 1
-12713 1
-6365 1
6969 -1
-20160 -1
-19492 -1
11172 1
-14436 -1
8300 -1
26317 1
-16167 -1
28483 -1
-17370 1
-14481 -1
-4930 1
8124 -1
26077 1
-28898 1
-17574 -1
24068 1
19003 -1
-31317 -1
-5739 -1
16601 1
23389 -1
25470 -1
-13013 1
7163 -1
20280 -1
-2571 1
28517 1
25323 1
-3451 -1
25631 -1
24610 1
-12262 1
-17145 -1
-1008 1
-17961 -1
11044 -1
20056 1
12707 1
-9586 1
20045 -1
29178 -1
-14183 -1
3556 1
16444 1
30507 -1
-15311 -1
-25500 1
17655 1
11916 -1
-18036 1
-12921 -1
32237 -1
-31167 -1
-19147 -1
-22763 -1
30321 -1
19028 1
21827 -1
-5628 1
14454 -1
-16882 -1
-13987 -1
18079 1
25996 -1
-24520 -1
-18849 -1
24119 1
4122 -1
26422 1
11974 -1
-26218 -1
-20701 -1
-27575 1
6784 -1
-4647 -1
21665 -1
11793 -1
4488 -1
12277 1
-24125 -1
-14016 1
12150 -1
-1918 -1
30932 -1
22943 1
21409 1
-28250 -1
-22089 1
3800 1
-20540 -1
8224 -1
5635 -1
-19725 1
-30637 -1
9642 1
28642 -1
-20678 -1
-9264 -1
22439 -1
-32640 -1
32029 1
-5549 -1
18535 1
-11180 1
-16808 1
-16853 -1
-8418 1
-26147 -1
-12711 -1
29315 1
-15624 1
-16272 1
-14446 1
-20048 1
4944 -1
-3014 1
-5908 1
10103 -1
13178 -1
-4668 -1
-5980 1
-11500 1
-26791 -1
-1736 -1
-8163 1
22967 -1
-19100 1
18079 1
5514 1
16021 1
19025 -1
5517 1
13862 -1
-464 -1
-1472 -1
-22384 -1
-22629 -1
12638 1
28396 1
-506 1
-15619 -1
17208 -1
-4655 -1
17063 1
23854 1
24573 1
1992 1
-5371 -1
25142 -1
-21446 1
-23715 1
-17664 -1
-12920 1
-16715 1
-32362 1
6655 -1
16268 1
-29494 1
30413 1
-9597 -1
-428 1
-26567 -1
-525 -1
-29304 1
19559 1
29352 -1
19663 1
-4323 -1
26759 -1
-4370 1
-25886 -1
14686 1
-7999 -1
-19488 1
10944 -1
-1338 1
8856 -1
17778 -1
19133 -1
-30380 -1
-32541 -1
18950 1
-4653 1
19791 -1
709 1
-1874 -1
-9281 1
25311 1
17696 -1
-16037 1
-24468 1
-3123 1
-15557 1
4798 1
32435 -1
14971 1
3578 -1
19373 -1
16362 -1
-22715 1
-32421 1
11498 -1
-8272 1
8584 1
-15218 -1
-14771 -1
30228 1
26881 -1
-23109 -1
-938 1
-30217 -1
-5903 1
17890 1
24494 -1
-28784 1
19935 1
-32474 -1
-7416 -1
-20740 1
-30880 1
23992 -1
6778 -1
-11851 -1
15993 1
-17004 1
22131 -1
-29723 -1
5581 1
23799 1
-21590 -1
30058 1
29618 -1
31575 -1
-29917 -1
-29017 1
21422 -1
-2229 1
-7272 1
-22403 -1
-5043 1
-10700 1
17307 -1
22402 1
-24669 1
-8860 1
20022 -1
-1987 -1
-11626 -1
29007 -1
-17462 1
12171 -1
-30330 1
19051 1
-18733 -1
72 1
17415 -1
-25145 1
-28126 -1
18972 1
-12454 -1
-12149 1
-14364 -1
-30630 -1
-27263 1
4918 -1
31972 1
23827 -1
-27913 -1
-4639 1
-26808 -1
-9829 -1
-28426 1
2758 1
21053 -1
28930 1
-16591 1
-5475 -1
13079 1
23679 -1
-5799 -1
30909 -1
-25348 1
7853 1
31653 1
24658 -1
-28983 1
26340 1
-26773 -1
16325 -1
14326 1
-7311 -1
15166 1
-3980 -1
1655 -1
17656 1
2522 -1
20185 1
31990 -1
7252 1
-3794 1
-30408 -1
-30490 1
-11793 -1
-10430 -1
-19145 1
-8329 1
30815 -1
10907 1
12880 -1
4041 -1
-26364 1
30798 1
1979 -1
-857 1
-12611 -1
-11097 -1
-2179 1
7440 1
26487 -1
15323 1
21159 -1
14260 1
-15180 -1
-27085 1
-6996 -1
13022 -1
-20406 1
-25210 -1
2776 1
20748 1
7157 -1
24128 -1
-27080 1
1031 -1
-11745 1
12933 1
2927 1
17271 1
-22386 -1
-5115 -1
8570 1
-18883 1
-5010 -1
1303 -1
25826 -1
21294 1
-11813 1
-11470 1
-16409 -1
15151 1
-31577 -1
-4497 -1
-26231 1
-5136 -1
10795 -1
29835 1
1254 -1
-5321 1
-32313 1
18713 -1
-30667 -1
-31006 1
31950 -1
1162 1
12856 1
12278 -1
22827 1
-16920 1
-16976 1
29694 -1
11282 1
-30501 1
-7929 -1
10878 1
-17048 -1
-13242 1
-10952 1
-9338 -1
4139 1
11068 1
-6185 1
-7692 1
-4065 -1
367 1
-6861 -1
6145 -1
8451 -1
6064 1
4697 -1
26545 1
10969 -1
-22126 1
-6731 1
-6435 -1
5047 1
12010 1
11055 -1
-32608 1
-22344 -1
-20783 1
14594 -1
-3863 -1
-18457 1
-21075 1
-31462 -1
-24433 -1
18536 -1
16111 1
18439 1
-27958 -1
-1581 1
21979 1
13773 1
31777 -1
1641 1
-26414 -1
25410 -1
12927 -1
-2990 -1
-4981 -1
-7621 1
19214 -1
-9198 -1
-26417 -1
19183 1
-30995 1
-27016 -1
-3735 -1
17349 -1
-23229 1
-17295 1
-7554 -1
-3359 1
5561 -1
-12637 -1
10172 1
6488 1
-31253 1
-27992 1
9582 -1
32567 -1
18266 -1
29443 -1
-24547 1
21020 1
-28644 1
-13383 1
-25220 1
1901 -1
-30339 -1
-2562 1
11280 1
5443 1
16983 -1
11216 1
-7195 1
13904 1
-1256 -1
15128 -1
22728 -1
-32531 -1
-3716 -1
-11610 1
10442 1
12351 -1
11485 -1
8631 -1
-32152 -1
29287 1
-28642 -1
-28097 1
10735 1
26350 1
28893 -1
28036 -1
141 -1
14894 1
30669 -1
25300 1
22315 1
-8935 1
-6917 1
-28632 -1
-10682 1
-31465 -1
13573 1
30934 -1
-23010 1
23813 -1
19607 1
-31040 1
18103 1
-29744 -1
19246 -1
6143 -1
-14525 1
-26616 1
-7546 -1
1791 -1
-24095 1
4652 1
-6735 1
-31227 -1
21290 1
27078 1
19383 1
16521 1
-29455 1
-20252 1
30293 1
20328 -1
27865 -1
-9542 -1
-31484 1
-17672 1
22700 1
-25810 1
28303 1
13657 -1
-18751 1
5030 1
-1051 1
18648 -1
5531 1
20020 -1
9522 1
-31448 1
22293 -1
-19940 1
21641 1
-781 1
-22409 -1
6334 1
14037 1
-13917 1
-27607 -1
-18006 1
-24033 1
27370 1
30371 1
1533 1
-12787 1
11098 -1
3912 -1
-21029 -1
-5473 1
17769 1
2332 -1
32019 -1
-7790 -1
-32689 -1
22250 1
-715 1
874 -1
696 -1
-1708 1
-19512 1
5385 1
-16699 1
-20872 1
20378 -1
-25346 1
-27576 -1
-31758 -1
14901 1
-26347 1
15169 1
-687 1
-3895 -1
20819 1
8063 -1
20095 -1
26601 -1
21792 1
-7172 -1
-28206 1
-16665 -1
-3371 1
-24789 1
-3908 1
-454 -1
22554 -1
27190 -1
13212 1
9997 1
18044 1
-13240 -1
24354 -1
-16723 1
-30506 -1
-19072 -1
14800 1
11955 -1
32220 -1
-19162 1
-25062 -1
16041 1
12298 1
-5373 -1
27240 -1
11008 1
-29700 1
17695 -1
16861 -1
-4601 -1
28244 1
15036 1
-32069 -1
23996 1
-10579 1
-15138 1
17242 1
17666 1
4874 1
-31552 -1
-21515 -1
-20739 -1
-27978 -1
7343 -1
26677 -1
5277 -1
-3086 1
-27137 1
26020 1
-198 1
-32272 -1
-24137 -1
-9033 1
563 -1
31657 -1
-17386 1
-14780 -1
-21577 1
14317 -1
30372 1
7155 1
13635 1
-28678 -1
5339 1
29764 1
-26533 1
21713 1
-11305 -1
-408 1
-11488 1
-10934 -1
-11558 -1
28913 1
9541 -1
15308 -1
-12919 -1
-28446 -1
-16687 1
-30764 -1
26388 1
28347 -1
-12139 -1
-24725 -1
-6110 -1
24175 -1
29930 1
5953 -1
-15456 1
19297 1
-6570 1
-13062 -1
-740 1
11259 1
-5858 -1
12463 -1
11193 1
-20194 1
29292 -1
7836 -1
16322 1
10805 1
13175 1
-24215 1
28226 -1
-1796 -1
-7276 1
6649 1
7654 1
-17683 -1
22047 -1
-17405 -1
-32019 -1
13007 1
30778 -1
18020 -1
-7537 -1
-13712 -1
6887 -1
13385 1
26295 -1
-15889 -1
-23996 -1
8005 1
27832 -1
17708 1
4075 -1
27334 1
29869 -1
19673 -1
-26026 -1
14764 -1
-13765 -1
8552 -1
26335 1
21029 -1
8426 -1
22270 1
783 -1
-5066 1
15317 -1
-16205 -1
-30344 -1
23545 -1
-23380 1
21399 1
27852 -1
29812 -1
18649 -1
20197 -1
3137 1
26682 1
-8006 1
29826 -1
22294 -1
-23205 1
-27384 1
-16062 1
-3448 1
15556 1
-22801 -1
-29152 1
-31989 -1
-31994 -1
-521 -1
-20331 1
-26928 1
3287 1
7031 -1
26005 1
31174 1
22838 -1
7451 1
-14084 -1
22911 1
-4247 -1
-9520 -1
14027 1
-29368 1
21438 1
-10224 1
-21668 1
29968 -1
-11404 -1
13927 1
5486 -1
4177 1
26396 -1
-26747 1
29673 -1
4256 1
10529 -1
13883 1
1455 1
18408 -1
25470 1
19559 -1
-8309 1
28803 1
-31270 -1
-10305 -1
31619 -1
29994 -1
15926 -1
1682 1
-2417 -1
-18974 1
5712 -1
-29182 -1
-1571 -1
-17303 -1
-28985 1
-31884 -1
-29958 -1
-5484 -1
24246 -1
28784 -1
2956 1
-26628 1
-27299 1
1051 1
17380 -1
-11900 1
5716 -1
23940 -1
5118 1
-10776 -1
-3119 1
-28856 -1
1214 1
18159 -1
-27018 1
1439 -1
9599 1
15825 -1
-15041 -1
28944 1
6090 1
10108 1
1435 1
19736 -1
-12119 -1
-27903 -1
-32223 -1
-15494 1
25156 1
-16750 1
16433 1
-1466 1
1428 1
4295 1
12081 1
4270 1
4586 1
4130 1
-20181 1
5188 -1
27781 -1
23327 1
14854 -1
32466 -1
-28798 -1
-19084 1
3706 -1
26090 1
13377 1
-28758 1
27344 -1
-2414 1
18249 1
-25777 1
23281 -1
13780 -1
25631 -1
-20618 -1
-20133 -1
-4534 1
21140 1
24877 1
-30324 1
-8860 1
30269 1
-4402 -1
8895 -1
-5389 1
17712 -1
-29356 1
286 1
-5075 -1
8956 1
26260 -1
-21499 -1
-14989 1
-23533 1
28019 -1
110 -1
-28539 -1
15489 1
-32078 1
3675 -1
-12420 -1
293 -1
-2262 1
30410 1
8075 1
-6707 1
9168 1
23685 1
-23027 1
-48 1
28865 1
2808 1
-26480 -1
5185 1
17374 1
22340 1
-19472 -1
18671 -1
10034 1
16292 1
2440 1
3868 1
-11280 1
25861 1
-7107 -1
17220 -1
13755 1
15071 1
-15528 -1
5879 -1
10579 1
-2393 1
-31530 1
12949 -1
12034 -1
7581 1
29077 1
2892 -1
-28775 1
17527 1
10007 1
10575 -1
-67 -1
27444 1
26764 -1
-23127 1
-22370 1
-697 -1
-9358 1
3167 1
4811 -1
-225 1
5821 1
19611 -1
-24362 -1
-7196 -1
-20042 -1
9913 -1
15740 -1
-7493 1
23497 1
-24667 -1
3324 -1
-25539 1
12856 -1
19667 -1
-1614 -1
-30690 -1
-1866 1
13600 -1
-5097 -1
18290 -1
16120 -1
4137 1
13258 -1
-26785 -1
11850 -1
1848 -1
20054 1
-32533 1
-16737 1
696 1
-11919 1
-8013 1
20680 -1
-15154 1
1914 -1
-19513 -1
-12795 1
-2693 1
-13007 -1
27415 1
-20280 1
31077 -1
-5346 -1
-18832 1
-21125 -1
-17686 1
-20944 1
4626 -1
12289 -1
22888 -1
-16366 1
-19055 1
7023 1
-31477 1
17262 1
14518 1
-13568 1
-7578 1
-32594 -1
19025 -1
31071 -1
-9011 1
-1942 -1
22880 1
16642 1
-32410 1
152 1
-27732 1
-23214 1
30432 -1
-22475 -1
-19406 -1
3403 1
-1741 -1
-411 1
2745 -1
-3306 -1
-5270 -1
26786 -1
23717 1
-12052 1
-32221 1
-31244 1
-22118 -1
-27220 -1
-13293 1
-31560 -1
-29932 -1
27910 -1
25654 -1
5359 1
-1637 1
-22369 -1
26886 1
16121 1
20881 1
-25795 1
32393 1
31261 1
5988 -1
4155 -1
30723 1
-648 -1
19169 1
-92 -1
29003 1
-26561 1
-6965 -1
-17983 -1
14475 -1
13788 -1
11282 1
-15321 -1
-27701 1
7133 1
6222 1
3455 1
2376 1
15214 1
-6843 1
-15030 1
-26052 1
3525 1
-31048 -1
6719 1
21354 -1
2511 -1
-3672 1
11618 -1
-26297 -1
30624 -1
3170 1
20090 -1
-7716 1
-7454 -1
22473 1
1729 -1
-26008 1
-12268 -1
4861 -1
5980 -1
-12845 1
-14484 1
14546 -1
425 1
12842 1
21240 1
-24863 -1
6855 1
-19774 -1
-30715 -1
2970 1
-30310 -1
28924 1
-15466 -1
-3315 -1
-13521 1
-26008 1
12592 -1
-31278 1
57 1
-9952 1
-20665 1
-11845 -1
17730 1
-32125 1
-9638 -1
17918 -1
29395 -1
-21610 1
5811 1
-11784 -1
19737 1
1716 1
-996 1
8028 -1
-8156 1
8563 -1
8438 1
-9682 1
-23558 1
22023 1
14596 1
-3330 1
-27760 1
6295 1
-18296 -1
20317 1
19951 -1
-9927 1
-4660 1
25483 -1
13982 1
29368 1
12545 1
1030 1
-22637 1
11844 1
-11831 1
-19703 -1
-2793 1
-29306 -1
-11438 1
19535 1
26701 -1
-16216 1
-16099 -1
-24617 -1
10697 1
-20423 1
23406 1
-32607 -1
20242 -1
-32219 1
-6819 1
-18538 1
23850 -1
13131 1
10630 -1
29311 -1
-16496 -1
-8750 1
-7668 1
31974 -1
-7658 -1
16888 -1
-6159 -1
14492 -1
8145 -1
-19635 -1
-23786 1
-2092 -1
2397 -1
-14465 -1
22133 -1
29130 1
-7633 -1
-26961 1
-9386 -1
24497 -1
9930 -1
-5856 1
-11256 1
10941 1
-9668 1
-8947 1
19695 1
19275 -1
-31981 1
23506 -1
12589 -1
-19536 -1
-6957 1
-26375 -1
-22920 1
23736 -1
30581 -1
20567 1
22907 -1
6912 1
26438 -1
30977 -1
-27606 -1
30486 -1
-7301 1
-25397 -1
-19617 -1
-18032 1
22142 -1
5591 -1
-1104 1
-26219 -1
4661 -1
5237 1
4140 1
2277 -1
-17908 -1
-10117 -1
-5121 1
-1821 -1
-29712 -1
28898 -1
-260 -1
22217 1
-8446 1
-2185 1
-24070 1
-32120 -1
-30870 -1
7567 -1
7390 1
-7722 1
11942 -1
-22374 1
-10515 1
32045 1
-26298 -1
-29520 -1
-7113 -1
-5690 -1
12073 -1
-23075 1
-16621 1
-8399 -1
-23395 -1
-10814 -1
-22947 1
-7886 -1
18809 1
-29130 1
18415 1
-20823 1
-24301 1
-5429 1
-4003 1
12258 1
-18619 1
7660 -1
-22664 -1
15775 1
-19111 -1
27991 -1
24015 -1
-22801 -1
-10696 1
-4121 -1
-30393 1
-25064 -1
-32340 -1
11657 1
-9349 -1
-20767 1
30893 -1
-20331 1
-20890 -1
-8022 -1
26028 1
-32243 1
-11764 -1
5489 1
-32301 1
-27643 1
21715 1
-25457 1
-19930 -1
-12162 1
10146 1
-6546 -1
15675 -1
-16999 -1
-2597 1
-24485 1
-2814 -1
18279 1
27622 -1
1710 1
-16515 -1
20308 1
19169 -1
-20672 -1
28075 -1
-6807 1
-7021 -1
-2840 1
-14305 1
-4840 1
-16749 -1
-22136 -1
2152 1
31052 1
1720 1
14790 -1
-26086 1
1102 1
-15045 -1
-23268 -1
17712 1
27265 1
-26522 1
-31185 -1
23896 1
5428 -1
-18421 1
2561 1
19188 -1
-30583 1
-27324 1
-1528 1
-3760 1
-17742 -1
12194 -1
22829 -1
-13078 1
-1844 1
2330 1
31772 -1
-9628 -1
-17875 1
-12160 1
7852 -1
3822 -1
18945 -1
-12677 -1
-31940 -1
13949 1
11517 1
3547 1
-14632 -1
15687 -1
-13545 1
16930 1
-23192 -1
-15336 -1
14730 1
-31505 -1
18219 1
-4065 1
3391 -1
-20968 1
-23016 -1
25639 -1
-9791 1
-17172 -1
28326 -1
-16623 1
-1047 -1
18979 1
-36 1
-11959 1
3426 -1
-20203 -1
-13419 1
14488 1
25034 1
20470 1
29540 1
22986 -1
-23614 -1
30255 1
25524 -1
-8823 1
16756 -1
32210 1
-27103 -1
-8132 1
22178 -1
-8336 -1
1436 -1
-21277 1
-23671 1
27906 -1
10613 -1
-17600 -1
-10848 1
-14160 -1
-26787 1
-32140 1
26104 1
-3873 -1
5928 -1
-29706 1
-4815 -1
-26309 -1
14381 -1
-14524 1
30303 1
22432 1
22173 1
28068 1
-3147 1
-12249 1
-9217 -1
21784 1
1753 -1
13635 -1
-31134 -1
964 1
-6066 -1
18827 1
6092 -1
-511 1
31960 -1
23458 1
-16280 -1
-26706 -1
-3559 -1
21101 -1
669 1
-17222 -1
-17807 1
-23723 1
25887 -1
-19053 1
849 -1
21030 1
11881 1
14003 1
376 1
4637 -1
-871 1
17381 -1
-15194 1
-2799 -1
10118 1
10625 1
-16336 -1
22284 -1
-32715 1
-5824 1
-11251 -1
6936 1
-13362 -1
32225 -1
-18968 1
-4449 -1
2889 1
-15031 1
-4365 1
28291 -1
23564 1
24693 -1
-32660 1
2905 1
12802 1
15031 1
-4127 -1
38 1
32663 1
19924 1
-16590 -1
-7427 -1
31420 1
-25187 -1
27557 1
-27531 1
32700 -1
-26635 1
-27409 1
9669 1
5729 1
15247 -1
-18077 -1
-20049 -1
30023 -1
-7193 1
-25584 -1
-21974 1
8063 1
23493 -1
-30730 -1
-31147 1
30823 1
-6000 1
-13503 -1
18371 -1
-27080 -1
-450 1
-28275 1
-29662 1
30768 -1
3449 1
-13847 1
27117 -1
24978 -1
759 -1
9059 -1
18885 1
8731 1
-19726 -1
-19284 -1
-14343 -1
-31574 -1
2315 -1
-7913 1
-12366 -1
-22914 -1
9728 -1
-11801 -1
17562 1
13107 1
-8021 1
-2839 -1
30204 1
16167 -1
-7825 -1
-18888 -1
-4738 -1
-7274 -1
4196 -1
22404 -1
-17509 1
18604 -1
-30968 1
9996 1
-15984 -1
-225 -1
4985 -1
-27852 1
12723 1
26650 -1
-2274 1
-26450 -1
30825 -1
4258 -1
18954 -1
-28685 1
8741 1
-17244 -1
22766 1
-20553 1
19780 -1
8540 1
3391 -1
-5738 -1
31118 -1
31683 1
-8238 -1
-26472 -1
-16429 1
32223 1
-2934 1
2186 1
7379 1
-1410 1
1962 1
-7526 -1
-13350 -1
-17826 -1
13761 -1
-22040 -1
17263 1
-3890 1
-16351 -1
-2497 -1
-9603 1
23615 -1
32101 1
31042 1
6384 1
-31053 -1
26170 -1
-13882 1
-13164 1
-26867 1
24922 -1
-27196 1
-11898 -1
-23988 -1
15008 1
-31317 1
-31069 1
-26144 -1
-19408 1
17085 1
15425 1
10027 1
-9447 1
26331 1
14502 1
-16589 -1
-16294 1
-29055 -1
13072 1
14554 -1
2652 -1
16730 1
-20973 1
2082 -1
22003 1
32193 1
-7623 1
-9676 1
-29501 1
-4002 -1
3754 -1
11503 1
-2944 -1
23238 -1
21206 1
30834 -1
-63 -1
13128 -1
-15016 1
-20772 1
24138 1
-19285 -1
-30150 -1
2590 1
-12295 1
5413 1
-3465 1
10073 -1
15106 -1
-21817 -1
18607 -1
-27275 -1
29874 1
-24790 1
25664 -1
25158 -1
14990 -1
-17601 1
19904 -1
22354 -1
6480 -1
-20539 1
-19095 1
13385 1
-12167 -1
-16447 -1
-14525 -1
17268 1
-30562 -1
-1786 -1
21672 -1
-24293 1
-955 1
27530 1
12410 1
-28372 1
31842 1
-32251 1
18534 1
-21054 -1
26027 -1
-7038 1
24675 -1
-3516 1
-32570 -1
-32491 1
5907 -1
-23712 1
17932 1
6521 1
23029 1
-86 1
-26057 1
12220 -1
9930 1
-27128 1
-9544 1
30430 -1
17988 -1
-6706 -1
-6755 1
11809 -1
-27637 -1
-21336 -1
12540 1
28820 -1
-26485 -1
-31173 -1
20815 1
-15125 -1
21205 1
-15990 -1
-12666 1
25222 -1
27204 1
-28646 1
-7753 -1
-30291 1
-30975 -1
-3371 1
-18246 1
-19235 -1
-1917 -1
30545 1
23041 -1
-10716 -1
-14043 -1
-23797 1
30875 1
-24285 -1
30085 -1
15397 1
-22424 -1
-9591 1
-31013 1
-5751 1
-3813 -1
11180 -1
-10704 1
13160 1
27176 -1
-10794 1
-27246 1
3318 1
17479 -1
-19594 -1
27242 -1
-17024 -1
14906 1
26052 1
-27803 1
-11741 -1
16660 -1
11510 -1
12145 1
-30394 -1
27471 1
32341 1
25187 1
-16440 -1
26968 1
-23667 1
-21655 -1
19653 1
4442 -1
11698 1
-18642 -1
-13370 1
-31310 1
-29192 -1
6818 -1
2102 -1
-30275 1
-27892 1
8394 -1
697 1
30697 -1
32704 -1
30958 1
-6915 1
-12132 -1
-12280 1
10367 1
7342 -1
-27214 1
5673 1
-16104 1
-7434 -1
-781 1
-12510 -1
25849 -1
27320 -1
27478 -1
22488 -1
1426 -1
-21385 1
-7681 1
19340 1
-31636 1
-23704 1
-1039 -1
7393 1
-28932 -1
-18598 1
-6392 1
-26922 1
-23424 -1
2229 1
23098 1
-9825 -1
-16871 -1
29415 1
-19998 -1
-31654 1
14147 -1
23447 1
-11724 1
-25078 -1
14074 1
-27832 1
32401 1
-2351 -1
20021 1
22382 -1
9839 -1
15684 -1
-16015 1
-15338 1
-18405 -1
-18364 -1
1537 -1
-25482 -1
-28928 -1
2416 -1
-30733 -1
-10544 -1
27041 -1
18564 -1
-21545 -1
-11234 -1
-11536 -1
-28326 1
-1389 -1
-10147 1
23233 1
-13189 -1
30592 -1
4240 -1
10853 1
28564 1
-11455 -1
19517 1
12084 1
4864 -1
431 1
9553 1
-30329 -1
-31983 -1
-18853 1
-21856 1
-19805 -1
-12026 1
-12467 -1
16648 -1
-14840 -1
-6379 1
3797 -1
16974 1
-29589 -1
-30906 -1
6235 -1
-7481 -1
26180 1
2757 1
-6041 -1
-31408 -1
-3493 -1
-1615 1
7117 -1
-1424 -1
13042 1
-8763 1
-18768 -1
-1553 1
23118 -1
7689 1
-14080 -1
-5978 1
-27469 1
2833 1
1260 -1
21346 -1
-24771 1
-20989 -1
6209 1
-4361 -1
3024 -1
-12428 1
-10356 -1
4214 1
13867 -1
-11140 -1
-2481 -1
-12722 1
12206 1
12536 1
24706 -1
-4485 -1
4898 1
-26299 1
-10946 1
-10384 1
-20044 1
24867 1
18884 1
18603 1
-14647 1
15874 -1
-31167 -1
-5248 -1
-18626 -1
24546 -1
25213 1
19816 -1
10349 -1
17791 1
11588 1
-4997 -1
18272 1
14729 -1
19459 -1
29728 -1
9404 1
-22171 1
24000 1
25156 1
-26405 1
-7029 1
23616 -1
-30107 1
-2959 1
-2945 -1
32504 1
2951 -1
-14152 -1
6021 1
-32564 1
-9860 -1
31046 -1
19108 -1
10629 -1
-10172 -1
1714 1
-30618 1
-26735 -1
16107 -1
16052 1
25143 -1
-13395 1
11381 -1
384 -1
-8476 1
-5273 1
-12741 1
-9888 -1
13237 -1
-7714 1
19432 -1
7811 1
2166 -1
-6892 -1
-5225 -1
2886 1
28505 1
-18182 -1
-25710 1
-23745 1
-13463 -1
20150 -1
-5651 -1
-15317 -1
-24485 1
31209 -1
6 1
-20723 -1
-21105 1
-12506 -1
-1891 -1
12784 1
-17629 1
-17926 -1
-25553 -1
-775 1
22652 -1
-12622 1
29149 -1
-5935 1
-16523 -1
10350 -1
12181 1
-7070 1
14898 1
16541 1
16232 1
-6813 1
20731 1
1412 -1
-3388 -1
-24974 1
-11154 -1
12644 -1
-29137 -1
-5690 1
-23742 -1
-29315 -1
28757 -1
-1887 -1
29855 -1
27095 1
27207 1
1144 1
20009 1
-20213 -1
26000 -1
18639 1
-21729 -1
25915 -1
-16607 -1
-17856 -1
-16085 -1
-11836 -1
29252 -1
22607 -1
-30433 -1
1387 1
-11279 -1
-13805 -1
-13087 1
4363 -1
-1003 1
7302 1
-29614 -1
-13398 1
-30773 -1
4558 -1
26024 -1
-28395 1
28578 1
15820 -1
-26205 -1
21885 1
-3856 1
-11430 1
-8916 -1
-4025 1
427 -1
942 1
-3971 -1
1911 1
3907 1
30125 1
-13388 1
-13604 -1
-7404 -1
622 1
-2235 -1
-13679 -1
29655 1
19854 -1
-23677 -1
5170 -1
27248 -1
-6274 1
2084 -1
-30882 -1
19384 -1
-11240 -1
-25113 -1
-7866 -1
-6372 -1
-15378 -1
-13281 -1
18916 1
-309 -1
5328 -1
11156 1
7401 1
11289 -1
6269 1
-1433 -1
-794 -1
12675 1
24140 -1
-27302 1
5823 1
23686 1
31699 1
15864 1
12480 1
5176 -1
17879 -1
22478 1
3473 -1
1733 1
5210 1
26666 1
-13154 -1
-29394 1
21986 1
32203 1
-1415 1
-11027 1
32267 1
28005 1
12581 1
12335 1
6991 -1
-5410 1
24349 -1
31955 -1
-8212 1
-14429 1
-22333 -1
24596 1
-10998 1
-28573 1
-165 1
-522 -1
23126 1
-26832 -1
-27510 -1
28329 -1
-30498 1
-29640 1
-20417 1
-17122 1
-742 -1
-5882 -1
11694 1
22522 -1
29970 -1
-10356 -1
31466 -1
2345 -1
-13197 -1
10015 1
2391 -1
28534 -1
4731 -1
-20535 1
4846 1
-12241 -1
-26442 -1
-11527 1
-5879 1
-14193 1
31491 -1
-5352 -1
29804 -1
-623 1
26574 1
24443 1
28073 -1
18595 -1
11717 -1
-17188 -1
-345 1
11454 -1
2813 1
-7114 -1
17564 1
18856 1
25298 -1
-5582 -1
-10876 1
-14876 1
-16498 1
-31049 -1
25746 -1
-30337 -1
16556 1
-4489 -1
18675 1
-9482 1
-28409 1
27853 1
-26976 1
14352 -1
-25034 1
28734 1
18350 1
-30382 1
-8724 1
-31793 1
-21362 1
19357 -1
10777 1
-7323 1
7409 1
30290 1
-1913 -1
468 -1
26950 1
31318 1
27768 1
15760 1
5076 -1
-26852 -1
-15504 1
25 1
26862 1
24776 1
-24633 1
-20945 1
26052 -1
-24694 1
27639 1
1256 1
2449 1
-18025 -1
-26277 -1
-23385 1
-9218 -1
-7102 -1
-15104 -1
-7466 1
19688 1
-1296 1
8310 -1
-6883 1
28961 1
-30101 1
-1840 1
-22607 1
8387 1
121 -1
-21341 -1
23409 -1
-2698 1
-25722 1
29632 1
-23497 -1
20612 -1
-11716 -1
-8059 1
-19912 1
8698 -1
2574 -1
-18205 1
-1680 -1
18081 1
10997 -1
-1258 1
29680 1
-1793 1
21144 1
-6250 1
-9374 -1
-7716 1
26228 1
-14644 1
-7350 1
-8322 1
9344 -1
-19707 1
-12915 -1
1068 1
22156 -1
-19672 -1
28459 1
13879 -1
-8150 -1
-26073 1
12432 -1
26987 1
16621 1
8394 -1
-1573 -1
2604 -1
28106 -1
-7491 1
-1789 1
936 -1
4652 -1
11250 -1
-7099 -1
-16961 1
-8243 -1
21545 1
-30918 1
7997 1
17728 -1
-4266 -1
17611 -1
-8619 -1
8459 -1
-20402 -1
10103 1
-16536 -1
-23301 1
-579 1
15477 1
-4722 1
-12783 -1
18101 1
9894 1
-5563 -1
25018 -1
-31358 -1
16287 1
-32498 -1
31649 1
-16193 1
-8040 1
14270 -1
3205 -1
-16149 1
30834 1
-31580 -1
11656 -1
-15383 -1
-984 -1
15435 -1
23276 -1
14130 1
31193 1
-16181 -1
-11565 1
14892 -1
21141 1
5919 -1
20572 1
-4340 1
-19207 -1
-28371 -1
-21950 1
-32298 -1
27203 1
-19341 1
15268 1
-14063 -1
752 -1
13541 -1
-18316 1
12782 -1
27911 1
28156 1
3705 1
5547 1
29645 1
11242 -1
18319 1
-21002 -1
13325 -1
-30054 -1
17649 1
-12578 1
-26266 1
-6070 -1
11999 1
27459 1
-21252 1
23769 1
23818 -1
2628 1
-26265 1
28403 1
-27194 1
-10257 -1
11167 -1
-5368 1
24099 -1
21621 1
-7375 -1
-13468 1
-2435 -1
11812 1
4372 -1
17785 -1
-28799 -1
31499 1
-15236 -1
8578 -1
-24383 1
-19419 1
31646 1
24231 1
1223 1
30419 1
31173 -1
7624 -1
12312 1
-30157 -1
19452 -1
31455 -1
-2951 -1
-29579 -1
7907 1
-2665 1
-29276 -1
5186 1
7922 -1
4117 1
15534 -1
17767 1
7668 1
-23215 1
-7549 1
8377 -1
-12485 1
-29006 1
-28432 1
-11918 1
-16719 1
32188 1
2448 -1
4962 1
-20673 -1
8229 -1
-32741 1
29853 -1
-26130 1
-6147 -1
-24272 1
-8355 -1
25781 1
28232 -1
19018 1
-17953 1
-18333 -1
3277 1
-5403 -1
-18069 1
31860 -1
28410 1
-11965 1
28702 -1
23319 1
22455 -1
-882 -1
10886 -1
-30036 -1
-14481 -1
-10915 1
25485 1
-15078 1
13872 -1
32635 -1
-18039 -1
-11696 1
-30200 1
32708 1
2775 -1
-8761 -1
8445 1
-3329 1
26269 1
-18536 1
18477 1
27595 -1
-28509 -1
30848 1
5559 1
-7536 1
-30434 1
93 1
-30657 1
-28617 -1
12018 1
-27888 -1
12362 1
24411 1
8291 -1
-3064 -1
-30300 -1
10161 -1
-16734 1
-8705 1
5239 -1
-7672 1
14065 -1
-4258 1
-12345 -1
-12763 -1
-3546 1
26866 -1
-10064 1
-12449 1
-30354 1
-9803 1
-11684 1
-9860 1
-20633 -1
3394 -1
-6336 1
-31315 1
4352 1
27365 -1
-1154 1
8010 1
-20539 1
-12343 1
-15619 1
-31024 -1
-2855 -1
9704 -1
6599 -1
20146 -1
-25433 -1
13401 -1
13864 -1
-26110 1
27305 1
31695 1
-13055 -1
-10147 1
17919 -1
14581 1
28052 1
25512 1
13148 -1
12695 -1
-22471 -1
5355 -1
16171 -1
-9628 -1
23935 -1
-16059 1
13512 -1
69 1
851 -1
16567 1
-5713 1
-17828 -1
-10871 -1
15592 1
10156 -1
30814 1
9705 1
27677 -1
-22744 -1
-29604 1
3291 1
-31878 1
-7031 1
30062 1
30306 1
-22164 -1
-28572 -1
21754 -1
-2655 1
-25615 1
13265 1
-8580 1
5038 -1
-13688 1
1132 -1
-9543 1
-32653 -1
-8608 1
13842 1
2227 1
-30286 1
15241 -1
14219 -1
-4591 -1
31040 -1
14972 -1
-26312 1
-15505 -1
-12762 -1
-12395 1
9521 1
-9627 1
-24104 -1
-10888 1
-14131 1
-1977 -1
1658 1
6181 1
-15114 -1
17337 -1
-26699 1
-5070 1
17098 -1
12619 -1
17007 -1
-27300 -1
23987 1
-13305 -1
-28289 1
-32252 -1
7350 -1
20584 1
29578 -1
-23351 -1
-24130 -1
-15824 -1
-32245 1
9699 1
27988 -1
-12217 -1
-26802 -1
12307 -1
-16317 -1
21495 -1
-17320 -1
-23803 1
-24501 -1
-16615 -1
864 1
10703 -1
19616 1
20459 1
-17903 -1
30940 1
24351 1
-8226 -1
-22820 1
-31462 1
31834 1
-15724 -1
28147 1
21188 -1
-9356 -1
10141 -1
9504 1
-20282 -1
-10446 1
-13823 -1
24878 1
22294 -1
5160 -1
-4878 -1
2441 -1
-25486 -1
5076 -1
19567 1
-10995 1
-9431 1
27349 1
-13104 -1
8492 1
-11529 1
15544 1
-2118 -1
-13796 -1
15666 1
15272 1
-12611 -1
-24805 1
-4279 -1
-1463 1
-29014 1
-5499 1
-17139 -1
15723 -1
-25224 1
-18727 -1
11018 -1
10631 -1
11061 -1
8068 1
18957 1
-26651 -1
-11208 -1
-26488 1
10067 1
206 1
-8378 1
-21919 1
14101 1
25194 -1
-29900 -1
10228 -1
10060 1
6056 -1
-16259 1
7873 1
11975 -1
16189 1
-11236 1
30408 -1
-14991 -1
4900 -1
17265 -1
20658 -1
5503 1
2860 -1
22883 -1
12727 -1
26142 1
26309 -1
-4648 1
2446 -1
7871 1
10759 -1
-17183 1
-27031 -1
15323 1
23043 -1
-9874 1
22854 -1
-27821 1
1101 1
-8179 1
29650 1
527 -1
24009 1
3163 1
15134 1
-16276 -1
1205 1
-23359 -1
-19431 1
27365 1
-12791 -1
27508 1
-24367 -1
13664 1
26023 1
-26725 -1
-17640 1
23534 1
23263 1
9106 -1
17380 -1
-6436 -1
-20162 -1
9803 -1
2812 1
17821 1
-26314 1
30638 -1
8063 1
17046 1
16982 1
21214 -1
29917 1
2763 1
883 1
-18820 -1
-6548 1
-1424 -1
-23273 1
-3723 1
9561 -1
30770 1
-25481 1
-25879 1
21642 1
12687 1
-22708 -1
28613 1
-31955 1
19443 1
29743 -1
-23593 1
18207 1
-8502 -1
32549 1
9860 -1
-23233 -1
19730 1
25212 1
29125 1
-26083 1
-22985 1
16989 1
-12227 -1
12077 -1
29431 -1
28926 -1
-5560 1
-7353 -1
-15028 1
17585 -1
6400 1
-23607 1
-7405 1
7473 -1
28689 -1
-6236 1
15620 1
9259 1
21437 -1
26511 1
22949 1
-5387 -1
31911 -1
-24534 -1
17130 1
6152 -1
6403 -1
31741 1
-16050 1
31858 1
13969 1
15880 -1
30526 -1
-24121 1
23771 -1
15067 1
20492 -1
-705 1
21421 1
-31527 -1
15607 1
-30949 -1
20949 -1
23960 1
-30607 1
-18505 -1
4124 1
26172 1
-11958 1
15331 1
-31876 1
-10037 -1
-3195 1
5068 1
2499 -1
11937 1
11835 1
10819 -1
22270 1
-9673 1
27380 1
22529 1
-11209 1
-3464 -1
1003 -1
9156 -1
-1119 -1
-17406 1
-7042 1
-2325 1
10781 1
-16246 1
3667 -1
-25180 1
-5188 1
-10900 -1
-2704 1
16935 -1
-3311 1
-19906 -1
-414 -1
-18358 1
-22098 1
29147 -1
20462 1
15049 -1
-19508 1
-10265 -1
14110 -1
31405 1
15791 -1
9020 -1
-1617 1
-3204 -1
-31525 -1
-3579 1
-3275 -1
21716 1
-21637 1
-2735 -1
13008 -1
-18515 -1
-959 -1
18493 1
21693 1
8176 1
-16260 -1
22595 -1
-15463 1
23588 1
-29250 1
-12934 1
-21683 -1
9082 1
-20831 1
4507 1
-29558 1
18524 -1
-20660 -1
-5333 -1
21902 -1
544 1
-11852 -1
-21358 -1
-10560 1
9554 1
4701 -1
19704 -1
-17108 1
26434 1
32647 1
-25348 -1
22383 1
-30928 -1
-3915 -1
18452 1
-23087 1
1143 1
-14029 -1
-4030 -1
22412 -1
23448 1
4045 -1
19489 1
27374 1
-24328 1
-25059 1
-25741 -1
10890 -1
-28379 1
-26618 -1
4461 1
9601 -1
-28018 -1
-3599 -1
10615 1
-20538 1
-8642 -1
-9001 -1
-11287 1
-31487 1
1254 -1
15259 -1
13591 -1
11990 1
18151 -1
16249 -1
17811 -1
-3233 -1
-5834 -1
24919 -1
3612 -1
-2680 -1
-31195 -1
31049 1
9770 1
11078 1
15928 -1
-22 1
-23751 1
3234 1
21663 1
9918 -1
3705 -1
26351 -1
-7548 -1
-17966 -1
11376 1
-23479 -1
-29997 -1
9026 1
24816 -1
11843 -1
2968 -1
-17147 1
32000 -1
17022 -1
-21231 1
19201 -1
6995 -1
-32266 1
-4545 -1
10842 1
9333 1
-26531 1
25668 1
1644 1
-8250 -1
8372 -1
14561 1
10288 -1
99 -1
-5431 -1
-5120 1
26040 1
-20626 1
-32209 -1
-10005 1
-17379 1
-30576 1
4141 -1
-1771 -1
-19550 -1
-29980 -1
31129 1
-3375 -1
21469 1
-19157 -1
32734 1
-12607 -1
-11419 -1
30699 1
-25699 -1
-25652 1
-271 -1
-14306 1
25988 -1
-15404 1
-21231 -1
-28136 1
-31280 1
31453 1
23145 -1
27001 1
-9153 -1
-15190 -1
-16800 1
-28751 -1
29215 -1
21271 -1
-30821 -1
14735 -1
5655 1
12884 -1
-7222 -1
17970 -1
-7672 1
-20356 1
12411 1
17072 1
-14447 -1
-27184 -1
-8959 1
24051 1
6564 1
-12538 1
-22700 1
16762 -1
24212 1
-5868 1
-16010 1
5836 1
-2737 -1
25602 -1
6906 -1
17951 1
31671 1
-19705 1
-6958 1
23113 -1
28624 -1
-7768 -1
22764 -1
13798 1
31211 1
-18111 1
21635 -1
-1482 -1
89 -1
-19568 -1
-7948 -1
7337 -1
8616 1
-31258 1
12517 -1
9220 1
-7108 -1
20205 1
-10346 1
20054 1
-4427 -1
32218 1
27894 1
30334 -1
18735 -1
2089 -1
29209 1
-22639 -1
-17554 1
16192 1
-5914 1
20246 1
-18141 -1
-14770 -1
24239 -1
-17292 -1
-11298 -1
-1926 1
31483 1
-14716 -1
10675 1
12744 1
-27080 -1
-9430 -1
-21762 -1
20821 1
-7429 -1
-29876 1
3259 1
-18659 1
-27522 -1
32652 -1
-8224 1
28238 1
-17897 1
-15511 -1
-20643 1
-12074 1
27648 -1
-30336 -1
-2505 -1
-31876 -1
7708 -1
-25425 1
-27453 -1
-2555 -1
-1768 1
-19865 1
-307 -1
-11263 1
22872 1
-15073 1
18175 -1
-24935 1
24295 1
15185 1
-20469 1
21561 1
-29207 -1
-20126 1
12930 1
23989 1
-8490 -1
-2614 -1
4491 -1
22946 1
29981 -1
27822 -1
24581 -1
-21724 1
-6373 -1
-2667 1
15061 -1
-25374 -1
-23789 -1
32655 1
-29929 -1
10251 -1
21198 -1
-21286 1
-12695 1
-24451 -1
32080 1
-14225 1
-10549 1
-28964 -1
-20641 -1
-21553 1
-29688 -1
23325 -1
32468 -1
-1111 -1
-30481 -1
-58 -1
19612 -1
-14187 1
20485 -1
-9516 1
-27208 1
-24156 -1
-23117 1
-10521 -1
-3330 -1
-4679 1
11054 -1
-17763 -1
-17475 -1
-24682 1
8153 -1
24764 1
-18329 1
26442 -1
-22981 1
16746 -1
-14493 -1
12578 -1
-17740 -1
10966 1
5422 1
30607 -1
-1668 1
12891 -1
22002 -1
-15481 -1
26719 1
22348 1
-29966 1
-25668 1
-10758 -1
10822 1
-22820 1
15671 -1
18033 -1
4023 -1
24717 1
-8236 1
-4683 -1
-27054 1
2264 1
5753 1
19460 1
13541 -1
28289 1
12573 -1
31286 -1
25867 -1
-8437 1
32046 -1
13372 1
-3158 1
-1734 1
-16770 -1
-12560 1
-6729 -1
20011 -1
29083 -1
14437 -1
-15809 -1
9658 1
472 1
-20997 -1
13894 -1
-14696 -1
-2265 1
20332 1
-8335 1
-12224 -1
-23090 -1
2980 1
2646 1
9058 1
-1620 -1
32098 1
-22877 -1
21695 1
27576 -1
-30562 1
20928 1
4114 1
-17740 -1
-13055 -1
18300 -1
-929 1
25122 1
277 -1
18240 1
565 1
29270 1
15643 -1
-17010 1
-28119 -1
5439 1
-24187 1
-2692 1
18124 1
5338 1
-17460 1
-10105 1
6866 1
-31346 1
-5810 -1
21938 1
-20635 1
26772 -1
-23533 -1
14077 -1
2953 -1
26161 -1
-6592 -1
735 1
-9131 1
-1813 -1
-8843 -1
16928 1
-28152 -1
-7559 1
-26635 -1
-24983 1
20682 1
24897 -1
28792 1
-10295 1
24732 1
14226 1
18911 1
-23642 1
263 -1
-2256 1
6082 -1
-9293 1
-17914 1
-20227 -1
5869 1
28187 -1
-4409 1
-18896 -1
-13210 -1
27293 -1
10264 1
931 1
3528 1
-26561 -1
15736 -1
5151 -1
-2008 1
-5658 -1
-11265 1
19402 -1
-15209 1
-1448 1
23712 -1
13556 1
28788 1
-26088 -1
-5443 1
5607 -1
-29354 -1
-21791 -1
-11219 -1
24661 1
24845 1
19170 -1
-22898 1
14846 1
21452 -1
27113 -1
-10742 -1
2720 -1
-29796 1
17685 -1
17317 1
15139 1
25587 -1
25534 1
-817 1
-4612 -1
-3039 -1
4417 -1
-10229 -1
22786 -1
-13479 1
17353 -1
-3185 -1
-14343 -1
-32520 1
9821 -1
9987 -1
29017 -1
6995 -1
-4650 1
-20199 1
27392 1
23309 1
785 1
-369 -1
12665 1
30920 1
-21364 -1
9097 -1
24476 -1
12864 1
-19260 1
31590 1
6091 -1
4281 1
-20014 1
-24206 1
31324 -1
-31639 -1
13678 -1
20493 -1
-17735 1
-28990 -1
-8275 -1
2804 -1
-2323 1
556 -1
18541 1
-13588 1
7933 1
-27219 1
9428 -1
13819 -1
19562 -1
25788 -1
26802 -1
-28207 1
16271 -1
5465 -1
10515 1
-19113 -1
-20829 1
9513 -1
-13803 -1
28821 -1
14514 1
-27793 1
-29288 1
-32071 -1
6846 1
-18425 1
14457 -1
5759 1
-9394 1
-29350 -1
5022 -1
-18145 -1
-6831 1
983 -1
-24305 -1
25262 1
2029 -1
-27170 -1
-4725 -1
-28871 -1
31786 -1
271 -1
-19357 -1
-21476 1
-597 -1
7414 -1
-23839 1
12304 1
15483 1
10517 1
-29179 1
18536 1
20720 -1
13300 1
4037 -1
20756 1
5314 -1
-1533 1
-1082 1
-29061 1
8026 -1
7766 1
2562 1
29423 1
-13171 1
-12802 -1
-12482 -1
-22281 1
-10560 1
-2359 1
21605 -1
-21252 1
-17880 1
22273 1
12202 1
27336 1
-11237 -1
-26391 -1
-22001 -1
-10357 -1
-20876 1
-15868 -1
-8257 1
11289 -1
-10142 1
-1882 1
22941 -1
-4013 1
24064 -1
-28314 -1
-13961 -1
-23381 1
29015 1
-15815 -1
25559 1
-1496 1
28152 -1
24228 -1
14517 1
15709 -1
-5134 1
-6667 1
-22523 -1
-29800 -1
-18700 -1
12680 1
19633 1
28435 1
598 -1
-12085 -1
28127 1
-19600 -1
-5418 1
-2008 1
-5528 1
18654 -1
-6099 1
-27450 -1
30536 1
-13002 1
16401 1
-24265 -1
-8509 1
-21033 -1
-27330 1
-32368 1
-30068 -1
-14931 1
-14549 -1
32694 -1
-9637 1
17635 -1
-28016 -1
21269 1
-32400 1
12460 1
31071 1
32668 1
3721 -1
-8446 -1
24512 1
5320 1
-29505 1
-31001 -1
24556 1
20126 -1
23255 1
20465 -1
-4264 -1
-18444 -1
1054 -1
-30756 -1
22668 1
-22401 -1
18992 1
22584 -1
-28594 -1
29130 -1
1842 1
-3865 -1
-22178 -1
-12079 -1
23145 -1
8401 1
28285 -1
-20174 1
7549 1
10120 1
7784 -1
-21558 -1
-5387 1
-17599 -1
-12859 1
6983 1
10353 1
20168 1
-24171 -1
-32328 1
-11477 1
30345 1
5427 -1
-27209 1
3959 -1
24945 1
6409 1
-32187 -1
-27448 1
29626 1
-30783 -1
3405 1
21865 1
-18144 1
-24056 -1
-11016 -1
28120 1
2144 -1
25677 -1
-2989 -1
-32280 1
-15541 -1
21440 -1
26190 -1
13327 -1
-8847 -1
31712 -1
10795 -1
17349 1
12886 1
4413 -1
-9934 -1
31851 -1
-30174 -1
15502 -1
-617 1
7338 1
-13419 1
-18208 1
6767 1
-29230 1
-12007 -1
4226 -1
-10864 -1
-4209 1
-26721 1
-14702 -1
-21817 -1
10955 -1
14025 1
-12281 -1
27691 1
-23993 -1
-6121 1
2302 1
4315 -1
29549 1
-1703 -1
-21191 1
-3307 -1
28567 -1
-19577 1
19708 1
-31784 1
-28273 1
2856 -1
-12753 1
9443 -1
-8976 -1
31432 -1
31850 1
-6804 1
-233 1
-6135 -1
22674 -1
-1708 1
23714 1
-15956 1
10140 1
13241 -1
4122 1
-27458 1
-18072 1
14016 1
28090 -1
-9438 1
-442 -1
-21206 -1
-3837 1
-16701 -1
24838 -1
-29440 1
-19005 1
-2538 -1
-14912 -1
22092 -1
-23487 1
-30623 -1
-13330 1
-18992 -1
-3585 -1
-578 1
-9855 -1
-3874 1
27971 -1
-16674 1
1159 -1
17272 -1
-21075 1
22386 -1
15131 1
-28801 -1
20637 1
-26885 1
12610 1
5603 1
21361 -1
4938 -1
21900 -1
-20278 -1
30358 1
9867 -1
-25783 1
28642 -1
26128 -1
7009 1
21919 1
12597 1
20781 1
123 -1
5739 -1
-20167 1
-15573 1
23695 -1
-1781 1
11538 1
-16658 1
-16544 -1
23673 -1
-26188 -1
32221 1
1649 -1
-23169 -1
22920 1
21291 1
30536 -1
-3344 -1
-6157 1
-10296 1
22247 1
-28685 -1
-19700 -1
19985 1
-3783 1
12273 1
31496 1
-18791 -1
30103 1
-28595 -1
-11481 1
-3986 1
28404 1
-16371 -1
29473 -1
-740 -1
24425 1
13158 -1
19804 1
-14895 1
-12457 1
15489 1
-22690 -1
24472 1
-25098 -1
-16489 -1
-24775 1
12958 1
-24901 1
2841 1
12213 -1
-31077 1
-10092 -1
-4308 -1
14088 -1
27975 -1
22059 1
-10445 1
28650 1
-28316 1
-20802 1
11540 -1
3377 -1
3016 1
-4162 1
11203 1
23478 1
10117 -1
9351 1
5481 -1
27895 -1
19058 1
12149 -1
5302 -1
-26608 -1
27612 1
17654 -1
31592 -1
7221 1
-15820 1
30259 1
28789 -1
-13140 -1
-18512 1
145 -1
-19321 1
-7273 1
-24589 1
-23790 -1
18785 1
3585 1
-17413 -1
-11036 -1
-1624 1
14900 -1
-28325 -1
-13725 -1
-26866 1
-4349 1
-26129 1
2465 1
-27287 -1
-11484 -1
-6067 1
-24380 1
26929 1
-17838 1
-2817 1
-19947 -1
28184 1
-17867 -1
30606 -1
-2377 1
-5693 1
-23905 1
2643 -1
-8717 1
1941 -1
-12303 1
-26174 -1
-1864 -1
-8135 1
30917 1
11259 -1
17372 -1
18457 -1
-16346 1
-5378 1
13374 1
6808 -1
-32623 1
-28128 1
12398 1
-17542 1
20994 -1
-31690 1
26167 1
-21001 -1
-1877 1
6494 1
-24483 1
-20240 1
15233 1
-5820 -1
-29121 1
27015 1
19541 1
10437 -1
3994 -1
-191 1
18676 1
-29617 1
15728 -1
19991 1
-14253 1
31958 1
-8249 -1
4847 1
19997 1
-4022 1
-25947 1
-30670 -1
30595 1
-25162 1
32424 1
-2256 1
-17762 1
-1166 -1
-28316 -1
-31574 1
9821 -1
-26445 1
8405 -1
-10472 -1
-32590 1
-1581 1
2770 -1
-27502 -1
-679 -1
253 1
-4335 -1
18063 -1
25101 -1
-12349 1
27552 1
-2664 1
13874 1
-238 -1
-2285 -1
23408 -1
14579 -1
-9115 -1
-9773 -1
19370 1
11697 1
23207 1
-7686 -1
-28941 1
5108 1
29656 1
-9892 1
-9520 1
-61 -1
-14628 1
31801 1
23097 -1
14122 -1
25787 1
-13236 1
-12551 -1
-26320 -1
25684 -1
-12740 -1
15517 -1
6741 -1
30651 1
527 -1
-7890 -1
-17356 1
-30362 1
-2735 -1
27190 -1
-30804 -1
-18823 -1
22509 -1
-30022 1
-14963 -1
-25167 1
-31808 -1
2772 1
-28335 1
-16256 -1
16520 -1
9136 -1
-22125 -1
-18236 1
8326 -1
-5530 -1
-11535 1
1340 1
20383 1
25452 -1
17224 1
6178 -1
-16850 1
-6786 1
-13505 -1
23043 -1
29941 -1
26989 1
5106 -1
4148 1
-30263 1
-23512 1
10297 -1
11859 1
24530 -1
26554 1
-6719 1
30873 1
19215 -1
-14269 1
10891 -1
-4446 -1
29311 -1
24301 -1
-20071 -1
15853 1
118 -1
24996 1
-20210 1
-28297 -1
-17867 1
-16308 -1
-18054 1
21951 -1
-21711 -1
-27606 1
-6220 1
6893 1
15498 1
23634 -1
15900 1
-29714 1
-24637 -1
-8431 -1
-2202 -1
13015 1
-10003 -1
-10781 -1
11661 -1
4318 -1
-41 1
11616 -1
-16514 1
18250 -1
-30400 -1
-21247 -1
-29089 1
-15758 -1
-21184 1
-6381 1
-11982 -1
-23418 -1
-368 -1
5879 1
771 1
-19074 -1
-17012 -1
4143 1
-20460 -1
-12880 -1
-21767 1
-32152 1
-15811 -1
15501 1
8569 1
32274 1
-32110 -1
27627 -1
6890 1
-22407 -1
14550 -1
4726 -1
21831 -1
-30038 -1
19849 1
-29467 -1
2949 1
-4095 1
-11667 -1
-23161 1
-4636 -1
27151 -1
665 1
-15078 1
29127 1
20046 1
28470 1
-6084 -1
-9849 1
15143 -1
-2713 -1
19462 1
-16034 1
-26455 -1
-29279 -1
30717 -1
22179 -1
3033 -1
-3757 -1
-8807 1
11406 -1
7952 1
-25746 1
-22713 -1
18465 -1
27958 1
-4763 -1
23211 -1
29445 -1
14852 1
21430 1
-7428 -1
32066 -1
-22434 -1
9291 -1
-12199 1
-2566 1
-24272 -1
26008 1
-21214 -1
24727 -1
-29781 1
6988 1
18405 1
-32148 1
-18344 -1
8039 1
-10425 1
-24691 -1
-14044 -1
-26705 -1
21282 1
20790 -1
17361 -1
15672 1
13054 1
6768 -1
-18072 -1
29869 1
-30672 1
-29559 -1
-2342 -1
-6529 1
392 -1
-5867 -1
14396 -1
-4573 1
4243 1
16742 -1
-21909 1
9376 1
-1318 1
5252 -1
-5969 1
-30973 -1
-14790 1
-6677 -1
24737 -1
-27732 1
-17691 -1
25505 1
-16308 1
23119 -1
12021 1
-540 -1
-7393 1
13120 -1
25759 1
-20970 1
-1812 1
31930 -1
-30819 1
-22293 -1
-18813 1
6253 1
-30813 -1
9677 1
-13943 -1
27975 -1
-26755 1
-4896 1
21430 -1
-20167 1
11252 1
-10745 -1
21428 1
16035 1
27009 1
-8286 1
2141 -1
-25757 -1
-14201 1
18661 -1
-15096 1
-22690 -1
6840 1
15479 1
-5464 -1
-6948 -1
9458 1
-14409 1
-2115 -1
22456 1
-15931 -1
27670 -1
23330 -1
19954 -1
26074 -1
-13473 -1
-20714 -1
31872 -1
30287 1
-32362 -1
3658 1
27269 1
-14498 -1
19631 1
-11541 -1
11063 -1
-21229 -1
8357 1
10481 -1
30651 -1
24108 -1
-15607 -1
-4417 1
31552 -1
-12099 -1
383 -1
11343 1
11609 1
8016 -1
23363 1
-30653 -1
-22175 -1
-24370 -1
-1202 1
-12845 1
7047 1
8793 1
-4639 -1
23086 1
10624 1
-11471 -1
1662 1
-20073 1
-25169 1
-4230 1
27741 -1
31501 1
8624 1
9700 1
12068 1
16503 -1
31014 -1
2956 -1
-12432 -1
32549 1
-32289 1
-14702 -1
22124 1
29917 1
1626 -1
-29457 -1
3218 1
22296 1
-28265 1
-9502 -1
-30497 1
22196 -1
18085 -1
31280 1
-20736 1
30938 -1
577 -1
13019 1
12946 1
-28972 1
-1187 -1
-3322 -1
-15546 -1
26930 1
-10503 -1
17980 -1
-25618 1
24838 1
-8277 -1
-1520 1
22630 1
-5438 1
16702 1
-14864 1
-17526 1
5658 1
-9885 1
-13196 -1
-25069 1
31726 -1
14347 -1
3544 1
-7579 -1
-25809 -1
30915 -1
-11704 1
-18426 -1
-10118 1
14520 -1
-25418 -1
3552 1
-26538 1
-1013 -1
31572 -1
-13696 1
30494 -1
-27700 1
19406 -1
23462 -1
12471 1
2240 1
1970 1
11571 -1
14372 -1
-18575 1
26114 1
-22742 -1
19230 1
29338 1
26651 1
-13579 -1
-4054 1
-28799 1
19256 1
22105 1
3227 -1
-16218 1
29001 -1
-4551 -1
-13514 -1
8928 1
-19701 1
10143 1
-14075 1
-30396 1
-7404 -1
-4710 -1
30825 -1
14894 -1
-626 -1
13850 -1
27041 -1
-12768 -1
-16168 1
27565 -1
-8301 -1
15371 -1
-9757 1
9410 1
25346 1
-13002 1
-3092 1
9126 1
-4201 -1
-30909 -1
17174 -1
-913 1
-4650 -1
-3042 1
27963 -1
-3357 -1
17215 1
15023 1
-12980 1
4870 -1
-30775 1
-22387 -1
10012 -1
-21284 1
5289 1
-1517 -1
27136 -1
6053 -1
23004 1
32557 1
-20139 -1
-5262 1
-23219 -1
-26539 -1
-5942 1
-15731 -1
-16605 1
-5029 1
-3792 1
-3957 -1
20285 -1
-21949 1
3914 -1
-2940 -1
-19863 -1
13266 -1
15845 -1
-23734 1
18812 -1
7709 -1
2911 -1
-26447 -1
-22647 1
1168 -1
17211 1
-15217 1
-18296 -1
-26218 1
-13903 1
10367 -1
-25472 1
14366 -1
-19603 -1
-27789 -1
-18317 -1
15206 1
-2600 1
15393 1
-23496 -1
-9634 1
21415 1
-7728 1
-29164 1
-12406 1
32171 1
-22611 -1
11001 -1
28834 -1
29601 1
26441 -1
-4634 1
3875 -1
461 -1
-16305 -1
-6354 -1
-16523 -1
-3744 -1
-21255 -1
-24685 1
5789 -1
20281 1
5343 1
-31910 -1
2092 1
17208 1
31841 1
-7060 -1
-19253 -1
970 -1
-15877 -1
16090 1
-23866 1
12784 -1
14735 1
29198 1
-21984 -1
4114 1
22604 -1
-10857 1
24523 1
-4805 1
-22413 -1
15279 -1
29625 1
29912 1
-15204 -1
-3681 1
-12765 1
-6820 -1
26013 1
-801 -1
-30077 -1
20628 1
3327 -1
-12133 -1
32463 -1
-12530 -1
-4292 1
24415 1
20239 -1
15603 1
-25685 -1
2347 -1
4836 1
29957 1
3914 -1
7482 1
-14068 -1
31831 -1
32161 -1
-24573 -1
709 1
5034 1
7228 1
-14549 1
21974 1
-30550 -1
-32160 1
-8763 -1
-25342 1
-27807 1
-748 1
-10027 -1
-1539 1
-2617 -1
17687 -1
6613 1
3966 1
-2072 1
14957 -1
28550 1
-8941 1
8828 -1
21579 1
28115 1
-793 -1
23612 -1
4377 1
5384 -1
-26794 1
-11346 -1
-16008 1
29647 -1
-16135 -1
25255 1
-26637 -1
-20516 -1
-25459 1
20512 -1
-11677 -1
-20856 1
-16997 -1
32233 1
32426 -1
6179 -1
28455 1
32767 -1
-30045 -1
28175 -1
-4529 -1
-12035 -1
-19988 -1
-31906 1
18119 -1
21821 -1
-14110 -1
13291 -1
20048 1
-6894 -1
29876 1
20240 -1
-9209 1
15835 1
-5435 -1
8695 -1
24074 1
24598 -1
12728 1
-7219 1
28295 1
31246 1
30355 -1
11568 1
-8842 -1
15321 1
-28816 1
30114 -1
-31712 1
27072 -1
-23050 -1
-29226 -1
-16609 -1
-11 1
-25713 1
-2889 1
24212 1
10766 -1
14853 -1
-13962 -1
-30978 -1
-22643 1
13268 1
5355 1
17882 1
-713 1
-32753 -1
-14987 1
3397 -1
-24653 1
13301 1
-2969 1
27915 1
-9208 1
1978 -1
23164 -1
14823 -1
-1992 -1
13398 -1
-13118 -1
-6950 -1
-13138 -1
13142 1
62 -1
15494 1
18824 1
23100 -1
29718 1
12876 -1
-10694 -1
-3642 1
-25800 1
-27559 -1
12323 -1
-3119 -1
1072 1
-20292 -1
-246 -1
225 -1
-8613 -1
-24113 -1
11174 -1
28028 -1
-24817 1
-30967 1
12469 -1
-5195 -1
4723 -1
-8945 -1
14095 1
27061 -1
-6289 1
24562 -1
-31886 1
17785 -1
1636 1
2071 1
-19921 1
20525 1
25502 -1
-11753 1
4415 -1
-26868 1
-16830 1
-29366 1
12630 -1
-32638 1
3703 -1
-25904 -1
29240 -1
7749 1
-20317 -1
-17990 -1
32375 -1
-8453 1
13008 1
20546 1
-14111 1
21372 1
-8749 -1
23587 -1
-4867 -1
29795 1
16691 1
-316 -1
-6477 -1
22700 -1
-1715 1
2829 -1
-17216 1
11004 -1
-23163 -1
-24928 -1
-20815 1
875 -1
25731 1
16040 1
-24419 -1
21370 1
31064 1
20629 -1
17512 -1
-25172 -1
20425 -1
7931 -1
2328 1
21833 1
-27600 1
-21732 1
524 -1
135 -1
-27331 -1
18419 -1
-22783 1
31769 -1
-7355 -1
-23035 -1
-4452 -1
14629 1
5955 -1
-4319 -1
-21547 1
4961 1
-11588 1
172 1
3791 1
6871 -1
30767 1
-25588 -1
12707 -1
-4569 -1
24172 1
-32364 -1
6493 1
-23366 1
17155 -1
9673 -1
28643 -1
21758 -1
19081 -1
3286 1
4181 1
-23202 -1
24908 -1
11481 -1
-14938 -1
27792 -1
28353 -1
26920 -1
8366 1
14110 1
-25132 -1
-18694 1
7915 1
-30229 1
-1169 -1
-25539 -1
8855 -1
28784 -1
-15323 -1
23315 1
4974 -1
2133 1
-11083 -1
-32685 -1
-18161 -1
-6995 1
23842 -1
-31783 1
-19246 -1
11997 1
24977 -1
-8720 1
5329 1
-9478 1
-3808 1
13646 1
23659 1
30079 1
20189 -1
20922 -1
-14081 1
9933 -1
9607 1
18170 1
-13784 1
-974 1
-23803 1
-1693 -1
-6527 -1
18798 1
670 -1
-124 -1
25628 1
18596 -1
-8587 -1
2383 -1
-22266 1
14515 -1
26175 1
10125 -1
10067 -1
-13727 -1
-6018 1
-25225 -1
-30298 1
9964 1
-4248 -1
-28618 1
-22667 -1
2717 -1
10408 1
23210 -1
30775 -1
24684 -1
-13163 -1
562 1
8010 -1
12613 -1
-1817 -1
2355 1
13406 -1
28425 -1
-13200 1
-5288 -1
30469 -1
-10368 1
22214 1
29771 -1
-1873 -1
-19870 -1
14960 1
4469 1
1192 -1
32762 -1
-9971 -1
16442 -1
20422 1
11147 -1
6027 1
-20164 1
-15379 -1
-25508 1
15289 1
-28400 -1
-15398 -1
-16433 -1
29169 -1
22054 1
21912 1
-14131 1
-10115 -1
-12157 -1
-26637 -1
-11897 1
-18890 -1
-15374 1
-4992 -1
-16800 1
13459 -1
15768 -1
-18894 -1
-30796 -1
18896 -1
1877 1
22406 -1
-26791 1
7805 1
20762 1
-28654 -1
538 -1
-26833 -1
-10421 1
-2136 -1
31819 1
7080 -1
7555 -1
3751 1
9814 -1
-23344 -1
591 -1
-18203 -1
4687 -1
-14034 1
-24946 -1
23908 1
-22774 1
21603 1
-32551 -1
29926 1
-29116 1
-30859 -1
-1583 -1
-17481 -1
-23286 1
6260 1
15013 -1
-2116 -1
3679 -1
24758 -1
20258 1
22954 -1
-32211 -1
23938 1
14356 -1
-12981 1
-5194 -1
-12302 -1
-6491 -1
-12177 -1
30482 1
32064 -1
10789 1
22060 1
848 1
-413 -1
11019 1
28987 -1
-17337 1
-30323 1
19051 1
19087 -1
-23180 1
-13380 1
-4871 1
20634 1
7122 1
-15990 -1
-16606 -1
29500 -1
21465 -1
-9273 -1
-6218 -1
17362 -1
-30189 -1
-25271 -1
7002 -1
9344 1
12121 1
13442 -1
14705 1
-4798 -1
-6813 -1
-31289 -1
-21791 -1
-22816 1
-3824 1
-10364 1
-15423 1
13418 -1
18424 -1
26386 -1
-28241 -1
14291 -1
-25031 1
19801 1
-19737 1
31896 1
-25881 -1
-26605 1
-4984 1
-26820 -1
-24524 -1
-29595 1
-11913 -1
-6462 1
17824 1
31111 -1
21759 1
15123 1
5423 1
-14492 1
-30909 1
24580 -1
-32047 -1
-2100 1
28342 1
6738 1
-32230 -1
8200 -1
-26887 1
27593 1
-17132 1
-29017 -1
8018 1
21514 1
12583 -1
-32095 -1
16732 -1
-2588 -1
-25860 1
-21745 1
4074 1
-11573 1
-7410 1
-11638 -1
14296 1
30917 1
19492 1
-14091 -1
-19322 1
-18372 1
-20871 1
-8180 1
30262 -1
-29500 -1
-3840 -1
29000 1
-18018 1
-22553 1
-23785 1
12504 -1
10586 -1
4143 1
5582 -1
-29791 -1
30181 -1
-10891 1
-13924 -1
20976 1
8393 -1
-28414 -1
19913 -1
22939 1
30636 -1
30951 -1
-14850 1
-1121 1
-32302 -1
13632 1
27825 -1
17498 -1
-18755 1
-4076 -1
-13334 -1
8739 -1
-29909 -1
23614 -1
-17480 1
-5005 -1
-3994 1
-17612 -1
-31923 1
30596 1
-6449 -1
-20085 -1
9684 -1
25405 -1
28291 -1
-15024 1
-9012 -1
11427 -1
16472 1
-21782 1
21922 -1
24066 1
28728 1
30770 -1
-10676 1
-32500 -1
28548 1
21896 -1
-3711 1
24204 -1
31955 1
19682 1
-20629 1
19137 -1
23441 1
-24290 1
-5439 -1
-24860 1
25046 1
1732 1
-29179 1
25764 -1
-30852 -1
-1907 -1
23608 1
-17673 1
27043 1
-30671 -1
-27984 1
17168 1
-6400 1
-6716 1
-14022 -1
-24126 1
772 -1
19310 1
8896 1
-30664 -1
-7633 1
-5234 -1
-7366 1
-22201 -1
30882 -1
-11264 -1
-32444 1
-31076 -1
-13667 1
-29440 -1
32285 -1
24588 -1
-14479 -1
14425 1
5497 -1
-15569 1
11082 -1
-20481 1
9777 1
13533 1
-11198 -1
-18753 1
20080 -1
7888 1
-18362 -1
20551 1
12140 1
-27240 1
7560 -1
-1778 1
8158 1
-7540 1
16142 -1
-24793 -1
1726 -1
4602 1
13095 1
-20124 -1
23107 -1
-24998 -1
12611 -1
-17519 -1
32538 1
10869 -1
-29501 -1
26595 -1
997 -1
-6306 -1
14716 -1
28918 -1
29942 1
25041 -1
-23884 1
2654 -1
-17484 -1
7546 1
-3453 1
15633 -1
462 -1
9879 -1
-4413 -1
-13079 1
-24518 -1
-29328 1
11570 1
-23956 1
16288 -1
2406 -1
1755 -1
-18959 1
17123 1
2846 -1
8744 1
-13064 1
7278 -1
28272 1
21847 1
6074 -1
-7671 -1
-25776 -1
20241 -1
-26412 -1
-15809 -1
-3836 1
-2756 1
-2685 1
-4253 -1
-28838 1
20290 1
23152 1
-29731 -1
-19171 -1
5018 -1
19509 -1
25904 1
-19893 1
26166 -1
-24954 1
16034 -1
-18965 1
12854 1
-10161 -1
-23634 1
20836 1
32523 -1
-21155 1
24146 1
28180 1
-1622 1
-15925 -1
2151 -1
-24978 1
-15362 -1
-25465 -1
-31177 1
-4982 -1
9375 -1
3319 -1
-14617 1
7661 1
5633 -1
-22077 -1
-20643 -1
-9061 1
-15896 -1
-17060 1
-30420 1
22906 1
3090 -1
-30564 1
32509 -1
-29984 -1
22447 -1
25818 -1
3658 1
-25617 1
-25315 1
27416 -1
20732 -1
-32633 1
-4529 -1
17837 1
-11246 1
9184 1
29766 -1
-19126 -1
9798 1
23127 1
32596 1
-18725 1
-1914 1
-32485 -1
3761 1
4687 -1
25990 -1
4148 -1
-3631 -1
31420 1
8043 1
-5239 1
-25789 1
24106 1
32746 1
16286 1
-32190 1
-29410 1
-1153 -1
-18108 1
-3241 1
30783 1
-1190 -1
-3256 1
26337 -1
-3194 -1
-13634 1
5170 1
4054 -1
13755 1
-17520 -1
25271 -1
21340 -1
-27229 -1
-2422 1
-16681 -1
2634 -1
9344 1
-1284 1
-1384 1
-25942 -1
19668 -1
11691 1
20804 -1
23088 -1
-2212 -1
-17567 -1
29351 1
-3804 -1
-14112 -1
11953 1
-20734 1
-24404 -1
10735 -1
-3462 -1
-5095 1
-22878 1
-25844 1
5404 1
28449 1
-19113 1
29023 1
-22911 -1
16303 -1
15662 -1
4087 1
-4295 1
26190 1
-32197 1
-22182 -1
-1365 -1
2841 1
-2310 1
1349 -1
-13389 1
13946 1
-31330 1
-7593 1
21590 -1
27476 1
22913 1
-2797 -1
16528 1
-11885 1
-25053 -1
-25601 1
982 -1
-10017 -1
-8351 -1
5491 -1
53 -1
17732 1
-1208 1
32380 1
-28331 -1
-6231 -1
-15683 1
-19789 -1
13092 1
17390 1
538 -1
9883 -1
16561 -1
-15712 -1
8886 1
-25704 -1
-2570 1
-16048 -1
-30540 1
-30739 -1
-14918 -1
6843 -1
4132 1
15265 1
-12760 -1
-24227 -1
16187 1
15949 -1
-973 1
-27771 1
22556 1
-22606 1
28483 -1
31539 -1
-16891 1
-4584 -1
4396 -1
-10181 -1
14355 -1
-10678 1
-19012 -1
-928 1
-21568 -1
-17973 1
5456 -1
19540 -1
16351 -1
7826 1
-18840 -1
-14463 1
9957 -1
-9912 -1
1446 1
-1527 1
18750 -1
-2708 -1
-15936 1
-13624 -1
-18023 -1
1195 -1
-11682 1
-7695 -1
-32590 1
23519 -1
7936 1
18823 -1
10857 -1
5244 -1
-21051 1
-15635 -1
30229 1
-8329 1
29665 1
-8957 -1
-21808 1
-6988 -1
-25962 1
-31758 -1
20985 -1
23582 1
20913 -1
18046 1
-806 -1
-27761 1
18864 -1
-17949 1
-32582 -1
11550 -1
-25984 -1
-22978 -1
27225 1
14067 1
-9615 1
2548 1
31149 1
17020 1
-4130 -1
15575 -1
2555 -1
8976 -1
-18190 -1
-15192 -1
-9153 1
8479 1
-4530 -1
29595 -1
2529 -1
16314 1
-5944 -1
-9380 -1
-11899 1
14691 1
17676 1
24389 -1
-10759 1
16406 -1
-7579 1
-2119 1
4277 1
19606 1
-27472 -1
18395 -1
16904 1
-2300 1
5067 1
4674 -1
3760 1
8830 -1
-1891 1
-13755 -1
20648 1
3708 -1
-2270 -1
-6573 1
-20880 1
-3792 -1
18799 1
6933 1
-6988 1
-341 1
-5360 -1
12849 1
-3805 1
18104 -1
-2656 1
19820 -1
23935 1
19582 -1
-7327 1
-3468 -1
-16386 1
1622 1
22376 1
-20250 -1
-2157 -1
-25248 -1
-9358 -1
11538 1
27088 1
-1596 1
3450 1
26828 -1
-4713 -1
-23447 1
13540 -1
-25385 -1
29690 -1
-16627 -1
1232 1
4864 1
-22121 1
-25079 1
19659 -1
-9418 1
-4248 -1
-2166 -1
19559 1
12172 1
-902 1
28803 1
26100 1
-11013 1
13222 -1
-27572 1
30080 -1
4888 1
7295 1
-24501 1
-2064 1
-25723 1
6789 -1
27664 -1
-28447 1
-24224 1
-1845 -1
-17211 -1
27734 -1
-14052 -1
25462 1
-738 1
-29069 -1
10486 1
11311 -1
-6006 1
12546 -1
-4233 -1
-13604 -1
-30453 1
-31192 1
-30780 -1
-9749 -1
-16123 -1
-7378 -1
18888 -1
30233 -1
521 -1
-21840 -1
2924 1
311 1
20500 1
-29321 -1
-22165 1
-5190 1
18000 -1
15626 -1
-29650 1
2821 1
-12862 1
-21614 1
18422 -1
-23677 -1
-5107 -1
-350 1
-32398 1
-12694 -1
2986 -1
-14284 1
7557 1
25080 1
-32397 -1
17771 -1
28180 1
29476 -1
32447 -1
-26737 1
26352 1
30162 -1
17068 1
19088 1
-942 -1
-23948 -1
-14229 -1
7217 -1
-13689 1
-11915 -1
31573 -1
-19442 1
22775 1
-7633 -1
-18809 1
-5730 1
23928 1
32647 -1
10111 -1
-27131 1
2400 1
-8088 -1
23661 1
23392 -1
2006 -1
-24717 1
-32661 -1
-9688 -1
-11181 -1
15530 -1
10919 1
29705 1
5010 -1
-1354 -1
6903 -1
-27896 -1
-7031 1
31863 -1
-19983 1
16704 1
18238 1
-9421 -1
25975 1
-13457 1
4777 1
25488 1
-24004 1
-24428 1
21121 -1
20747 1
-25822 -1
-9501 1
-4869 -1
21290 1
23446 -1
-6648 -1
-8085 1
-24154 1
-20071 -1
-21975 -1
8094 -1
30880 -1
-29066 -1
28370 1
-29896 -1
-23288 1
-27712 1
-6208 1
18013 -1
19696 -1
-32603 1
-8686 -1
-26108 1
5764 1
-21262 1
21406 1
-31103 1
-9275 -1
30710 1
-24771 1
-5673 -1
14721 1
-26472 -1
28794 -1
14612 1
-19783 1
-3836 -1
30155 -1
-18649 1
27864 1
-13145 1
21536 1
-3199 -1
-16638 -1
13890 -1
-3077 1
-17321 -1
4437 -1
3040 -1
27681 1
19451 1
-25070 -1
27474 -1
-628 1
-32716 -1
1831 1
1650 -1
18898 -1
-14866 -1
19401 1
-21737 -1
-20383 -1
-11145 -1
1378 -1
-15989 1
-19915 1
27941 -1
-13029 1
12408 -1
29968 1
-31674 -1
383 1
27332 1
25451 -1
2281 -1
21435 -1
-4005 1
728 -1
-19789 -1
9944 1
-17199 -1
19537 -1
-18406 1
-29290 1
-26058 1
-11016 1
5829 1
24111 -1
13818 1
31715 -1
21752 -1
27187 -1
-25971 -1
25912 1
-10680 -1
25894 -1
27996 -1
-713 1
29905 1
19708 1
11746 -1
-8705 -1
-17488 -1
-30150 1
9472 -1
2672 -1
32627 -1
4815 -1
18572 -1
-3716 -1
29389 -1
-32250 -1
-20357 1
24714 1
10680 1
-22875 1
-30363 -1
26595 1
-16639 -1
-26387 -1
3072 1
4746 -1
-7883 1
-13168 1
-20077 -1
-24261 -1
15310 -1
-27972 1
-27510 1
6442 -1
27054 -1
2181 1
10514 -1
-2773 1
17076 -1
-1830 1
1636 1
-5095 -1
-11957 1
-1076 -1
24527 1
28226 -1
-10560 -1
-23859 1
-25146 1
5250 1
-13576 1
-5562 1
22943 -1
2366 -1
10387 1
-20812 1
-9946 1
-31359 1
16419 -1
32633 -1
-26799 1
32128 -1
-8420 1
5685 1
9243 1
24232 1
-14679 1
30328 1
-30687 1
-16836 1
11005 -1
22294 -1
-10058 1
-3721 1
10568 1
-20959 1
2118 1
25928 -1
-31166 1
-28410 -1
8357 -1
6131 -1
-366 1
-19070 1
-32429 -1
-25423 1
-2968 -1
-12370 1
6368 1
-25723 -1
13719 1
19013 -1
-16656 1
-1697 1
-11281 1
15472 -1
30371 -1
-25850 -1
-9569 -1
-19404 1
9250 -1
23814 1
17732 1
-27406 1
-5128 -1
19724 1
-21955 -1
-18890 1
-10441 1
-15056 1
351 1
16840 -1
-9247 1
-24211 1
-31363 1
-16032 1
-2460 -1
-20048 1
15398 -1
31644 1
26732 1
17716 -1
20415 -1
13261 1
-6250 1
-17246 -1
17517 -1
-8302 -1
-13926 -1
-471 1
17254 1
24953 1
27572 -1
30420 -1
28064 1
-11400 -1
19703 1
-26154 1
-28350 1
24045 1
23599 1
14865 -1
-28988 -1
-18452 1
-31232 -1
-8220 -1
-24542 1
23831 -1
-21061 1
9848 1
-8277 1
3746 1
4053 1
-21860 -1
13107 -1
9 -1
25491 1
240 1
-25873 1
26279 -1
10939 -1
20217 1
31997 -1
13433 1
-16491 -1
-11620 1
5161 -1
-26874 -1
18031 1
13465 1
721 -1
9280 -1
-29009 -1
12866 1
3693 1
22615 1
-9120 1
22597 -1
-17687 1
13532 -1
25728 -1
-19454 1
12862 1
10461 -1
32114 1
4545 1
22668 1
5872 -1
-19300 -1
4239 1
7443 -1
6034 -1
-3835 -1
10775 1
-4031 1
-26049 1
18463 -1
-8943 1
-15607 1
-20956 1
-26824 -1
-22291 1
29845 1
22202 -1
27399 -1
30365 1
-12808 1
11528 -1
-5719 -1
-18118 1
-4551 1
30951 -1
36 1
-8988 -1
-32760 1
28101 1
-5020 1
15109 1
-3168 -1
1147 1
-11445 1
-18291 1
-3982 -1
-8103 -1
4734 -1
13545 1
-3394 -1
-14924 1
23722 -1
32173 1
-35 -1
31911 1
4185 1
-12366 -1
31393 1
-21331 1
41 -1
24153 -1
18727 -1
25760 -1
15228 -1
-28503 -1
-389 1
-47 -1
6411 -1
5129 1
11164 -1
-25809 -1
10411 1
-21990 1
28490 1
30881 1
-6238 1
32469 -1
29591 1
20320 -1
-22684 -1
-21799 1
23329 1
-6928 -1
3042 1
-26583 -1
-2500 -1
25299 -1
3452 1
26372 1
8078 -1
-7172 1
-7054 1
17582 1
-21729 -1
406 1
-28777 -1
6576 -1
9193 1
17837 1
22283 -1
2813 1
27456 -1
31098 1
1783 1
-11038 1
-30175 -1
18267 1
-21302 -1
5099 1
-5192 1
-23346 -1
-30893 1
-13449 -1
-13041 -1
5381 -1
-6049 -1
-4003 1
-6643 1
25047 -1
-9351 -1
26092 -1
-16882 1
-22213 -1
23568 1
2260 -1
27215 -1
27235 1
-1652 1
20873 -1
23692 1
-26712 1
-5629 -1
30768 1
-2302 1
-31544 1
27863 1
-18276 1
-26809 -1
26784 -1
-22039 -1
-26607 -1
20664 1
23448 -1
32264 -1
16583 -1
8780 -1
22820 1
30141 1
10059 -1
1222 1
-15147 1
3539 1
23486 1
-5223 -1
19853 1
5253 1
3587 -1
-12935 -1
-27007 -1
-17142 1
-26266 1
25348 -1
11049 -1
-26041 1
20442 -1
-25326 1
-7554 1
3237 -1
-31600 -1
25711 1
30825 -1
19927 1
-24599 -1
-7167 1
19720 -1
26631 1
-11161 -1
2761 -1
15461 1
20495 1
25861 -1
12887 1
-5193 -1
-30136 1
15154 1
-7557 1
28245 -1
19398 -1
15219 -1
27299 -1
11617 -1
24390 -1
-27803 -1
17132 1
29975 -1
-2583 -1
2611 1
27430 -1
30672 1
-3255 1
-23546 1
22938 -1
13998 -1
6991 1
26013 1
-32054 1
-4090 1
-10752 -1
27319 1
8704 1
-14271 -1
-1134 1
779 -1
-7870 1
-30375 1
31885 -1
15103 -1
-14306 1
-19220 1
-15531 -1
31836 -1
25531 -1
-18562 -1
-2238 1
-15172 -1
-23513 -1
20763 1
31471 1
-9075 -1
10176 -1
-1435 -1
-1894 1
-16826 -1
-3281 1
-1894 -1
21334 -1
-26040 -1
3956 -1
-26855 1
11084 1
-14297 -1
29066 1
-26667 1
9396 1
16276 1
-23057 1
-20413 1
13995 -1
-21983 1
-4632 -1
6595 1
-22028 -1
-16374 -1
-742 1
-12633 -1
-24756 1
28237 1
-24933 1
-28205 -1
-25624 -1
-7123 -1
-13012 1
-9819 -1
-2825 -1
18792 1
-5804 -1
29322 -1
-16070 1
-20895 1
-466 1
70 -1
18242 1
-4280 -1
22270 -1
-3744 1
-30391 -1
23767 -1
2154 -1
28932 1
11371 -1
19082 1
11967 -1
13401 -1
-15040 1
31098 1
16700 -1
-16991 1
31873 -1
25967 -1
-23335 1
-8004 -1
-9579 -1
-30601 1
-14968 1
7559 1
-6650 -1
-21436 1
25539 -1
9233 -1
23157 1
7820 1
-5990 1
-25233 -1
19772 -1
14090 -1
-1012 1
4119 -1
29776 -1
-8462 1
-25056 1
-4083 1
23075 1
-7094 1
-25709 -1
6351 -1
-16801 1
-8222 1
11221 1
-14859 -1
-25981 1
-17504 -1
-9399 -1
-23384 1
21184 -1
-16078 1
-198 -1
-4760 1
10895 -1
1390 -1
13487 1
-27636 -1
22333 1
17846 1
10058 -1
-61 1
-144 -1
12424 1
32261 -1
30087 1
19287 -1
-22128 1
12940 1
17923 1
-12332 -1
4124 -1
23996 1
-26909 1
-30085 1
12059 1
-25546 -1
15062 1
6400 1
29402 -1
28078 -1
15715 -1
-13295 -1
-32219 1
23509 -1
-4357 -1
-10018 1
-18230 1
-7687 1
-15914 -1
6644 1
-17493 1
7318 -1
11716 1
-6296 -1
18155 1
-7879 1
-27625 -1
23972 1
19253 -1
23173 -1
4268 1
-4829 1
-12916 1
6467 -1
-27450 -1
5445 1
9642 -1
-7730 1
-19256 -1
-2146 1
-7315 1
14755 1
1114 1
17616 1
17638 -1
13758 -1
2119 -1
-28169 1
-17869 1
2148 1
-12972 -1
-15218 -1
7073 1
30304 1
-9118 -1
16554 1
2025 1
-5077 1
17461 1
16654 1
-20885 1
-19939 -1
20837 1
23184 -1
-20855 1
-27035 1
2335 1
-5048 -1
-1793 1
-9253 1
21928 -1
-6394 1
12613 -1
24623 -1
-4920 -1
13626 -1
10281 -1
3224 1
-19414 1
-20893 1
29161 1
-12380 1
1394 1
-2193 -1
-20690 -1
-18370 1
-32323 -1
-6174 1
-17724 1
24260 -1
29538 -1
16239 1
-16328 -1
5311 1
19879 -1
-21403 1
32731 -1
30043 -1
-20675 -1
-6072 1
-23130 1
21179 -1
10398 1
-9249 1
25766 -1
3304 -1
28915 1
-26886 1
-16346 1
29307 1
-4905 -1
-6197 -1
67 -1
9865 1
5747 1
-552 -1
27936 -1
-14291 1
15914 -1
12878 1
-5275 1
21806 1
4713 1
-22173 -1
28678 -1
-19247 1
-12009 -1
-15959 -1
5209 1
-14107 1
-29727 -1
-31771 -1
-10988 1
6925 -1
30355 -1
-30511 -1
11888 -1
16232 1
18563 -1
-30732 1
10291 -1
3455 -1
31160 1
31787 1
27028 1
-20355 -1
27047 1
23822 1
32195 -1
-428 1
-18379 -1
5776 1
20414 -1
-8362 -1
-24129 -1
-14449 -1
16519 -1
8526 -1
-676 -1
-20252 1
10666 1
32115 -1
18730 1
-20410 -1
-2030 -1
563 -1
22015 1
21372 1
-19034 -1
19271 1
26849 -1
11812 1
363 1
6077 1
-32508 1
11221 -1
27282 1
25568 1
-9991 -1
-540 1
-5107 1
-29796 1
25503 1
16446 -1
-5212 1
-16081 1
-14307 1
-19138 1
-4996 1
23345 -1
-14928 -1
11842 -1
7812 1
-27388 -1
-18909 1
-21869 1
-1178 1
8515 1
16730 1
28256 1
-14364 1
22555 -1
17669 1
-2854 1
-28601 1
-24396 -1
1645 1
-18828 1
1015 1
-28730 -1
-6795 1
-3626 1
17641 -1
-29459 1
15902 -1
-7854 1
17455 -1
313 1
9286 1
-10090 1
-20275 -1
-20722 1
11108 1
30752 1
-5537 -1
-30285 1
-5168 -1
1036 -1
14375 -1
9559 1
-5914 -1
28978 -1
15214 1
24958 1
-29670 -1
17130 -1
-6999 -1
-17989 1
22402 1
27560 1
-31354 1
21801 1
-13354 1
-21008 1
-10715 -1
-29906 -1
26559 1
5433 -1
-1262 1
3453 -1
-19555 -1
-7231 1
-24013 1
28328 1
3928 1
-15631 -1
30136 1
27135 1
27162 -1
1647 -1
15821 -1
20358 -1
6586 -1
31052 1
23560 -1
14087 1
12413 -1
-15687 1
12412 -1
-17086 1
7604 1
7297 1
22226 -1
18243 -1
2013 -1
21157 -1
24579 -1
-1207 -1
21755 -1
-31542 -1
-16465 1
23858 1
-32050 1
-11035 1
11659 1
-13419 1
933 1
360 1
27009 1
25769 -1
-12691 -1
15213 1
13508 1
29928 1
28592 1
-6148 -1
-26018 1
-31823 1
-22977 1
-5654 -1
24416 -1
24273 -1
26747 -1
23150 -1
-26041 -1
-20258 1
19868 -1
18626 1
2199 1
-16860 1
-24137 -1
-7167 -1
-9232 -1
15858 -1
10154 1
-2516 1
12451 -1
-13908 -1
2499 1
-15744 -1
-24499 1
22755 1
-29845 1
-13791 -1
16452 1
32406 -1
9077 -1
21171 1
-26612 1
-10477 -1
-29355 1
7471 1
23611 1
14486 -1
-11086 1
-6089 -1
14310 1
18781 1
24926 1
8512 -1
-18641 -1
-24409 -1
16418 -1
14058 1
8675 1
-20820 1
-24771 1
8771 -1
-23887 1
7290 1
-1833 -1
-23986 1
-2824 1
3397 -1
24853 1
15518 -1
1925 -1
-27047 1
9088 1
8880 -1
14006 -1
2169 1
8754 -1
-22122 1
-24389 1
-547 -1
-15781 -1
-15080 -1
-8721 1
-26253 1
-17179 -1
31988 -1
18919 1
-9285 -1
-6909 -1
-32592 1
-28547 1
3312 1
-24950 -1
-4671 1
11718 -1
8949 -1
17744 -1
-16981 1
25143 -1
7272 1
-18702 1
19071 1
-13759 -1
-18228 -1
16969 1
30037 -1
27040 1
14988 1
-13135 -1
-31134 1
-9399 -1
-402 -1
-23289 -1
7716 -1
15602 -1
-11081 1
-5836 1
12473 -1
-14611 1
27576 1
29523 1
7305 -1
-1702 1
-14943 -1
1723 -1
-11170 -1
-8255 -1
-6622 -1
29103 -1
16320 1
-8184 -1
29923 -1
8822 1
-3677 -1
-31274 -1
-15443 -1
