10000 1000
-22622 -1
-8869 -1
26826 1
11818 1
28275 -1
-28746 1
13178 -1
24283 -1
8559 -1
22368 -1
30832 1
931 1
-10527 -1
-23915 1
25218 -1
-9170 1
-16695 -1
-23001 1
-16256 1
6482 -1
7691 1
30260 1
-2959 1
-11765 -1
-25993 -1
15240 1
-5831 -1
29696 -1
-26746 -1
-22805 -1
8462 -1
-9720 1
6137 1
-4152 -1
2102 -1
6572 1
-29491 -1
29079 -1
-25685 1
4739 -1
-26976 1
22411 -1
-11876 1
-32518 -1
27649 1
-18898 1
-19739 -1
28080 -1
11611 1
13940 -1
-9227 -1
17652 -1
18227 -1
-11253 -1
252 1
2703 1
-17866 1
-189 -1
-905 -1
17936 -1
-21275 -1
5059 -1
23288 1
-19108 1
32339 1
-4736 -1
-30302 -1
-29733 1
-23440 1
-28691 -1
-755 1
9061 -1
-30686 1
-31152 1
21682 1
-1463 -1
23918 1
-13390 -1
-5429 1
29631 1
-9240 -1
28559 1
21710 -1
-29563 1
18963 1
14834 1
-23017 1
10640 1
20723 1
8760 -1
19104 -1
17881 -1
-23266 -1
29203 -1
-3231 -1
-14124 -1
-17442 1
-19989 1
30522 1
-12911 1
29891 -1
26326 1
-13260 1
-22747 -1
-26272 -1
-10087 -1
-26705 -1
2446 1
-7070 1
-3319 1
-2118 1
10839 1
40 -1
-5059 -1
26560 -1
29629 1
30181 -1
25922 -1
27851 1
3152 1
-700 1
13201 1
31493 -1
-32564 1
-24585 -1
-28188 1
-30074 1
-23018 1
26144 -1
-15245 -1
29377 1
-32096 -1
4098 -1
-25849 1
32599 1
28219 1
-4958 -1
7752 -1
-2618 -1
-12387 1
-18634 -1
-22501 -1
-22473 -1
31184 -1
-24641 1
-1447 1
5850 1
-18579 -1
-7648 -1
-1790 1
-29725 -1
10279 -1
6876 1
7265 1
18352 1
12792 1
-18119 1
5622 -1
14594 -1
5428 1
9475 1
-10114 -1
-29932 -1
12753 1
646 -1
3475 -1
21004 -1
4830 -1
-8143 1
28652 1
-32612 -1
21518 -1
-2856 -1
-11569 1
-6452 -1
-16001 1
-10013 1
31699 1
-16404 1
-10453 1
-6460 1
3133 -1
-3668 -1
-26220 -1
-7437 1
6206 1
-1944 1
20991 -1
30548 -1
-3001 -1
24238 1
-16227 -1
-1413 -1
-12940 -1
11698 -1
-24729 -1
9607 1
-6077 1
-31844 1
27164 -1
-29101 -1
-490 1
-12488 1
-614 1
-3313 1
14578 -1
17919 1
-18627 1
31603 -1
-223 -1
-25957 -1
32602 1
17201 -1
-30231 -1
-15851 1
-9336 -1
20742 -1
-14019 -1
-13749 1
-1823 -1
-24040 -1
1406 -1
-20983 -1
-8910 1
-20573 -1
20801 1
28940 1
-20114 -1
22078 -1
20110 1
-13015 1
2893 1
-12975 1
-3547 -1
11102 1
32068 -1
-31838 -1
15168 -1
-15268 1
-23791 -1
18427 -1
29540 1
-11462 1
-27388 1
31479 1
-22948 -1
26968 1
13220 -1
17023 1
23429 1
-28929 -1
11569 -1
27323 -1
19804 1
-25172 1
-32207 1
-4675 1
19515 -1
-14065 1
29842 -1
-30177 -1
-4382 1
3548 1
-456 1
20621 1
-8533 1
8221 1
-14976 1
2981 1
-2100 1
-15256 -1
-13146 -1
15212 -1
1529 -1
-24622 -1
-16017 1
9158 1
24573 -1
-23316 1
-22853 1
16688 -1
-15902 1
31858 -1
21517 1
-4613 1
-16747 -1
17214 -1
700 -1
-7151 1
-16401 -1
7002 1
-32626 -1
-27050 -1
21125 1
2540 1
-19686 1
-32000 1
-7666 -1
25598 -1
-25586 1
28928 1
-2021 1
27477 -1
30815 -1
18560 -1
16182 1
28054 -1
-242 1
-9430 1
-17977 -1
16790 1
-20150 -1
24786 1
-27173 1
16128 1
16267 1
19454 -1
-21444 1
3117 -1
-22510 1
-536 -1
-7516 -1
24127 1
-20490 1
-6864 -1
-6620 -1
1919 -1
-24576 -1
11710 1
-14666 1
-28664 1
-22386 -1
26278 1
13931 1
-21587 -1
-19541 -1
-9710 1
31156 1
-26357 1
27895 -1
-26975 -1
23921 1
-12118 -1
16718 1
31003 1
16179 -1
17316 -1
-26498 1
-5342 -1
2686 -1
14488 1
6077 -1
7544 -1
10419 -1
-25495 1
-31538 -1
-30346 1
-570 -1
-19212 -1
-8811 1
-7296 1
-31987 1
-24835 1
9943 1
10958 -1
9183 -1
-25610 -1
-17299 -1
-20078 -1
25610 -1
580 -1
29047 1
24729 1
2747 1
-6862 1
21092 1
9668 -1
28895 1
-14677 -1
30668 -1
27869 -1
32689 1
-10232 1
20609 1
2759 -1
31406 -1
-13147 1
18882 1
-28178 -1
15031 1
32011 1
28546 -1
-18174 1
-18055 1
-30745 -1
6139 1
32690 1
-29784 -1
27633 1
-26226 -1
184 -1
208 1
6522 1
12620 1
32188 -1
-18225 -1
-24179 -1
5969 -1
-18053 1
-1729 1
-29453 1
20543 -1
-22580 -1
24950 1
7620 -1
1170 -1
-10939 -1
-32741 -1
-31106 1
-14481 1
30367 -1
1644 -1
-10741 -1
-5788 1
28401 1
-18334 1
-6704 1
9396 -1
-11145 1
24558 1
-8576 -1
-12618 1
-16260 -1
9887 -1
10896 -1
844 -1
14337 -1
-8171 1
-14528 1
6509 1
-32535 -1
23665 -1
-26561 -1
1204 -1
24345 1
-29156 1
-16757 -1
-10823 -1
8717 -1
-30961 1
1541 1
-30840 1
2409 -1
-15472 1
16962 -1
23312 -1
6671 -1
-1486 1
20544 -1
-31451 1
-30859 1
12986 -1
7728 1
5235 1
20875 1
-14 1
-22398 1
-29264 -1
2718 1
13823 -1
19499 -1
-22032 1
14128 1
-8584 -1
-12907 1
-23811 -1
-3525 -1
-1811 1
7810 1
11257 1
-22901 -1
31337 -1
-19675 1
-28239 1
-9128 1
-18395 -1
6761 -1
-29751 1
4626 1
23217 1
-18242 1
31815 1
-13552 1
-19667 1
24441 -1
29765 1
-16771 -1
2997 1
-26171 1
-15664 1
29901 1
16007 1
-7980 1
16017 -1
-6794 1
-22941 -1
4611 -1
-21763 1
29809 -1
-2844 1
9316 1
26625 1
-32171 1
-27877 1
-26109 1
13038 1
18068 -1
10182 1
27363 1
-3433 -1
25776 -1
29662 -1
20526 -1
16082 1
-13040 -1
8785 -1
-18130 -1
10519 -1
-24101 -1
-7213 -1
16576 -1
-22212 1
-31172 1
-667 1
7228 1
14410 1
-6363 1
23624 -1
-27009 1
-7310 -1
10067 -1
-31765 1
9874 -1
12468 1
32616 -1
3326 -1
3426 1
4909 -1
-30565 1
28488 1
-20519 1
17918 1
-25507 -1
-21230 1
24571 1
-3154 1
-18627 1
-15180 1
6580 1
32579 1
-14890 1
-22541 -1
-29956 1
26084 -1
-8381 -1
-24401 1
4563 1
7313 1
26077 1
-21794 -1
16347 -1
6010 1
16037 -1
-27673 -1
-23685 -1
-19565 -1
4962 -1
27467 -1
8963 -1
4067 1
16211 1
17785 1
19118 -1
-12622 -1
-9378 1
19832 1
4001 -1
25248 1
20641 1
13277 1
406 -1
-14111 -1
11336 -1
14829 1
-13568 1
17767 -1
-29934 1
-17859 1
-12904 1
-14527 -1
31047 1
17346 1
16396 1
-23968 1
22174 1
-317 -1
-25013 -1
-30083 -1
12883 -1
27748 1
10968 -1
-24042 1
11158 -1
25970 1
-16112 1
-22192 1
356 1
3348 1
7194 1
-29588 -1
10434 1
-15387 1
-3057 1
1284 1
20281 1
4197 -1
22187 -1
1062 1
1425 1
-15112 1
5236 -1
20012 1
3793 -1
-31680 1
-14602 -1
-15064 1
3957 1
-30107 1
13721 -1
-23117 -1
6385 -1
18658 1
-19672 1
26136 -1
19814 -1
-7754 1
30052 -1
-12669 1
-6051 -1
3930 1
26203 -1
9478 1
-13150 -1
6175 1
10812 1
-4425 -1
-435 -1
-32270 -1
-21502 1
25849 1
-26077 -1
-22585 1
12910 -1
-4656 1
9779 -1
-9397 1
7629 -1
12026 1
-3428 1
-5962 -1
15274 1
-7460 1
-18422 -1
3420 -1
-21756 1
17734 1
14844 -1
-21273 1
6786 1
12558 1
18710 -1
-9699 1
29535 1
4302 1
22190 1
8192 1
12784 -1
-30792 1
-26224 -1
31103 1
-19185 1
-24248 1
11530 -1
-19053 1
-27343 1
-11810 -1
804 -1
-14904 1
1359 1
-28125 1
-30882 1
18530 1
-15199 -1
-21600 1
-1048 1
-6762 1
-13115 -1
19531 1
2702 1
-31479 -1
16068 -1
-14520 -1
15221 -1
-30278 1
-27676 1
-1219 -1
-31976 1
-16342 1
23685 -1
19031 -1
25639 -1
-19793 1
32123 1
-7227 -1
-30288 1
-21180 -1
15 1
-16219 -1
11614 1
-3041 1
10885 -1
24411 -1
32103 -1
32508 1
-24625 -1
2649 1
22033 1
-9381 1
31630 1
-1 -1
23637 1
8445 1
22175 1
-8150 -1
-22648 -1
31260 1
-7562 -1
-702 -1
5190 1
30649 -1
18290 1
-3023 -1
-9615 -1
-6170 -1
-20884 -1
-31833 1
24806 -1
-17982 1
6309 -1
22323 -1
-28824 -1
15689 -1
27754 -1
8010 1
-19435 1
17711 1
14743 -1
-15718 -1
-2712 1
-13476 -1
26092 1
6462 1
20618 -1
25666 -1
14990 -1
-12735 1
-19927 1
-32507 -1
30882 -1
16535 1
3838 1
23490 -1
29744 1
13576 -1
6498 -1
19572 1
-20789 -1
4587 -1
-4103 1
-3596 -1
-16137 -1
-31490 1
23691 -1
17927 -1
19955 1
-32131 1
6246 -1
-14612 -1
15114 -1
24544 -1
12901 -1
-9983 -1
20046 -1
1243 -1
3171 1
30687 1
-9991 1
-11722 -1
-3402 -1
9853 1
-4700 1
-10278 1
-25418 -1
-5128 1
-18486 1
12890 1
-29271 1
-12535 1
10838 -1
-9161 1
10984 -1
-10045 1
-25012 -1
-9248 -1
-17645 -1
-29107 1
30235 1
32221 1
-6928 -1
-3265 -1
-15362 1
22560 1
-8752 1
11342 1
13484 1
-25520 -1
14618 -1
8938 -1
-15490 1
18256 -1
-19593 1
26170 1
-9135 1
22339 -1
2912 1
-23715 -1
3325 1
25629 1
10022 1
24633 -1
12014 -1
-11467 1
-23746 1
8937 -1
21278 -1
-16357 1
16759 1
-24549 -1
12248 -1
22578 1
-4129 1
1616 1
30710 1
-124 -1
-29361 1
18730 -1
-15613 -1
2709 1
998 -1
16509 1
32632 -1
-9641 -1
-1357 -1
1992 -1
2452 1
8133 -1
-1402 1
1452 -1
-28668 -1
-7848 -1
29319 1
-18644 -1
21750 -1
23497 1
-21709 1
9769 -1
-18878 1
12200 -1
-11745 1
1078 1
27170 -1
30808 1
14289 -1
-32728 1
3679 1
10060 -1
160 -1
-22058 1
12090 1
610 -1
7678 -1
-16304 1
22624 -1
-25645 1
-30028 1
-10433 -1
17666 -1
-1926 1
21455 1
29498 1
-684 1
10836 1
-21298 -1
11616 1
-13926 -1
-5018 -1
-17985 -1
27156 -1
24589 -1
-18626 1
-10724 1
9789 -1
-14322 -1
-32297 -1
-22105 1
-26482 -1
692 1
-3818 -1
27829 1
-32743 -1
-30554 -1
2030 -1
15516 1
-9113 1
5044 1
-4659 1
7743 -1
15037 -1
31474 -1
18524 1
31895 -1
7525 1
-14981 -1
17273 1
-3039 1
-9331 -1
4405 -1
27416 -1
-26711 1
-15299 -1
-5251 1
21643 1
-6454 -1
-24979 -1
20544 -1
-15739 1
13295 1
16181 -1
15470 -1
-28076 1
7080 -1
-18168 -1
-9558 1
-3090 1
-6391 -1
850 1
-25065 1
13077 -1
-17887 -1
-850 -1
29787 -1
20512 1
-2569 1
-4165 1
-28926 1
6767 1
9030 1
-6311 1
18267 -1
11545 1
-30277 -1
-31820 -1
-18839 -1
4187 -1
9104 1
-9679 1
3587 -1
-15910 -1
-7373 1
-7481 1
1796 1
-28140 1
13873 -1
-32757 -1
-27941 -1
-13222 -1
28743 -1
2547 1
22393 -1
-15913 1
30178 -1
-7194 -1
7734 -1
16554 -1
2655 -1
-27635 1
25487 1
21390 -1
25632 1
18579 -1
-24274 -1
-22646 1
12100 -1
8393 -1
-17857 -1
11657 -1
-13483 1
-13961 -1
-28724 -1
-15364 -1
-24873 -1
11159 -1
-4591 -1
11776 -1
-10505 1
21366 -1
-9920 1
-22402 -1
-964 -1
-30354 -1
-27868 -1
7880 1
-31746 -1
29356 1
2427 -1
-28625 1
-4048 -1
-25735 1
-13233 1
-1837 -1
23843 -1
-18128 -1
-399 -1
8198 -1
22157 -1
-12881 1
-13178 -1
-20847 -1
-31806 1
-11097 -1
6602 -1
9963 -1
21821 1
-10342 -1
28838 -1
-16449 1
-9446 -1
-15892 -1
-19998 1
-1150 -1
6310 -1
7241 -1
32394 1
13386 -1
-27125 1
-18593 -1
-27425 -1
-26478 -1
12436 -1
-16919 1
26332 1
16805 1
-24840 -1
31221 1
-32140 1
27299 -1
-13143 1
-19965 -1
-8506 -1
5475 -1
-28160 -1
28632 -1
-20926 -1
8885 -1
20799 1
26046 1
6818 1
11014 1
7809 -1
4198 1
-824 -1
31601 -1
30757 1
-25136 1
19706 -1
-20998 -1
5493 1
13200 1
-7201 -1
-25946 1
1764 1
-24765 -1
26248 -1
846 -1
1672 -1
7322 -1
17601 1
-21283 1
4313 -1
9444 -1
376 1
1726 1
16811 -1
-17309 -1
776 -1
1848 1
12649 1
-18871 1
-27483 -1
26793 -1
-20115 1
-28420 1
-2566 1
12596 -1
-28537 1
-17245 -1
31908 1
16214 -1
6201 -1
7441 1
-6514 -1
-23403 1
-12534 -1
-12432 1
43 -1
16512 -1
-10329 1
-15703 -1
27942 -1
10335 1
-15949 -1
-31774 -1
-10925 1
9944 -1
-29430 -1
14912 1
-15519 -1
-24653 -1
22002 1
20074 1
8776 1
26496 1
12754 1
21127 -1
-19071 1
20128 1
-20443 -1
20202 1
5633 1
-14224 -1
20473 -1
17084 1
1037 -1
28537 1
-20739 -1
-13736 -1
25920 1
-24979 1
25909 -1
16069 -1
12466 -1
-27951 -1
3818 -1
11460 1
-22352 -1
27401 1
16793 -1
-15194 -1
-12667 -1
-28107 1
8977 -1
-494 1
25314 1
-2532 1
2296 1
-1926 -1
-20636 -1
-12426 -1
28289 1
-10222 1
-1417 1
27149 -1
24173 1
13866 -1
-8425 1
31582 1
-3395 -1
2078 1
11069 1
17118 -1
8147 -1
-22395 -1
-27997 1
-22635 1
23016 -1
-9197 -1
-9690 -1
-15528 1
-12619 -1
-642 1
14485 1
-9100 1
-256 1
1628 1
-13472 1
-9773 -1
-22716 1
11929 -1
-19540 -1
26573 1
-9380 1
1410 -1
7091 1
-31269 -1
10572 -1
-23794 -1
22783 1
3312 -1
-4079 1
21513 -1
-19354 -1
-13499 1
-32490 -1
-4626 -1
-9504 1
21739 1
-31358 1
25265 -1
-6338 1
30990 1
-2502 1
-8016 -1
19685 1
-10598 1
23542 1
4554 -1
-763 -1
1715 1
-27094 -1
-15449 1
-4512 -1
14656 1
-20349 -1
-12988 -1
-3320 1
-32560 1
-23120 1
-28845 -1
-14663 -1
-26121 1
-1853 -1
22914 -1
9169 -1
-31616 1
-27956 1
19745 -1
-32243 -1
-390 1
20454 -1
-32296 -1
-5761 1
29075 -1
22209 -1
-30044 -1
3426 -1
23346 1
-9259 1
-28242 -1
-7530 1
27085 1
-18685 1
-31069 1
-6263 1
-7610 1
20546 -1
3767 -1
-29135 -1
1157 -1
-24369 1
-32497 -1
29368 -1
31871 -1
9575 1
-27807 -1
30039 1
-20358 1
-6504 -1
-15168 -1
16845 1
-12566 1
-15703 -1
8043 -1
27023 -1
27535 -1
26613 1
15423 1
-15621 -1
18632 1
19927 -1
31244 1
14182 -1
-469 -1
-18155 1
573 -1
-31954 1
16916 1
3117 -1
3208 -1
-18097 1
2429 1
27045 1
-26969 -1
-23114 1
31274 -1
8355 1
-30074 -1
26022 1
23845 1
-30270 1
25351 -1
24231 1
-27249 1
10762 -1
913 -1
-16483 -1
-8282 1
20760 -1
32656 1
-17094 1
13824 -1
20786 1
9998 -1
26727 -1
29985 -1
-30807 1
18321 -1
-32425 1
1830 -1
-27764 -1
-13129 -1
-27669 -1
-368 1
-28517 1
25978 1
26870 1
-15588 -1
13099 1
28715 -1
32310 -1
-17588 -1
14958 1
7951 -1
26232 -1
26735 -1
309 1
-31666 -1
-11638 -1
15692 -1
27107 -1
-7912 1
-10652 1
-6834 1
-10868 -1
-31602 1
11236 1
-24074 -1
13817 -1
-3570 -1
499 1
456 1
24145 1
7697 1
-9844 -1
21430 1
-10793 1
-31982 1
-15284 -1
22148 -1
-6966 -1
27848 -1
11391 1
-6797 1
24752 -1
7663 1
3897 1
6634 1
-12817 -1
27879 1
10047 -1
25532 -1
19982 1
-19934 -1
8319 -1
8885 1
-22998 -1
-4432 1
-24918 -1
-19176 1
7305 1
-28151 -1
-3753 1
-31441 -1
21243 1
31736 -1
7750 1
23463 1
6057 1
-3403 -1
4988 1
3297 1
6907 1
-3947 -1
-16888 -1
-26374 1
-10172 -1
-25151 -1
-13025 -1
8633 1
12246 -1
20551 -1
2103 1
-10499 -1
-23890 -1
5130 1
31336 1
11746 -1
25486 1
-5822 -1
19508 1
15890 -1
-3263 1
21561 -1
-20674 1
28443 -1
16298 -1
-4119 -1
-24578 1
26779 -1
31134 1
-18476 1
-21828 1
22996 -1
-30900 -1
4140 1
29721 1
9848 -1
4682 -1
17048 1
20329 1
22195 -1
-29117 -1
-13034 1
-3797 -1
5753 -1
15205 1
19716 1
-11855 -1
-20497 -1
-20437 1
-19926 -1
-5111 1
11746 -1
11091 -1
334 1
6199 1
3964 -1
-7574 -1
-12677 -1
-23584 -1
-15849 -1
21950 -1
-13094 -1
-2567 -1
-27445 1
-32408 1
15137 -1
-23643 -1
-18747 -1
-26386 1
-27024 -1
-1737 1
-17329 1
29436 -1
-13801 -1
-23954 -1
-10614 -1
-20480 -1
10341 1
22315 -1
20762 1
10980 1
3247 -1
17430 -1
1198 1
-24830 1
2513 -1
22783 1
16589 -1
27127 1
19290 1
-26394 -1
-4842 -1
30147 1
10195 1
-24251 1
8924 -1
-31455 1
-28772 1
-30774 1
13222 -1
12493 1
-21954 -1
-7928 -1
-10123 1
13004 1
3675 1
31462 -1
21329 -1
18140 -1
10692 -1
13301 1
11477 1
-1265 -1
15714 -1
19466 1
-8399 1
-23158 1
22103 1
11027 1
-7142 -1
9732 -1
23727 -1
-14694 1
4854 1
26467 -1
-21450 1
9304 -1
5792 -1
-16321 -1
9228 -1
-10529 1
15891 1
15921 1
22979 1
495 1
-29977 -1
-13414 -1
1368 1
20808 -1
31076 -1
-4016 -1
-10425 1
10148 -1
4889 -1
29238 -1
24070 -1
32586 -1
-21661 1
2164 1
-9082 -1
-19051 -1
-28063 1
22264 -1
30875 -1
-28540 1
-23909 1
31832 -1
14500 -1
20439 1
4186 -1
-9078 1
-24114 -1
-13461 1
13528 1
-8695 1
7213 1
-15781 -1
21298 -1
-32512 -1
30713 -1
-12081 1
29957 -1
24115 -1
20701 1
-14641 -1
26559 -1
-2793 1
179 1
-5455 -1
26223 -1
8113 -1
465 -1
-5886 -1
-14031 -1
-1544 1
-17974 -1
2517 1
1423 1
-19033 1
11256 1
-31280 -1
-3555 1
54 1
15084 1
-17417 1
-22606 1
-13016 -1
-6039 -1
-1043 -1
7344 -1
-7636 -1
22357 -1
-18200 -1
5005 1
10783 -1
-8647 -1
-5012 1
17055 1
-27460 -1
19329 -1
-10641 1
-4255 -1
6371 1
-22004 1
-5316 -1
11343 -1
-16493 -1
-153 -1
-27880 1
4811 -1
11037 1
-22366 -1
24666 -1
-16657 -1
13370 1
-27221 1
25846 -1
23757 -1
-2954 -1
-6810 1
11056 1
24681 1
-8217 -1
-10372 -1
-12149 1
-5716 -1
12075 1
28431 -1
1476 -1
28561 1
-13182 1
30857 -1
-15239 -1
387 -1
12484 1
22652 1
27574 1
-14071 -1
5983 1
-30426 -1
24878 -1
114 -1
15454 -1
-14446 1
25422 1
-4028 1
-8632 -1
12418 1
-2259 -1
27309 -1
2759 -1
18381 1
-11509 1
24886 1
-6407 1
-1183 1
25282 1
-12978 -1
27919 1
-24654 1
-697 1
28269 1
1999 1
-21986 -1
11946 1
23412 1
-26634 -1
-5632 -1
26572 1
-29599 -1
-8214 -1
-3092 -1
4895 1
-15836 1
24531 -1
-8385 1
2052 -1
5054 -1
12009 1
25997 1
-1305 1
7749 -1
21317 1
5576 -1
-10074 -1
-5615 1
8149 1
-6332 1
-16245 -1
-4606 1
10115 1
28955 -1
-8556 -1
-29450 -1
4206 -1
-17829 1
19057 -1
13514 1
-879 1
28440 1
30973 -1
-13087 -1
29643 1
-14172 1
4914 -1
11873 -1
-15156 -1
-13806 -1
30579 1
-6893 -1
-17925 -1
-30093 -1
-4928 1
2031 1
-19390 -1
-20259 -1
23638 -1
-10603 -1
20413 1
-9718 -1
2054 -1
-20881 -1
-26175 -1
28942 1
7381 -1
-25922 1
-31125 -1
-15848 -1
14933 1
-6109 1
2986 -1
6236 1
-13122 1
31310 1
-12212 -1
-972 1
21984 1
10585 -1
14393 -1
29070 -1
32403 1
-10019 -1
21829 -1
24730 -1
-20671 -1
-11265 1
-7913 -1
-4727 1
-12769 1
-31364 1
18422 1
-354 1
-25326 -1
707 1
-29947 1
-960 -1
-21483 1
-24811 -1
29563 -1
-18629 -1
3533 -1
773 1
-19827 1
-6757 -1
-20115 1
-518 -1
-29963 -1
-4219 -1
-13216 1
-31259 -1
1178 1
8504 -1
3677 -1
-28214 -1
20191 1
15053 1
-16143 -1
724 1
15230 1
-21083 -1
-12789 1
7184 -1
11192 -1
5146 -1
-23205 -1
-10988 1
25455 1
-8392 -1
-18855 1
-13790 1
-12888 1
1108 -1
14418 -1
26777 -1
22913 1
-20938 -1
-9959 -1
-14109 1
26886 1
-4225 -1
26859 1
24577 1
4623 -1
26244 1
15305 -1
23039 1
10509 -1
-11325 -1
17319 -1
30911 -1
21557 -1
-21863 -1
2695 1
-21736 -1
8763 1
23349 1
-23970 1
-17252 1
-1363 1
-5054 -1
9473 -1
-26611 1
28260 1
8875 -1
-4444 1
12018 1
-1166 1
28452 1
15414 1
14956 1
-13535 1
19191 1
-5688 1
-3681 1
5712 1
14090 1
16334 -1
2133 -1
24070 1
-28930 1
-10240 -1
-28188 -1
-24518 1
-13876 1
-3474 1
-8164 1
-22200 1
26571 -1
-15966 1
-14723 1
29279 -1
-31802 -1
-12528 -1
12033 1
25560 -1
-27108 -1
-21602 -1
12392 -1
26449 1
30474 -1
12921 -1
-24779 1
1485 -1
6900 -1
-16384 -1
11412 -1
2838 -1
23651 -1
30565 1
19218 1
27649 1
22837 -1
6545 1
-14145 1
-6377 -1
-25433 1
-12556 1
11227 1
-30821 1
-24309 -1
13136 1
-28320 -1
1611 -1
-19925 -1
-23660 -1
-30434 -1
-21226 1
13335 -1
8413 1
-15187 -1
24194 1
-16916 1
-20904 1
-13073 1
-3335 1
28561 -1
-20155 -1
22002 1
-11799 1
29734 -1
25477 1
10252 1
21816 1
18669 -1
10707 -1
7304 -1
32342 -1
-8046 -1
3821 1
-23463 -1
14971 1
-31178 -1
-22257 1
14356 -1
-24784 -1
-20518 1
14958 -1
24428 1
32723 -1
28506 1
31300 1
4618 -1
2778 -1
-31962 -1
1466 -1
-28184 1
-32711 1
-19428 -1
-3808 1
6610 1
-268 -1
28651 1
10535 1
22812 1
8162 1
14402 1
20030 1
23111 -1
21189 -1
-268 1
25902 1
17950 1
-21554 -1
-1378 -1
10168 1
24375 -1
-26020 1
7878 1
-494 1
-15480 -1
-13003 -1
-7623 -1
18448 -1
27367 -1
20751 -1
10229 -1
24232 1
694 -1
5956 1
-18183 -1
-12520 1
-31630 -1
18862 -1
-5450 -1
-4418 1
-19482 1
-22071 -1
-13133 1
24649 -1
8406 -1
7406 1
-29386 -1
5575 1
13849 -1
-195 -1
25302 -1
2078 1
8545 1
-15489 -1
10572 -1
-3555 1
-5598 1
14347 -1
21878 1
-21944 -1
28736 1
23002 -1
6140 -1
4201 -1
5572 1
4278 -1
3090 -1
18762 -1
29308 1
-4531 -1
-32220 -1
2255 1
8926 1
1647 -1
-23077 1
-7532 1
5263 -1
-10121 -1
13120 1
-9903 1
-10864 1
32612 1
-1853 -1
16027 1
12265 1
-20765 -1
-13136 -1
23878 1
10101 1
24521 1
-16509 -1
-21173 -1
-16494 -1
-4595 1
30088 -1
-29430 1
26 1
11605 -1
-23067 1
-20607 -1
-27125 1
9941 -1
-5945 1
8390 -1
-13119 -1
-17090 -1
-24802 1
10016 -1
-19912 -1
-335 1
21766 1
-16862 -1
22011 1
4943 -1
-31663 1
30118 -1
-12329 1
-21298 -1
21610 -1
4878 1
-24855 1
-32319 -1
7414 1
21118 -1
28105 1
-10771 -1
15663 -1
-583 1
20111 1
12889 1
-1084 1
-8958 -1
-16721 -1
6858 1
-8951 1
-3614 1
1815 1
8552 -1
-3996 -1
-733 -1
22747 -1
31990 -1
-16053 1
-13646 -1
8082 1
-954 -1
23877 1
-15287 1
15223 -1
13942 1
-30771 1
30260 1
-26266 1
-27556 1
-15608 1
19596 1
-32425 1
5872 -1
-16267 1
24147 -1
-16893 1
26874 -1
29068 -1
320 -1
-19431 1
-17228 1
14000 -1
-10704 1
23612 1
15513 1
-17004 -1
-6682 1
13854 -1
-12600 -1
-10981 1
29429 -1
-8716 1
-7135 1
-23830 -1
839 -1
-24364 -1
12963 1
24130 1
-29103 1
-4055 -1
-1071 1
1692 -1
7255 1
-28005 -1
-4420 -1
8500 1
-19218 1
-20282 1
-7792 1
-7460 1
4029 1
20753 1
-14866 -1
15355 1
-28883 1
-9351 -1
-12941 -1
-26985 1
-14928 -1
23018 -1
30923 1
10284 1
-4299 1
11330 1
-10997 1
16442 1
-8910 -1
-7328 -1
-17264 1
-6703 -1
5240 -1
26790 -1
10266 -1
-29688 -1
342 1
10326 1
5573 1
-23232 -1
-12413 1
-7967 -1
-9204 1
5659 -1
-22252 -1
3109 -1
-23764 -1
-28785 1
1056 1
1487 1
-9596 -1
-2220 -1
-5367 1
-11414 -1
-29289 -1
6436 1
18633 1
-16652 -1
1076 1
-24521 1
-21700 1
26923 -1
10389 1
5011 -1
-4487 -1
-12511 -1
-15260 1
4902 -1
7938 1
-4565 1
-25901 -1
14537 -1
6796 -1
3716 1
-20156 1
-32649 -1
-17221 1
-11388 -1
-19786 1
26024 -1
-10414 1
-23022 1
-15263 -1
14411 1
-16262 1
2684 -1
200 -1
-13412 1
-30950 -1
-5954 -1
32467 1
10460 -1
14239 1
-11812 1
-26058 1
1541 -1
16339 -1
-23641 1
9965 -1
-1598 -1
-31954 1
55 -1
-1074 1
23527 -1
-14646 -1
-11841 -1
30721 -1
4230 1
9537 -1
-21870 -1
28972 -1
-314 -1
18294 -1
11962 -1
-7980 -1
9313 1
13173 -1
-17394 -1
19106 1
-1156 1
8987 -1
6588 1
-30220 -1
-7306 -1
-19930 -1
18660 -1
-17095 -1
285 1
-6741 1
4845 1
-22085 -1
-855 1
1599 1
15831 -1
-15246 1
-14512 1
-24692 -1
-17197 -1
-31996 1
-5163 1
12632 1
7762 1
29234 1
-31935 1
-28015 -1
-17933 1
-32349 1
3331 -1
-20029 1
-7505 -1
15022 1
-26653 1
-28000 1
-26449 1
-18710 -1
20460 -1
-32235 -1
2755 1
19268 1
26739 1
-16388 1
-12404 1
14811 -1
21641 -1
-2752 1
2316 -1
-6136 -1
6078 1
2110 1
17954 -1
16099 -1
27023 1
-1 -1
-4738 -1
-15892 1
26062 -1
19346 1
5565 -1
2920 1
-17995 -1
-20822 -1
20209 -1
32676 1
-4550 1
8620 -1
-21210 1
-23337 1
-27673 -1
4683 1
14617 1
20217 -1
-29600 -1
29657 -1
-17603 -1
-17898 1
-22508 -1
15822 -1
5165 -1
-27176 -1
-5544 -1
19595 1
-25590 1
8944 -1
-971 1
-3509 -1
12628 -1
1674 1
-7679 1
-14039 1
18339 -1
-31879 1
-14416 -1
-25143 -1
1322 -1
3131 1
2071 1
11768 1
-25391 -1
4989 -1
11817 -1
-14705 -1
-3390 1
24990 1
-11835 -1
7371 -1
-5045 1
-29351 -1
-32665 1
14049 -1
-1427 -1
-18134 -1
-8967 -1
27987 1
-32130 1
4697 1
-27126 1
-15084 -1
28193 1
-16716 1
23274 -1
10293 -1
14742 -1
3056 1
24362 -1
-2649 1
24660 1
5933 -1
-9641 1
9275 1
21288 -1
23883 -1
-26420 -1
1493 1
13450 1
23275 1
30685 -1
-17875 1
5409 -1
15435 1
-20903 1
-29040 -1
-30614 -1
-1722 1
1138 -1
20111 1
-10142 -1
31320 1
14120 -1
19485 -1
12353 1
10258 1
-9768 -1
-15525 -1
-32112 -1
-30685 -1
19186 -1
-14132 -1
-29894 -1
-6961 1
6419 -1
-14958 -1
4509 1
-10185 1
-31827 1
28145 1
-20564 1
-22168 -1
1053 -1
7657 -1
-29918 1
8974 1
26670 -1
-19700 -1
-30862 1
18060 1
21121 -1
30775 1
11041 1
19492 1
-6777 -1
-27072 1
-21260 1
-14485 1
23888 -1
13598 1
-22791 -1
645 1
-8127 1
14911 1
-19161 1
22272 1
-25837 1
-19081 1
16741 1
-26160 1
26269 -1
19514 1
-30197 1
-13406 1
-23187 -1
-30724 -1
-4805 1
-11048 1
28999 -1
3300 1
-2771 -1
-26372 1
-31180 -1
5698 1
-1252 1
-31989 1
-22274 1
8270 1
9690 -1
-13451 1
-12794 -1
-30361 -1
-17972 1
-29216 -1
5545 1
-18674 -1
24293 1
-19792 1
-24528 -1
21123 -1
14682 1
-4024 1
13098 1
24363 1
11973 -1
6131 -1
-22231 1
19229 1
-686 1
23762 -1
12040 1
-22713 1
9404 1
3290 1
15084 1
-30889 1
-26048 1
-1538 1
17370 -1
24639 -1
27650 -1
-8621 -1
-10686 -1
-2574 1
29391 1
-4326 -1
-30920 -1
31942 1
-8514 1
17626 -1
-13395 1
-29780 -1
-1106 1
-8090 1
-787 -1
-18746 1
30748 -1
-26897 1
10370 1
-12843 -1
3185 1
17474 1
-30604 1
-15338 -1
-12450 -1
-8390 1
-10872 -1
-4963 1
-12939 1
25733 1
19481 -1
-32266 -1
23773 -1
-18868 1
7733 1
-7284 -1
-16560 -1
-11534 1
-10549 1
21299 -1
30280 1
-18518 1
-24846 1
-30197 1
-24870 1
-5388 -1
-2927 1
4319 -1
17233 1
21358 1
-21291 1
-27687 1
11238 -1
29106 1
-13544 1
9712 1
3293 1
-20353 -1
-12552 1
-32361 1
1054 1
-6581 -1
-28376 1
-12840 -1
-9155 1
-14934 -1
-15607 1
32451 1
-17838 -1
-6354 -1
6919 1
11696 1
13902 -1
-9852 1
14490 -1
-16734 -1
-17069 -1
29512 1
-5462 1
-8339 1
-30142 1
-18116 1
11883 1
-23560 -1
4324 1
-31064 1
-25910 -1
27202 -1
-3013 1
2497 1
-2869 -1
30131 -1
10064 -1
-10954 -1
-16174 1
6416 -1
-24588 1
17741 -1
1946 -1
9716 -1
19363 -1
-10858 1
-22103 -1
20918 -1
11693 -1
29189 -1
24974 -1
-25734 1
20417 1
-16772 1
32225 -1
-18126 -1
26809 1
-30409 1
-26072 1
2247 1
-8005 -1
29550 -1
-6797 -1
-16473 -1
-29618 -1
1087 1
-18838 -1
-22840 -1
7419 1
-8445 -1
-25651 -1
-13115 1
-9488 1
80 1
21432 -1
-11007 1
-20581 -1
15372 1
30524 -1
26812 -1
-7358 -1
423 1
-22146 -1
-4454 1
25400 -1
2810 1
13863 -1
-13831 -1
27035 1
23351 1
30988 -1
7515 -1
28383 -1
31786 1
-31494 1
17325 1
32507 -1
14260 1
-20676 1
11504 -1
-6645 1
2436 -1
-6399 -1
25889 1
-31270 -1
-17686 1
-19176 -1
19163 -1
1485 1
11249 1
-11726 1
-59 1
14294 1
28700 -1
-26126 -1
-7670 -1
3051 1
-24289 -1
17216 -1
-1207 1
-14780 1
12229 -1
-15263 -1
-26813 1
19338 -1
13254 -1
-16567 -1
-29621 -1
-23546 -1
24790 1
-22869 1
-6357 1
1815 1
-30104 1
-11435 1
-30521 1
-23207 -1
12633 -1
-27331 1
26241 1
20915 -1
-23633 -1
-15909 1
2474 1
10064 1
7194 1
13003 -1
-1068 -1
3250 1
-20592 1
15940 1
-11605 1
-3699 1
29739 -1
21799 -1
24037 1
-13600 -1
-15993 -1
14779 1
13290 1
-11525 1
95 1
-28643 -1
26844 1
313 1
-31345 -1
-590 1
-5627 1
13803 -1
-9936 -1
1247 1
-744 1
-19950 -1
13156 1
90 1
23170 -1
1923 1
-10331 1
13136 1
-25091 1
-23653 -1
30433 -1
21580 1
3674 -1
-4378 -1
-27681 -1
-16702 -1
5066 -1
-24440 1
-17531 -1
18471 -1
19395 -1
-2165 1
-23302 -1
-29957 1
-3328 -1
22835 1
-12616 -1
-4353 -1
-20961 1
-28490 -1
19251 -1
-16086 -1
18697 -1
18520 1
7011 -1
-24708 -1
11323 -1
26822 -1
-31638 1
-12854 1
-31089 1
-9692 -1
28011 -1
18031 -1
-27198 -1
-24327 1
-8031 1
-20347 -1
-17765 1
-12905 1
29188 1
25109 -1
26297 1
30881 -1
31106 -1
-7508 1
6454 1
-5084 -1
14163 -1
-25563 -1
-8032 1
24092 1
2106 -1
4672 -1
1500 1
17095 1
644 -1
24252 -1
7244 1
-20338 -1
16515 1
19987 1
-12399 1
-18414 1
-21318 -1
27078 -1
-26488 1
2451 1
22941 -1
9079 1
20909 1
-18892 1
-30540 -1
-4508 1
5187 -1
-31715 1
10381 -1
29031 -1
-17785 1
27149 1
11724 -1
-6644 1
22259 1
19896 -1
-2973 1
19636 -1
10840 1
-29460 -1
23297 1
3864 1
11310 1
-13279 1
-26073 1
-31105 1
-4340 -1
21877 -1
19370 1
10088 -1
4224 1
-5654 -1
10899 -1
-13513 1
15259 -1
30073 -1
2187 -1
-29908 1
18394 -1
-1169 1
30942 1
19926 -1
28095 -1
18591 -1
-14825 1
-26212 -1
13583 -1
-32120 1
-18196 -1
4042 -1
19317 1
17175 -1
6928 1
-6578 -1
-16728 -1
-613 -1
7762 -1
31512 1
18681 -1
-5447 -1
32207 -1
31853 1
-21455 -1
-32232 -1
-26105 -1
20233 -1
-10790 -1
-14664 -1
-24057 -1
15830 1
-22774 -1
-30980 1
-16173 -1
-25402 1
-4608 1
-20584 -1
-1252 1
-4164 -1
23087 -1
8370 1
-28760 1
20762 -1
8749 -1
-20647 1
15595 1
-15010 1
9539 1
-7003 1
24741 -1
-28014 -1
-10869 -1
-572 1
5357 -1
-31213 -1
-989 1
-11872 -1
-9095 1
4559 1
26695 -1
-19728 -1
-13262 -1
12985 1
-782 -1
-13204 -1
5170 -1
-13865 -1
-22069 -1
22080 -1
-15347 1
29355 1
-19145 -1
-24255 -1
287 -1
23101 1
-2933 -1
-28062 1
16073 -1
16894 -1
1382 -1
-21275 -1
-26506 -1
16157 -1
-11105 -1
19246 1
-16445 -1
-17665 -1
22305 -1
-2264 1
16117 1
-28852 -1
25846 1
-7339 -1
19010 1
-11669 -1
26011 1
665 -1
21669 1
7998 1
-598 1
25345 -1
-4176 1
31921 1
-28501 -1
-21239 1
14114 1
18634 -1
2120 -1
8146 -1
8929 1
5088 -1
-29498 1
-29179 1
-12729 1
-12989 1
26036 -1
-21236 -1
13045 -1
5824 1
-26644 1
25254 1
-22524 1
-13135 1
-13098 1
18415 1
-25997 1
-7299 -1
1044 1
10347 1
8510 -1
19214 -1
602 -1
13185 -1
-14130 -1
-12655 1
-5197 1
-3249 1
-5145 -1
3673 1
15772 1
-8476 -1
28525 1
10335 -1
-25655 -1
13396 1
-490 -1
24292 -1
5991 -1
12389 1
9294 1
15426 1
13614 -1
1315 1
-21074 -1
-30009 1
2524 1
8885 -1
19944 1
410 1
17906 -1
-23393 -1
24245 1
-14899 -1
26170 1
-14490 1
27089 1
-10236 1
27174 1
-3910 1
23997 -1
-28802 -1
-29801 1
-24404 -1
11940 -1
2964 1
12756 1
19070 -1
-24278 -1
11820 1
8818 -1
11866 -1
20353 1
-5792 -1
8422 1
-11687 -1
-21937 1
-9737 1
-17411 1
13525 -1
-20361 1
-29426 -1
-30380 -1
-17877 -1
13763 1
16708 -1
-25069 -1
-5922 -1
-25957 -1
2928 1
-1370 1
21007 1
-7620 -1
2270 1
6568 1
-31826 1
28350 -1
-23958 1
6537 -1
22736 1
-4915 -1
24364 -1
-3276 -1
-19371 1
-29636 1
-6897 -1
29108 -1
3465 -1
-19919 1
2391 1
-24728 1
14886 1
-15018 -1
6819 1
-17851 1
1565 -1
4894 -1
-2265 -1
19820 1
-10225 -1
27430 -1
6884 1
24161 1
16482 1
8680 -1
-17669 -1
-15952 1
19949 -1
-16883 -1
-21117 -1
-15567 1
-30628 1
11706 1
1149 -1
110 1
15152 1
-21585 1
21069 -1
21009 1
18979 -1
-27238 1
-14011 1
-658 1
-8834 1
25473 1
-14022 -1
18070 -1
-11921 -1
-10111 1
-3467 -1
9391 1
-30689 -1
-16460 1
-10607 -1
-20915 -1
14743 -1
-31712 1
-26253 1
-5979 1
-24063 1
15995 -1
-12898 -1
8478 1
-13136 1
-292 1
-1206 -1
-19279 1
25536 1
14430 -1
-22989 1
20597 1
31947 1
7980 -1
6606 1
-28906 1
-4543 1
8776 -1
6514 -1
28854 1
-17803 -1
26527 1
-8177 1
-1965 -1
18376 -1
-11791 -1
7721 1
-8135 -1
4360 1
-355 1
784 -1
-32190 1
-27230 -1
32398 1
-22875 1
12269 1
3117 1
9255 1
-6767 -1
-24424 1
-24629 1
-27429 1
-25224 -1
-24407 -1
-13018 1
-9179 -1
-29223 1
5783 1
-24502 -1
21302 -1
-10432 -1
8083 1
-17762 -1
-3124 1
-25763 1
14942 -1
3200 -1
423 1
-29739 -1
-27925 -1
-3596 1
-19499 -1
1061 1
-28276 1
25827 -1
-8293 -1
-14211 -1
14005 1
-30355 1
-29053 -1
21569 -1
-21168 -1
32613 1
-15325 -1
12694 1
-21808 1
-28072 1
-29738 -1
21342 1
658 1
6207 1
-22146 1
24263 1
4772 1
-7277 -1
4600 -1
-21562 -1
9404 1
28383 1
3148 1
-14988 1
-16918 -1
27642 -1
14831 -1
-10085 -1
2674 -1
-29542 -1
-17974 1
20719 -1
26350 -1
-23258 1
2012 1
5314 1
-24352 -1
-17449 -1
-32189 -1
-8207 -1
27767 -1
8844 -1
-20433 -1
-9484 1
26579 -1
31538 -1
-4198 1
-18847 -1
28002 1
11525 -1
-14753 -1
-15181 -1
-21180 1
-19390 -1
-9015 1
5220 -1
2882 1
23083 1
-27751 1
-32358 1
5811 -1
-28606 -1
-5690 -1
15801 -1
22031 -1
5465 1
-18942 1
-4748 1
25264 1
-25945 -1
-2047 1
6924 -1
17317 -1
15072 -1
14984 -1
8904 1
-7505 -1
31846 -1
26905 1
2912 -1
-14148 1
-19842 -1
-2025 -1
-14964 -1
29785 -1
13300 -1
8094 -1
-14539 -1
-6416 -1
31735 1
-18763 -1
-28354 1
31789 -1
-26565 1
15018 -1
10744 1
-32144 1
30314 1
-24218 1
22583 -1
24407 1
19916 1
-13786 -1
-9124 -1
23857 1
5114 1
-31751 1
-23594 1
7685 -1
17333 -1
19667 1
23075 -1
23491 1
-18492 -1
17799 1
17992 1
23945 -1
27739 1
24251 1
-29402 -1
8185 -1
-26805 -1
-31315 1
-12817 1
-18392 1
7505 -1
-25020 1
21956 1
15082 1
16995 -1
-12391 -1
-17498 -1
-31501 -1
-7260 1
-26246 1
20208 1
-8084 -1
32563 -1
-8198 -1
-13514 1
-2278 1
-11509 -1
-11212 1
-32767 1
-10838 1
-23434 -1
32563 -1
10080 1
-1604 -1
-28105 1
-16836 1
8616 -1
14452 -1
11199 -1
27959 1
21994 1
-10925 1
-1595 -1
15785 -1
-5430 -1
20373 1
12701 1
-28191 1
-2445 -1
32715 1
-9183 1
-32059 1
17926 1
-21830 1
16867 -1
-30269 1
25665 -1
8429 1
-18431 -1
31292 1
-23308 -1
22134 -1
-14790 1
1444 -1
-31316 -1
2691 1
25879 -1
-11763 -1
-14414 -1
24314 -1
-17515 -1
-21423 1
-15333 1
-31140 -1
-19547 1
-1194 -1
-20581 -1
24840 1
-28784 1
-2681 1
-11880 -1
-23433 -1
-27438 -1
-24881 1
-17921 -1
11454 1
5474 -1
-4708 -1
30246 1
-19729 -1
-22698 1
12379 -1
23907 1
30619 1
2374 -1
-28052 -1
-12220 -1
10813 1
13085 -1
3198 1
15842 -1
29698 1
-9746 1
9075 1
6554 -1
11700 -1
19848 1
28918 1
873 -1
30908 -1
7987 -1
-15405 -1
-3460 -1
8255 1
11553 -1
-32160 -1
8182 -1
14453 -1
9991 1
-19507 -1
-18962 -1
6219 -1
22224 -1
-19041 -1
3355 -1
-2364 -1
25699 -1
-4026 1
3121 -1
-18796 1
27827 1
-19103 -1
19838 1
-15365 1
-14348 -1
-5691 1
-30882 -1
25558 1
-7068 1
-16580 1
15963 1
1065 1
21055 -1
32243 1
-21880 1
-995 -1
22672 1
16833 1
-14591 1
-28386 1
-6188 1
-16226 1
-5020 1
-12691 1
-28231 -1
-18566 -1
-1100 1
-27345 -1
22900 1
2254 -1
10314 -1
-28677 1
23217 -1
-22925 1
-5690 1
-24443 -1
21937 1
-10688 1
13972 1
23809 -1
-31853 -1
13902 -1
-9554 1
-21702 -1
4589 -1
-3715 1
-2268 -1
-24688 1
4178 1
-8394 -1
-2611 1
-10878 -1
-32295 -1
19370 -1
23132 1
-27616 -1
-32489 1
12035 -1
-28943 1
24532 1
27347 1
-14728 -1
-28832 -1
-18946 1
31214 -1
11903 1
23340 -1
-27355 -1
-20057 -1
8120 1
-1288 -1
-32302 1
-27092 1
-6091 -1
28774 -1
8203 -1
23187 1
-28821 1
-32329 1
-13276 -1
11072 1
4596 -1
8362 -1
10688 1
-25169 1
5313 1
31210 -1
-15914 1
7308 1
-1550 1
-5499 1
-4026 1
-3799 1
18081 1
-9674 1
10075 1
31555 -1
17071 1
29550 1
20125 1
-25947 1
32220 -1
-27030 1
-20564 1
4521 -1
12147 -1
-27568 1
-32625 -1
-7306 -1
-27362 -1
24662 -1
-8223 1
-13362 1
-4216 -1
7549 -1
3873 -1
16898 1
-609 -1
-8671 -1
17259 -1
-3848 -1
-23008 -1
-18344 1
-1534 -1
12247 -1
-6351 -1
23648 -1
-31752 1
17288 -1
-4948 -1
-18968 -1
24379 1
-21008 -1
3557 1
-15831 -1
-108 -1
-21956 -1
-19326 1
-30535 -1
-28784 1
-15401 -1
2080 -1
11675 -1
-27443 -1
-27136 1
-7052 1
13763 1
-24857 1
3729 -1
16448 -1
21970 1
15000 1
-21047 -1
15026 -1
29102 1
12822 -1
11308 1
23755 -1
-31994 1
-24576 -1
-27541 -1
8614 1
-24128 -1
21802 -1
-16336 1
23946 -1
-12131 -1
-24430 1
-19452 1
-15908 1
1859 1
-21631 -1
4554 1
-5896 -1
14512 1
-32525 1
-16258 -1
13930 1
-12948 -1
-2591 1
-11608 1
15896 -1
-27996 -1
1708 -1
-5615 1
15546 -1
4518 1
26490 -1
22062 -1
846 -1
17457 -1
3899 -1
-16450 1
-29405 -1
-17152 1
19685 -1
19955 -1
-16002 -1
16336 1
25169 -1
-15915 -1
-23965 1
-9148 -1
-28951 1
-27075 1
-10835 -1
10286 1
27048 -1
23440 1
26696 -1
-28937 -1
22699 1
-30637 1
-12191 -1
-5139 -1
11933 1
-15882 1
-30770 1
14760 -1
-23971 -1
29748 1
16654 1
17052 -1
27058 -1
-16998 -1
4145 -1
-8048 1
-18146 1
4049 1
-18055 1
17592 -1
-8718 -1
10791 -1
1057 1
26827 -1
-28591 1
-1133 1
-6327 1
-30380 1
23801 -1
6401 -1
15456 -1
-25144 -1
32567 1
15081 -1
-3215 -1
-18833 1
23907 -1
-25182 -1
-2385 -1
4042 -1
12297 1
-16536 -1
3780 -1
23763 1
29533 1
-9947 -1
1755 -1
11942 1
10137 -1
-3265 -1
20304 1
-26546 1
23452 1
16841 1
4072 1
1671 -1
24000 -1
-5664 -1
-31981 1
-29379 1
-12027 1
1710 1
16873 1
-2876 -1
5176 -1
-14436 1
-4255 1
24942 1
25079 1
-20164 -1
-4174 1
-20006 1
-24099 -1
-27056 1
10537 -1
-19311 1
-21555 1
-22135 -1
-26641 1
16316 1
14211 1
16412 -1
-30356 -1
-9815 -1
28660 -1
27369 -1
-25386 1
-16649 -1
11457 -1
18228 -1
-13742 1
16138 1
22948 1
26479 1
3098 -1
-1322 -1
-4649 -1
9589 -1
-15239 1
-832 -1
-12113 -1
-787 1
12643 1
-17107 -1
19306 1
4565 -1
4340 1
6919 -1
-22573 -1
-28179 -1
18700 -1
13769 -1
-8984 -1
6458 -1
7693 -1
21053 -1
-25613 1
-16222 1
25632 -1
28775 -1
-12843 1
13312 -1
26033 -1
-21017 -1
31468 -1
-12828 -1
-12845 1
-32028 1
22400 1
11126 -1
-20735 1
10913 1
-23656 -1
13093 1
5319 1
-20457 1
16213 -1
-20319 1
-2780 -1
-11315 1
-28482 -1
-16006 -1
-17157 -1
2022 -1
-31439 1
-31603 1
27506 -1
-4350 1
24800 1
3330 1
32000 -1
-187 -1
-10102 1
-27869 -1
29613 1
30344 -1
-21708 -1
-4493 -1
-20313 1
-13353 1
-9909 1
-26557 -1
-22719 -1
10024 1
9269 1
18128 -1
-26290 -1
-27521 1
25949 1
-11430 -1
-8091 1
-13195 1
11627 1
19626 1
29490 -1
16681 1
13089 -1
-15903 1
-18555 -1
23602 -1
13156 -1
21931 1
7172 -1
-29213 1
-10777 -1
30244 1
-2652 1
19184 -1
19772 -1
-25753 1
-726 -1
-32618 -1
9793 -1
-27555 -1
7807 1
7278 1
-26031 1
23021 1
22364 1
8114 1
19705 -1
-10241 1
7144 -1
-14760 -1
19103 -1
-20821 -1
31436 1
-173 -1
9349 1
-11413 -1
-25312 1
368 1
-19603 -1
20274 1
13154 -1
22692 1
-15245 -1
-18474 -1
6261 -1
-16872 -1
-28211 1
15897 -1
-28636 -1
-18421 1
24732 -1
-15488 1
-12791 1
522 -1
-9167 -1
15444 1
-6909 1
2708 -1
27042 -1
13258 1
-4219 -1
-6946 -1
-8919 -1
-14688 1
-32524 -1
-31111 1
-2932 -1
-1583 1
-11353 -1
8784 -1
16738 1
-25455 -1
14676 1
-23656 -1
16713 1
-20298 1
-20656 1
8712 -1
-26026 1
-25829 -1
-15779 -1
-2788 1
17469 -1
21420 -1
26335 1
-9108 1
1420 -1
29149 -1
27085 1
-24128 -1
-4816 -1
13911 1
-21004 -1
2191 1
13835 1
9635 1
10537 1
-29393 -1
2149 -1
32323 1
-23199 1
13418 -1
19147 1
-12346 1
10256 -1
-14721 1
-1222 -1
-27611 1
-10693 -1
-1513 1
-1432 1
-21461 1
5987 1
-22863 -1
-9117 -1
7806 1
-21743 -1
-8357 1
-21983 1
-12896 1
4 1
-24781 1
-1018 -1
-2561 -1
31059 -1
1673 -1
-10290 -1
-27382 1
-9818 1
-18338 -1
8145 1
15402 1
-26472 -1
343 1
-17862 -1
-1898 -1
32208 -1
-16392 1
-13179 1
29236 1
24172 1
23586 1
-17398 1
14785 1
11349 1
22605 -1
-13619 1
-32336 -1
22496 -1
27859 1
-960 1
27060 1
-7643 -1
27731 1
23704 1
-32032 -1
25352 -1
-28071 -1
16708 1
-4657 1
10201 1
26386 -1
14896 1
-23355 1
-4205 1
9902 1
13130 -1
-28376 -1
15563 -1
21523 -1
24289 1
-10926 -1
27997 1
26443 -1
15036 1
-31104 -1
12207 -1
16630 1
4984 -1
18552 1
3944 -1
20408 -1
8742 1
-14258 -1
1928 -1
-28395 -1
8228 1
-21003 1
12259 1
-27266 -1
-27963 -1
-22571 1
25309 -1
21562 -1
9209 -1
27344 1
22375 -1
5639 1
14416 -1
-8284 -1
27449 1
28093 -1
31856 1
20897 -1
6480 1
15869 1
-10209 1
10732 1
22698 1
-24674 1
15587 1
-17999 -1
24384 1
25836 -1
26633 1
28722 1
-1348 1
-27308 -1
13843 -1
-16156 -1
17564 1
-32176 1
-15372 1
11709 -1
-4254 1
-9777 -1
3493 -1
28223 1
-524 -1
-5370 1
-7632 -1
2510 -1
4946 -1
6427 -1
-26015 1
5989 1
26877 -1
19151 1
-27997 1
5595 -1
25215 -1
-6058 1
-5101 -1
-13613 1
-28449 -1
7174 1
12386 1
6924 -1
25416 -1
30126 1
-27104 -1
-28329 -1
18923 1
-31691 -1
25010 -1
14271 -1
-28244 1
-2063 -1
-2987 1
-23778 1
6678 -1
15648 1
-20673 -1
-19718 -1
17229 1
30279 -1
-22502 1
-8274 -1
10013 1
-19545 1
4393 1
-15398 1
-3172 -1
23525 -1
-24334 -1
-18025 -1
10945 -1
-14494 -1
-31273 -1
-29720 -1
29130 -1
-14858 -1
-27393 1
-32523 -1
11400 1
3435 -1
-13859 -1
20233 1
-15671 1
14573 -1
5764 1
-8719 1
-27963 1
-31761 -1
-25115 -1
16348 1
-3429 1
-14680 -1
29886 -1
1215 -1
-25190 -1
-21812 1
15677 -1
20388 1
-6547 -1
-13867 -1
-18621 -1
8029 1
16858 -1
-21068 1
26710 -1
27437 -1
-1284 1
30166 -1
19694 -1
666 -1
-7468 1
-12070 -1
-13655 1
115 1
-17023 1
-3042 1
2727 -1
-7454 1
-3381 1
-4963 -1
1751 -1
-27687 -1
1999 -1
-10855 -1
-16799 -1
-20742 1
-28049 1
-19446 1
16272 -1
14127 1
20802 1
-17300 1
24434 -1
-22879 -1
10275 1
-21673 -1
16863 1
9252 -1
29996 1
-31533 1
1824 1
32686 -1
4237 1
12694 1
-32583 -1
-3284 1
-18276 -1
-26630 -1
-10381 1
-8553 1
20410 1
6320 -1
-6125 -1
-4032 -1
19652 -1
-9611 1
-10240 -1
-1405 -1
24407 1
-27450 1
-2587 -1
-3485 1
32427 -1
13625 -1
-5542 1
-456 1
-5459 1
-32588 -1
-29119 1
30421 1
-7804 1
12324 1
29967 1
28830 -1
-16229 1
-14675 1
-22507 -1
-26885 1
6430 1
18546 1
-5294 -1
30278 1
20100 -1
30095 -1
-4692 -1
7295 -1
-31356 -1
6876 -1
-30042 -1
-5757 -1
-4718 -1
-16789 1
-13013 1
8648 1
28932 -1
-20530 1
16849 1
-6640 -1
1316 1
-26061 1
-1772 1
-28440 -1
24875 1
-3797 1
22066 1
17347 -1
9834 -1
16115 -1
-10042 1
-15839 -1
-2277 1
-15420 -1
22401 -1
-22287 -1
26442 1
-26521 -1
5893 -1
-14396 -1
-13103 1
3698 1
-23333 1
-27741 1
-9616 1
-12705 -1
-29623 1
-30341 -1
-31623 -1
28053 -1
7787 -1
-5934 1
-14157 1
28613 -1
-13407 1
19653 1
8560 -1
9559 1
19970 1
-23413 -1
-1622 1
-3856 -1
-31021 1
26679 1
27634 1
26239 1
-23934 -1
-29466 1
15300 1
-100 1
27383 1
15566 -1
-7445 1
6246 -1
28376 1
25463 -1
31604 1
29173 -1
10937 -1
-17071 -1
-30059 -1
-31356 -1
-18922 -1
25308 1
12166 1
-22731 1
20751 -1
947 -1
-18309 -1
5570 1
-25590 1
3596 1
-25568 -1
-19010 -1
-32187 -1
-30952 1
-7035 -1
-32336 1
-30494 -1
-28096 1
12714 -1
9610 1
30499 1
-14351 1
25191 -1
25807 1
10731 -1
19489 -1
15057 -1
3369 1
22994 1
28957 1
14824 1
30718 1
18121 1
23120 1
13703 -1
12407 -1
22516 -1
-15292 -1
-16289 1
-5679 -1
903 1
9696 -1
1983 -1
-25887 1
-2269 -1
-13513 -1
29881 1
20169 1
-22745 -1
-24152 -1
-29364 1
-4259 -1
-18561 1
-27605 -1
-12635 1
-13254 1
-27095 -1
27316 1
20065 -1
-25046 1
9979 1
-8358 1
-10294 -1
-31540 1
31614 1
-20195 -1
-21768 1
23137 -1
26632 -1
20662 -1
31228 1
28853 -1
-31788 1
24905 -1
32429 1
-10305 1
-4746 -1
5297 -1
-22757 1
-14081 -1
6950 1
20540 1
-27802 -1
20294 1
-4104 -1
-19961 1
-15403 -1
-22881 1
-28692 1
30600 -1
-25819 -1
8851 1
-23595 -1
-9252 1
9101 -1
11572 1
-12929 -1
1517 -1
-24001 -1
-3618 1
-17473 1
21114 1
-27342 -1
877 1
350 1
-29342 1
6497 1
12351 -1
-14011 1
-17785 1
11573 1
-10768 1
14974 -1
17090 -1
20756 1
-17163 1
-8881 -1
-2131 1
-14605 -1
-15802 1
-25113 -1
-7925 -1
28919 -1
-22009 1
-26458 1
-621 -1
-4901 -1
-19224 1
6732 -1
14534 1
-25450 1
-22354 1
-21399 1
1248 -1
-2639 1
-16493 -1
10901 1
56 -1
-27795 1
28082 -1
-13672 1
-10233 1
-23267 1
12047 1
-5977 1
10563 1
-5594 1
8586 -1
31091 1
-30907 1
25147 -1
23785 1
-18783 1
339 1
10605 1
22174 1
23170 -1
30297 -1
-25142 1
-9720 -1
-17748 -1
-5317 -1
-15803 1
5511 1
-8451 -1
-24511 1
21688 1
-11727 1
-29512 -1
-9327 -1
-20731 -1
-9521 -1
29320 1
-20745 -1
20262 -1
-24853 1
-30254 1
27415 -1
-29860 1
29788 -1
12614 -1
12552 1
-30188 1
-18180 1
-4958 1
13049 1
-2293 -1
-21276 1
-27545 1
28354 1
32760 -1
8938 -1
-10772 -1
-15172 -1
-2157 -1
31835 1
23420 1
3825 -1
19007 1
26026 1
-15087 -1
-28059 1
25425 -1
-28500 1
-30227 1
-2432 1
-31541 1
-28475 -1
32629 -1
-25494 -1
27435 -1
6424 1
2852 -1
30483 -1
-13912 -1
-8229 1
4493 1
15424 1
-20039 1
19979 1
-29847 -1
3711 1
24484 1
-15113 1
-8961 -1
-16793 1
9014 1
-4965 1
22011 -1
29260 -1
-28445 1
5655 -1
17668 1
-24084 1
-1101 -1
14515 -1
27651 1
-20024 1
21578 1
7319 1
-16295 -1
25111 1
15141 1
-16726 1
-27651 1
17588 -1
-27062 -1
8291 -1
-31076 1
6528 -1
31771 -1
-7681 -1
-29557 1
11367 1
30832 1
-31594 -1
-28310 -1
-12573 -1
-12751 -1
-13885 -1
1912 -1
7593 -1
19338 -1
301 -1
-14588 1
27697 1
22695 -1
16871 -1
9293 1
-20487 1
21404 1
-16451 -1
-10044 1
10740 1
27212 -1
29359 1
-23771 -1
-18371 -1
23104 -1
-5079 1
25692 1
-15121 1
-22825 1
28056 1
2603 -1
-21331 1
-17813 -1
-1319 1
12105 -1
1832 -1
7153 1
5244 -1
-2794 1
-22752 -1
27583 1
32004 -1
-8786 -1
-587 -1
-18711 -1
8071 -1
4844 1
-29638 1
30307 -1
-17751 1
2731 1
29315 1
16982 1
-1721 -1
2725 1
25112 1
-22061 -1
23192 -1
20461 -1
-1355 -1
-28713 -1
15207 1
32432 1
-16923 1
17996 1
3414 1
-27538 -1
-13585 1
-3410 1
-12729 -1
-8010 -1
-8136 1
-24562 1
29621 -1
28796 -1
-32442 -1
598 1
14892 1
20438 -1
21069 -1
15831 1
-10985 1
-8813 -1
26397 -1
20733 1
-11023 -1
-18009 -1
10635 1
12213 1
-26814 1
7566 1
-20613 1
4052 -1
-23047 -1
-15101 -1
-27543 -1
32203 -1
23826 -1
3562 -1
-8242 -1
30124 1
25997 1
10127 1
-8763 -1
-15453 1
-25431 -1
-30450 1
-13270 -1
29978 1
-20076 -1
-5891 -1
14452 -1
12080 -1
1043 -1
-2809 -1
-10010 -1
26615 -1
24902 1
-1262 1
-26611 1
-15632 1
-18018 1
4792 -1
-26904 -1
19168 1
-28687 -1
19721 -1
30366 1
29516 1
20848 -1
25801 1
-8673 -1
-2230 1
23438 -1
-10930 -1
17423 1
6454 1
-24066 1
-27949 -1
26615 1
22045 -1
27873 -1
-18540 -1
10002 1
-21414 -1
30700 -1
17608 -1
17873 1
-7422 1
32504 1
-24412 -1
6953 -1
22646 -1
-3994 -1
22754 -1
3932 1
30727 -1
30743 -1
26317 1
15882 -1
-12806 -1
-23434 -1
8870 1
1911 1
-15911 1
4950 1
-21419 -1
-7453 1
-4791 -1
2510 -1
28325 1
-21876 1
7701 -1
-31267 1
-26633 1
21248 1
-14449 1
16781 -1
-13394 -1
19100 -1
18889 1
-11708 1
4765 1
-29957 -1
24608 -1
29825 -1
-32133 1
-30633 -1
12799 1
16567 -1
-24128 -1
20657 -1
18736 -1
-119 -1
24058 1
-4684 -1
-20921 -1
24701 1
-29041 1
-31037 1
18711 -1
8404 -1
-31441 1
10919 1
2492 -1
11976 1
7633 1
9494 1
28362 1
12301 -1
8718 -1
12497 1
3088 1
-27435 -1
32678 1
-23391 1
13892 1
-14636 -1
-29208 1
-19031 1
22402 -1
-27784 -1
11611 -1
29036 1
19460 1
-22864 -1
4412 1
30647 -1
-17187 -1
27289 1
-30460 -1
-22598 1
-24718 -1
28971 -1
29994 1
2534 -1
6600 -1
5994 -1
13757 -1
14892 1
3047 1
9860 1
14964 -1
-26569 -1
17802 -1
2267 -1
-11122 -1
26639 1
16667 -1
13749 -1
3092 -1
-9149 -1
2886 -1
-29217 1
29205 1
-5907 -1
-20921 1
-4908 1
-6885 -1
24850 1
-22045 -1
-11588 1
-31558 1
28178 -1
-339 -1
23788 1
9511 1
2442 -1
-4851 1
5280 1
8132 -1
25370 1
10497 -1
7178 1
3582 -1
21212 1
-7153 -1
11367 1
16119 1
-26860 1
27358 -1
-22067 1
1265 -1
-5173 1
-13317 -1
7195 1
-28264 1
-27773 -1
-30087 1
-28451 1
15725 -1
27571 1
4703 1
30741 1
-14660 1
8823 -1
22432 1
23085 -1
13889 1
-13290 -1
-32244 1
23299 1
-28639 1
-9399 -1
-25425 -1
7096 -1
4385 -1
18786 1
30972 -1
20324 1
1837 1
-24527 1
-8643 -1
-6846 1
31270 1
8213 1
31862 -1
2316 1
2121 1
-20612 1
22182 1
-16973 -1
8011 -1
-10483 1
17313 -1
-28325 -1
4081 -1
4430 -1
-5036 -1
-29448 -1
14319 -1
1888 1
10114 1
-29482 -1
-24069 -1
14301 1
-23565 1
17573 1
-7256 -1
5810 1
2659 -1
16236 1
-29965 -1
656 1
-22532 -1
5999 -1
27948 1
-16310 1
-21329 -1
11150 1
18866 1
22014 -1
-6222 -1
-30147 1
19191 -1
7722 -1
-31131 -1
-2187 -1
578 -1
-2671 1
-27055 1
-17813 -1
-7594 1
-30274 1
-8279 -1
-14765 -1
-17967 -1
2402 -1
14447 -1
18922 -1
27672 1
31270 1
16863 -1
-7702 1
7567 -1
-15111 1
983 1
29789 1
-17274 -1
-24432 -1
27470 1
19001 1
-24731 -1
-17348 -1
-25015 1
1692 -1
12010 1
17584 1
2053 -1
4447 1
-14130 1
4530 1
-4578 -1
1002 -1
-16106 -1
-26345 1
-15658 1
24357 1
10325 1
-14879 -1
8621 1
-29342 1
-8412 -1
-10004 -1
21798 1
24826 1
14762 1
9996 -1
8054 -1
-28064 -1
18057 -1
-24474 -1
-15140 1
32676 -1
7931 -1
-5294 1
24089 -1
1521 -1
7580 1
2524 1
-1687 1
10426 -1
-31159 1
24303 1
-18555 -1
29729 -1
-22310 -1
13229 1
5811 1
26664 -1
10350 -1
7916 -1
17665 1
-6617 1
16154 1
17621 1
15857 -1
-20913 -1
-9815 1
6262 -1
10519 -1
-21329 1
9168 -1
5262 -1
-32141 1
14951 -1
-31435 -1
30612 -1
15532 -1
6360 1
-19844 1
-20232 -1
-20746 1
-16946 -1
-14537 1
24061 1
-19891 1
-28754 -1
1494 1
-10982 -1
2474 -1
-11601 -1
-3699 1
16544 -1
-21410 1
-11955 -1
12106 1
28352 -1
-14840 -1
3538 1
25741 1
-5406 1
-8948 -1
2439 1
-27848 -1
-18082 -1
-12609 -1
15642 1
-3587 -1
-20301 -1
-12457 1
-30827 1
22811 1
27018 -1
1812 1
-9570 -1
-1889 -1
-11957 -1
-26050 -1
26259 1
20084 1
3820 1
-14023 1
-23349 1
18011 -1
23573 1
712 -1
13381 -1
15846 -1
13359 -1
-19188 -1
1781 -1
-6469 1
22237 1
-4932 1
2138 -1
-5865 -1
-12847 1
-6390 1
-7765 -1
-5786 -1
12978 1
28998 -1
-29122 1
-16089 1
-8891 -1
3182 -1
28127 1
-7287 -1
-9455 1
22753 -1
22782 -1
6261 -1
5654 -1
-707 -1
29294 1
24607 1
-25121 1
2987 1
16806 -1
-7011 -1
-6264 1
13979 -1
691 1
-3446 -1
19336 1
1087 -1
23523 -1
31658 -1
-1933 -1
-15205 1
18609 -1
-30344 -1
27803 -1
-14780 1
26099 1
-24884 1
-14323 1
2257 1
-2883 -1
-21250 -1
-18563 1
-29510 -1
-23978 1
-12116 -1
27325 -1
5716 -1
18323 -1
4022 -1
-30621 1
11139 1
-494 1
23611 1
4852 -1
-1703 -1
6818 1
-11801 -1
5370 -1
1053 1
9273 -1
22659 -1
-27411 1
-25414 1
-31430 -1
13254 1
-31712 1
18756 1
18968 -1
-1703 1
-23177 1
26611 1
16677 -1
10747 -1
-21833 -1
-1322 1
7856 -1
-17031 1
-11065 1
24115 1
828 -1
11545 -1
-30049 -1
-9096 1
13366 1
-30950 1
-3835 -1
2254 1
-15453 -1
-3110 -1
-2314 1
9494 1
5492 -1
-20205 1
29979 1
8018 -1
-18218 1
30796 1
4953 1
25364 1
-10057 -1
-22952 -1
12247 1
22926 1
10013 -1
-17497 -1
15128 -1
25286 -1
-23079 1
-25990 1
27106 -1
-2840 -1
8706 -1
-13375 1
-26692 -1
14578 1
11157 -1
19932 1
-27621 1
20170 1
-10617 -1
23700 -1
12687 -1
32098 1
30636 1
25696 -1
-12795 -1
16959 -1
5239 -1
4625 1
6622 1
20070 -1
6812 1
26800 1
-20787 -1
-20825 -1
10436 1
-26901 -1
7625 1
-25681 -1
25127 1
4042 1
-11536 -1
-4540 -1
-29820 1
17697 -1
4384 -1
13561 -1
-20259 1
7060 1
32010 -1
-11858 1
30608 1
-30812 -1
19554 1
10041 -1
9978 1
595 1
-8716 1
-25286 -1
7492 -1
-29454 -1
-10822 1
22129 1
-21803 -1
9782 -1
-19446 -1
-1803 -1
1457 1
807 -1
21813 1
26114 -1
-7368 -1
7371 1
-28442 1
10965 -1
8002 1
-9143 -1
25803 -1
-25813 -1
6648 -1
1670 -1
-2497 -1
-16669 -1
4153 -1
23669 1
-19291 1
-16595 1
4981 -1
30271 1
-14758 1
23456 1
-28714 -1
-12603 -1
4970 -1
19052 1
7181 1
26803 -1
-8568 1
30302 -1
20860 -1
8582 1
-27953 -1
-18451 -1
1059 -1
19456 -1
7770 -1
21277 1
6893 -1
-14328 1
3102 1
-6590 -1
-6957 1
5931 1
19812 1
-25829 1
-12557 -1
10712 1
21586 1
27753 1
16694 1
29084 -1
24865 -1
-19331 -1
-28607 1
-1679 -1
-22562 -1
-32145 1
18523 -1
-27294 1
-18192 -1
-24329 -1
29630 -1
30506 1
-9624 1
-28347 1
-9807 -1
16610 1
7462 -1
-19275 1
13332 1
3549 1
-25585 -1
-10476 -1
30169 -1
-14843 -1
30537 1
-15201 1
-27554 1
9596 1
16671 -1
-20529 1
18515 -1
-2529 -1
-29908 1
-5417 -1
21150 1
20738 1
-12102 -1
-18199 1
-18220 -1
-19056 1
9752 1
17604 -1
10254 -1
-23308 1
-29249 1
16946 -1
-9573 -1
-744 -1
16855 1
6166 1
2895 -1
-21853 -1
32028 -1
-27544 -1
-24853 -1
16237 1
10953 1
10825 -1
9619 1
14426 -1
8089 -1
5732 -1
21734 -1
-14470 1
17689 1
-24393 -1
9052 -1
4749 -1
942 1
566 -1
6552 1
-2720 -1
-7142 -1
28487 1
-32260 -1
-18468 -1
-31491 1
11952 -1
14203 1
32139 1
-22212 -1
568 -1
-5431 1
-25201 -1
7286 1
-16120 -1
10232 1
-23546 -1
32571 -1
23381 1
-6261 -1
-28522 -1
-12697 1
27963 1
-9991 1
-23300 1
5702 -1
5275 1
16531 -1
28968 -1
-29745 1
3622 1
21687 1
4519 -1
-31187 1
-27210 -1
-22841 -1
-23913 -1
7095 1
-9325 -1
-9900 -1
-66 1
-6727 -1
5736 1
6755 1
11536 -1
-15065 1
1094 1
-10650 1
-10265 1
-32761 1
-15421 -1
20962 1
-31651 -1
27895 1
-1772 -1
-4813 1
13011 -1
8372 -1
25558 -1
23770 -1
-14026 1
-21416 1
19999 1
-8610 1
10749 1
-1335 1
-1413 -1
28995 1
24020 -1
25653 1
6049 1
-20749 -1
-16006 1
16054 1
9566 1
-14187 -1
20787 -1
1307 -1
8376 1
22803 1
-8259 1
-11353 1
32441 1
13169 -1
-12797 1
31627 -1
-6577 -1
80 1
25962 1
-4282 -1
-16308 -1
-32457 1
-20844 -1
-10475 -1
10585 1
15728 1
-537 -1
30570 -1
-21680 -1
-20925 -1
12381 1
6229 -1
132 -1
10424 1
20431 1
-27243 1
17362 1
-23783 -1
3794 1
23573 -1
32136 1
-15740 -1
-9455 -1
30644 -1
-6273 1
29370 1
2929 -1
-15149 -1
24512 -1
27560 1
31810 -1
1714 -1
-24300 1
249 1
-21253 1
11986 -1
2828 -1
-31034 -1
-11380 1
-32195 1
-12163 -1
23100 1
24571 -1
-12270 1
-23374 1
13252 1
-12180 -1
14268 1
-19068 -1
20336 -1
-18916 1
21663 1
2029 -1
-29164 -1
31382 1
-18786 -1
17230 1
6486 1
9463 -1
15796 -1
-5971 1
-25837 1
25811 -1
5874 -1
-15414 -1
-4609 -1
29070 -1
21557 -1
25200 1
-14870 -1
-8069 1
-14748 1
12727 -1
-15962 -1
-7078 -1
22234 1
-10295 1
3145 -1
-15693 -1
13569 -1
22036 1
10141 1
2658 1
14224 -1
12574 -1
9595 1
-18864 -1
31931 -1
-31958 -1
1244 -1
-16262 1
18682 1
-673 -1
-4152 -1
-28820 -1
18900 -1
5706 -1
13433 -1
1790 1
15339 1
8894 1
31006 1
-13765 1
-16459 1
15106 -1
1454 -1
-13911 1
27887 -1
27511 -1
-24671 -1
15476 1
-25748 1
18258 1
20999 1
31811 1
450 -1
-28245 1
6978 -1
7860 -1
-24854 1
-1746 1
-26340 1
16407 -1
22229 -1
26594 -1
9633 -1
21757 -1
-7086 1
-28641 -1
16122 1
-4430 -1
15566 1
-17196 1
17258 -1
-11691 1
-6953 1
-28445 1
3024 1
-9990 -1
-1542 1
-11591 1
-29215 1
-21630 1
-15563 1
-17134 -1
3909 -1
-28544 1
25611 -1
-14537 1
-10840 1
-27162 1
14797 1
-26363 -1
17671 1
-12194 1
-5406 1
4430 -1
-28990 1
-11143 -1
31960 1
4017 1
23579 -1
12918 1
-25012 1
16115 1
-14864 1
10672 1
18318 1
13761 -1
-89 1
-2218 1
27127 1
-31197 -1
-6049 1
-4326 -1
-10240 -1
-12704 1
-29679 -1
-22544 -1
17220 -1
3506 -1
-15829 -1
-92 1
15926 1
-26375 1
-30939 1
15134 -1
26028 1
-19741 -1
21289 -1
-29098 -1
-20908 1
115 1
2676 -1
12397 -1
-26998 1
5452 -1
-4650 1
12364 -1
-14033 1
-15012 -1
-26336 -1
6716 -1
-5273 -1
24947 1
-15099 1
24866 -1
1161 -1
16416 1
-26781 1
-19948 -1
-14405 1
-28232 1
21714 -1
-6639 1
-6570 -1
-5296 1
-12283 1
-13187 1
24153 1
28039 1
-16249 -1
-2269 -1
-29312 -1
-4319 1
-7325 1
29996 1
-18155 -1
-18797 1
5328 -1
11254 1
-20044 1
28032 -1
-5886 1
-16051 1
13766 1
30783 -1
-23111 -1
-6314 1
9406 -1
24359 1
-10728 -1
3339 -1
-4069 1
24515 1
614 1
21326 1
27521 -1
16812 -1
27644 1
-3530 -1
18683 1
-18628 -1
15943 1
-13977 1
-11182 1
-21422 1
-14639 1
3754 1
8429 1
-25232 1
7960 -1
-27430 -1
-26453 1
524 -1
-15433 1
32008 -1
12628 -1
-22139 -1
-1948 -1
-28407 -1
-20217 1
-17259 -1
-18535 -1
-30054 -1
-19198 1
-27483 -1
28073 1
11503 -1
-18194 -1
949 1
632 1
-25323 1
-9067 1
14604 -1
-27562 1
9301 1
15756 -1
-8086 -1
23233 1
12000 -1
21074 -1
-27628 1
8732 -1
-8278 -1
20293 1
-28671 -1
-22107 -1
51 1
7964 1
6237 1
-26899 1
32641 1
15761 1
-26022 1
-10418 1
2805 1
-7782 -1
-7752 1
20916 1
-2890 -1
-13239 1
-13442 1
-7430 1
-28637 -1
-8065 -1
7319 -1
30650 -1
24458 1
-23667 1
-3921 -1
20460 1
11205 -1
27124 -1
-29880 1
8947 -1
-25083 1
-18292 1
-29459 1
-14540 -1
-5931 -1
19190 1
-24095 1
-14530 -1
-18879 1
-7901 1
-654 1
-866 1
-30127 1
-29430 -1
2499 -1
32158 1
-14040 -1
-11462 1
29131 1
-14655 1
-5529 1
-8981 1
21917 1
-9871 -1
22959 1
-12474 1
-405 -1
-15175 1
32594 1
10921 1
-4142 -1
15030 -1
10896 1
1337 1
-2815 1
-2866 1
13544 -1
13498 -1
19448 -1
-17603 1
12586 1
-5430 -1
6877 -1
-25870 1
397 -1
-25990 -1
-17154 1
-21631 1
23569 -1
8600 -1
-7496 -1
10425 1
-22807 1
18431 -1
19031 -1
20546 -1
-26685 -1
-22203 1
-6428 1
-4970 -1
18303 1
-2889 -1
21893 -1
5756 -1
-22667 -1
12782 -1
31611 1
18727 -1
28771 1
-4159 -1
2592 1
-28462 -1
32057 1
-14068 -1
29514 1
11854 1
-7814 -1
-18158 -1
-25406 1
-19823 -1
2924 -1
-30085 1
23728 -1
4367 -1
25421 -1
-23574 -1
25851 -1
-24810 1
-17580 -1
-24268 -1
15517 -1
-8941 -1
17987 -1
-13998 -1
-24565 -1
30557 1
11876 -1
27369 1
19519 -1
-16962 -1
1172 -1
17758 1
17615 1
11802 -1
22885 1
3695 -1
-5260 -1
-5051 1
24723 1
7173 1
-1968 1
29575 1
-14690 1
-32741 1
6589 -1
27606 1
310 1
-24883 -1
-5058 1
-22687 1
-3187 -1
19782 -1
-5839 -1
-2153 -1
24982 -1
-2990 1
20150 -1
12913 -1
-21140 1
-16771 1
-18691 1
6684 1
20594 -1
-28656 -1
11325 1
2975 1
21797 -1
-6654 1
19293 1
7659 -1
32684 -1
-7588 -1
-20878 1
26078 -1
-15978 -1
-3087 1
-551 -1
1704 -1
-9160 1
-3374 -1
-18661 -1
19322 -1
-16651 -1
6785 -1
5740 1
13941 -1
9074 -1
7459 -1
-17664 1
12497 1
-20371 1
15124 -1
-383 1
18508 1
22262 1
-24523 -1
29858 -1
9685 1
-25586 1
-19451 1
-10356 1
10617 -1
22472 1
-14500 1
26130 -1
22413 1
22269 1
-22876 -1
-1956 -1
-796 1
24572 -1
18911 1
31386 1
24978 1
18411 1
-13013 1
-28203 -1
-29609 -1
-14796 1
-12771 -1
27147 -1
28564 -1
-5080 -1
20724 -1
18795 1
-6250 -1
16152 1
6343 1
22070 -1
-11989 1
-23876 -1
-2748 -1
137 1
-26362 1
-26847 1
3547 1
-28274 -1
4010 -1
-9106 1
6949 -1
-24557 1
22218 1
28361 -1
13598 -1
8987 -1
-22272 -1
-27276 1
30362 1
5316 1
23198 1
30367 1
-17607 1
-26895 -1
-32722 -1
29148 1
28794 -1
14463 -1
-10767 1
21454 1
21182 -1
3377 1
-27830 1
-31890 -1
-12442 1
27732 1
-23304 -1
-22250 -1
-29217 1
6120 1
-26959 -1
-10402 -1
-30912 1
1210 -1
-19275 -1
-11560 -1
8386 1
16543 -1
-31706 1
-22117 1
14887 -1
17647 1
-23019 1
20449 1
1190 -1
-28996 -1
-1700 1
8214 -1
31488 1
-10868 -1
28881 -1
1043 -1
-31110 -1
22987 -1
14736 -1
24916 1
3053 1
-18573 1
24122 -1
-27105 1
-28240 1
-5035 -1
-21396 1
-20133 1
-3461 -1
13251 -1
32310 -1
-7184 1
4773 1
-21854 -1
13370 1
7407 1
-17877 1
32100 -1
13352 -1
-24458 1
-21594 -1
-13795 -1
-15649 1
-14591 1
-17884 1
16128 -1
13387 1
-25309 -1
11512 1
61 1
-892 -1
3844 1
-24332 1
-13804 -1
7465 1
-3515 -1
-16190 -1
-5875 -1
-20879 1
-25106 -1
-26830 -1
-28353 -1
24867 -1
-24698 1
-17565 1
-26511 -1
30775 1
13217 1
-22012 1
219 -1
-32750 1
-25491 1
19129 1
-28194 1
28770 1
-15118 -1
-6759 1
23004 1
-4114 1
10021 -1
-16620 -1
18621 1
19600 1
27927 -1
-24657 -1
-6441 -1
-6251 1
21105 1
21957 -1
23287 -1
31322 1
-4962 1
3569 1
31594 -1
14763 -1
-17245 1
-9347 1
364 1
21482 -1
-29685 1
-6900 1
22029 1
-10196 1
-15860 1
12956 -1
-21818 1
381 1
2236 1
-13816 -1
8897 -1
-29632 -1
11234 -1
-15674 1
32644 1
10983 -1
-18184 -1
-14866 -1
6908 -1
9370 -1
-27642 1
22203 -1
7409 1
30989 1
30476 -1
-29767 -1
-25464 -1
8548 -1
-12722 1
21550 1
12588 1
26474 -1
-7008 1
-14613 1
18352 -1
-27250 -1
29860 -1
-2779 1
10852 -1
-25996 1
26752 -1
-18921 -1
1382 -1
-8940 1
-28685 -1
23994 1
29899 -1
-18582 1
-19533 1
2728 1
10270 -1
-27214 -1
12879 -1
6904 1
7704 1
-3262 -1
-1417 -1
1832 -1
29857 1
-1513 1
-15473 1
10616 -1
2311 1
26319 1
19292 1
18614 -1
25725 1
-23137 -1
-12699 -1
1614 1
12502 1
9638 -1
-1236 1
31632 -1
12674 -1
-13614 -1
5789 -1
-4675 1
-31944 1
25527 -1
-4190 1
-25707 -1
-28997 -1
-26142 -1
8552 1
12118 1
-9124 -1
2183 1
-6992 1
9708 1
-16543 1
-10447 1
6289 1
11831 1
7989 1
6706 1
-2401 1
-22064 1
-32557 -1
24120 1
17107 -1
3020 1
-12234 1
24292 1
-27693 1
-25671 1
-6863 1
-5663 1
-26251 -1
-32431 1
28597 -1
-20065 -1
2740 1
19890 -1
-27434 -1
-26786 1
-22844 -1
-21676 1
30414 1
-21376 1
-30938 1
-9195 -1
-7465 1
8112 1
7946 1
8260 1
3566 -1
23977 -1
-16102 -1
-25052 -1
11894 -1
12431 1
-6721 1
-13871 1
29303 1
-16989 -1
4357 -1
4452 1
30979 1
-1366 1
19150 -1
-31444 -1
-10697 -1
28333 -1
5831 1
16599 1
20102 -1
-5746 1
7619 -1
-32721 1
25804 -1
-26815 -1
-17054 1
-18556 -1
-9206 -1
21539 1
19670 1
-29047 1
-29547 1
8526 -1
-14692 -1
-24591 -1
-19730 1
-24574 1
19936 1
21581 -1
-18452 -1
5417 1
-18900 1
1088 1
18392 1
-5739 -1
-21087 -1
4747 1
2875 1
-16050 1
29710 -1
-11312 -1
-6160 1
-26663 -1
22262 1
-22942 -1
16087 -1
22366 -1
-278 1
-20217 1
12992 1
-961 1
-17131 -1
18344 1
29154 1
26937 1
-10835 1
14628 1
31159 -1
-20254 -1
-6054 -1
-26879 -1
987 -1
-12385 -1
-20754 -1
-12850 -1
18181 1
-12535 1
-12342 -1
-1451 -1
30789 -1
-19592 -1
17922 1
29206 -1
-2175 -1
10840 1
-4301 1
16107 1
-23079 -1
-17012 1
8375 1
26296 -1
-27454 1
-16416 -1
17985 -1
-31919 1
-12172 1
19841 1
10026 1
-18802 -1
5919 -1
-13446 -1
21899 -1
-11037 -1
32003 1
283 1
-17717 -1
1172 -1
-31298 1
-4241 -1
15178 1
-18446 1
-22814 1
14919 -1
-5146 -1
-26849 1
9357 -1
-32157 -1
31551 -1
-16527 1
4085 1
24858 -1
-29179 1
13073 1
-13096 -1
28379 -1
-16337 -1
7779 -1
22178 1
31294 -1
10593 -1
24912 1
-19456 -1
-6863 1
-2440 1
1406 1
-3780 1
-2162 1
-10424 -1
-22716 1
10567 -1
17617 1
28308 1
394 1
-6654 1
-15880 -1
18895 1
-23273 -1
13553 1
22158 1
27205 -1
-9060 -1
15735 -1
-32358 -1
10586 1
-19294 1
-13366 1
18823 -1
15506 1
28317 1
5466 -1
-12168 -1
3697 -1
17687 1
-788 1
24719 1
22933 1
-5884 1
6230 1
23419 1
-25105 -1
-3 -1
24524 1
12624 1
26891 -1
-3576 1
-11037 1
8674 1
-13976 -1
-1669 -1
18018 -1
32196 1
-21975 -1
24640 -1
-17383 1
-31091 -1
-24395 1
15094 1
23584 -1
23998 -1
-28029 1
25397 -1
-7662 -1
-16760 1
-6098 1
-11551 1
-27410 1
14432 1
-4009 -1
-12909 1
-31985 -1
-9040 1
15288 1
-16321 -1
28041 1
3492 -1
-28072 -1
-32048 -1
-179 -1
17389 -1
-3566 1
-7695 1
10650 -1
-4054 -1
23020 -1
-9212 1
-2171 1
17750 -1
-4167 1
-304 1
-23710 1
3351 -1
10122 -1
9731 -1
-9876 -1
6181 1
-27387 1
-17856 1
-30386 1
10458 -1
-6589 1
-24234 -1
9165 1
-7432 1
-25639 1
20814 -1
26166 1
25960 -1
-25442 1
-4874 1
-4856 1
-5698 1
26441 1
18397 1
29520 -1
-32093 -1
13948 1
-20336 1
29805 -1
-26921 1
7366 -1
-4453 -1
11112 1
3370 1
-25520 -1
5343 -1
27014 -1
12199 1
-4453 1
-12113 -1
23724 -1
3219 -1
-2504 -1
22155 -1
30754 1
6587 -1
28115 -1
-25089 1
8588 1
-6193 -1
-21810 1
18269 -1
24100 -1
-7928 -1
-15904 -1
7752 1
-31804 1
2800 -1
-20352 1
-30580 -1
-29939 1
3 1
18751 -1
21229 -1
-567 1
26512 1
16104 1
-16800 -1
-9466 1
-6167 -1
-30856 1
32300 1
6072 1
4645 1
5571 1
2280 -1
-26920 -1
-32386 -1
20279 1
4916 1
15169 1
-22937 -1
29200 -1
-17923 1
25199 -1
-30759 1
-29163 -1
12200 -1
-24854 1
20775 1
-11504 1
-25824 -1
31559 -1
14588 -1
-15914 1
8480 -1
-24257 -1
31200 -1
-31273 -1
-29216 1
-6954 -1
-30092 -1
29146 1
15015 1
-26254 -1
15400 1
6054 -1
6296 1
-27159 -1
-17524 1
25288 -1
31293 -1
-4878 1
12599 -1
3315 1
-28370 1
9234 -1
20456 1
17956 1
32340 1
662 1
-15514 1
-31427 1
-5259 1
-31904 -1
-22317 1
2048 1
-19285 1
703 1
30130 -1
31340 -1
-8245 -1
4685 1
30 1
-13014 1
-24859 -1
19430 1
24882 1
-3432 1
23668 1
-29224 -1
30889 -1
26369 1
-8309 1
-19628 -1
-31396 1
-7380 -1
-21923 1
11075 1
26706 1
-25152 1
-166 1
-1396 1
-3554 -1
2290 1
-14158 1
-29238 -1
-12717 -1
5945 -1
-5350 -1
29674 -1
24735 -1
18601 1
31160 1
21659 1
-998 -1
21746 1
25056 -1
-3704 -1
-11229 1
6401 -1
-24404 1
31889 -1
15418 1
-32344 -1
819 1
20433 1
25974 -1
15530 1
16974 1
1084 1
6013 1
-20922 -1
8436 -1
21097 -1
22934 -1
-19316 -1
-12801 1
-22849 -1
13204 1
16460 -1
-13609 1
31736 1
-5182 1
4566 -1
-24704 -1
-12364 -1
24826 1
21927 1
-8525 -1
14589 1
-6848 1
106 1
-24592 1
2188 1
-17470 -1
12101 1
-5073 -1
-18487 1
30023 1
11118 1
12458 -1
-16179 -1
18305 1
-1032 -1
15767 -1
5675 -1
-2127 1
23106 -1
7548 -1
-13049 1
23547 -1
15282 1
22391 -1
10403 1
-15911 1
-9966 1
-27239 -1
30616 1
-2933 -1
5740 1
-30652 1
6699 1
-116 -1
11675 -1
-20864 -1
-6479 -1
-22989 -1
-25665 1
-14245 1
-9620 1
431 -1
19479 1
20625 1
-28770 -1
30327 1
-19618 1
10471 -1
-16755 -1
22179 -1
29012 -1
18071 -1
-1174 1
15865 -1
9698 1
-6952 -1
-19361 -1
24562 -1
-31975 -1
24899 -1
-183 -1
2924 1
23738 -1
12675 1
17595 -1
-912 -1
-11915 -1
23164 1
-13844 -1
-23040 -1
-27588 1
-18441 1
7074 1
13892 1
-9630 -1
-1497 -1
12287 1
13942 -1
-25345 1
10556 1
-2298 1
-21804 -1
28833 -1
11817 -1
22352 1
-166 -1
-32597 -1
5011 -1
-31404 1
20280 1
11450 1
-17133 1
9697 -1
-31993 1
-21000 1
3835 1
-3942 1
7852 -1
-13619 1
21979 -1
27153 -1
-13806 1
-30789 1
-4691 -1
8728 1
4768 -1
-25338 1
26715 -1
-6724 -1
11671 -1
25245 1
-30957 1
-25974 1
26754 1
23585 1
2316 1
14431 1
-24347 -1
11395 1
18450 1
3963 1
-13712 -1
-29534 1
16701 1
17742 -1
4147 1
-975 -1
-17532 -1
-5346 -1
8288 -1
6026 1
-21110 -1
-17536 1
29359 -1
-8253 -1
22492 -1
29869 -1
27227 1
21284 -1
17391 -1
20328 1
5617 1
-19181 1
18003 1
-5025 1
-18747 1
-23501 1
16406 1
-14587 -1
-10350 -1
-30179 -1
13307 1
-10182 1
-4243 1
-12748 -1
16907 1
16695 1
-2355 1
-25478 -1
-31326 -1
13289 1
11077 -1
-20361 -1
4901 -1
-22680 -1
10588 -1
-24099 -1
19963 -1
4891 -1
25867 -1
-26900 1
6253 -1
-29602 1
15772 -1
32618 1
13254 -1
5169 1
1009 1
-15261 -1
28704 1
-28253 1
-16314 -1
-2029 1
-18087 1
9541 -1
12760 1
-27899 1
-24367 -1
32722 -1
16399 1
18086 1
-19704 -1
3890 1
13810 1
-31528 -1
-3776 -1
15761 1
1803 -1
4208 1
7690 -1
16665 -1
32330 1
-15297 1
-6572 1
-12076 1
1712 1
18315 1
-22430 -1
11232 -1
-31036 1
-27528 1
27137 1
-29115 1
-7188 1
-29467 -1
25454 -1
11696 -1
16119 -1
-19940 -1
26240 -1
27480 1
-8417 1
26279 1
19620 1
-3444 1
-2816 1
23646 1
-28703 -1
3747 1
19671 1
-31132 1
25951 -1
1631 1
1456 -1
1572 -1
-12166 -1
-11837 -1
-26438 1
20169 1
-15411 -1
-25445 -1
-23986 1
-32647 1
-12947 -1
24655 1
-18582 -1
-11234 1
-25000 -1
-10943 -1
-12680 -1
-8575 -1
22999 -1
-29186 1
-11201 -1
24832 -1
32184 1
22889 1
-18694 1
22820 1
-5657 1
27398 1
-20437 -1
-16414 -1
-13651 -1
-11941 -1
-7891 1
-10036 1
-30161 1
-8461 1
-26997 1
9371 1
24541 -1
1912 -1
14829 -1
12178 -1
684 1
23375 1
-25687 1
2749 1
-3244 1
-18986 -1
22308 -1
-22723 1
-28429 -1
-1542 -1
29893 -1
-14122 1
22669 1
-25032 1
-25244 1
31601 1
4999 -1
30194 -1
-31007 1
-28270 1
4926 1
18851 -1
-16717 1
-8682 1
15462 -1
-15316 1
-11093 -1
-15482 1
13555 1
-10449 1
-27268 -1
-22432 1
18213 -1
-2037 -1
8815 -1
-19489 1
9171 -1
-32169 -1
-20834 1
-2216 1
4087 1
7582 -1
9223 1
-20124 -1
18810 -1
22857 -1
-7770 1
28990 1
-12097 -1
22175 1
-17868 -1
-29445 -1
30840 1
-11025 -1
14517 1
7485 -1
-1820 -1
-14026 1
24319 -1
28126 -1
8654 -1
7207 -1
8208 -1
30633 -1
-8406 -1
-3959 -1
18935 1
4233 1
-23158 -1
-31476 1
5594 -1
-27176 1
-23152 -1
13056 -1
-30111 -1
28879 -1
12505 -1
-13988 -1
5849 -1
3202 -1
-25631 -1
-14405 1
-18164 1
-8283 -1
21080 1
27304 1
9380 1
-25638 -1
-3533 -1
-20007 -1
-19082 1
-29758 -1
198 1
31284 -1
24360 -1
13222 -1
25751 -1
-7951 -1
13830 -1
-23659 -1
22506 -1
-15299 -1
-28197 -1
-23096 -1
-8271 1
17510 1
-14755 -1
19258 -1
-25344 1
-13457 -1
-15024 -1
17206 -1
-24825 -1
-18972 1
8624 1
11495 -1
567 -1
-25630 1
-30896 1
-26013 -1
-15439 1
-16932 -1
-18446 1
28434 1
-8243 1
-8111 1
-100 -1
21391 1
6976 -1
26612 -1
-21941 -1
-6207 -1
14218 -1
-32207 -1
30682 -1
-22995 -1
26475 -1
-21511 -1
-21549 1
-28502 -1
10313 -1
20936 1
-19575 -1
-12113 -1
-2214 -1
16220 -1
3863 1
-13090 -1
-23918 1
-14124 1
-31860 -1
13465 -1
12924 1
-22263 -1
17828 -1
25044 1
-17005 1
-11601 -1
12380 1
-17243 -1
424 1
8029 1
-11290 -1
4222 1
2221 -1
17102 -1
-9361 1
-3566 -1
-27037 -1
-26651 -1
15701 1
-21146 1
-15626 -1
20737 -1
-25287 -1
3788 -1
29184 1
-20286 -1
23617 1
12676 1
-11603 -1
18315 -1
19333 -1
-2066 1
17450 -1
-21721 -1
-17763 -1
13305 -1
7627 1
-2000 1
-28585 1
-4867 -1
-2216 1
-32388 -1
20559 -1
30112 1
20138 -1
-20601 -1
14819 -1
16260 -1
-5309 -1
2778 1
305 1
20096 -1
-20891 -1
14580 -1
-26678 -1
-17311 1
26589 -1
-13560 -1
-27207 1
2691 -1
12094 1
15601 1
21885 1
-15106 1
31025 -1
-2051 -1
-23907 1
-12540 -1
-23718 -1
-22501 1
-4834 -1
30334 1
-21784 1
-17056 1
28012 -1
-23580 -1
218 -1
12425 -1
20839 -1
-23435 -1
-2723 1
19068 1
16347 1
8317 -1
2646 -1
-21593 -1
7007 1
-21441 1
-26902 1
-12228 -1
11840 1
1178 -1
-5257 -1
-792 1
24051 1
19550 1
3435 1
-16555 1
14269 -1
2131 1
-7510 1
2632 -1
17055 1
-17861 -1
-16336 -1
-11497 -1
-17031 1
15467 -1
-2709 -1
-12468 1
-22709 1
-29435 -1
8486 -1
14649 1
11626 1
-27147 -1
32658 -1
-12777 1
3799 1
-26923 1
10370 1
-728 -1
12612 -1
19007 -1
-650 1
-18870 1
31871 1
24353 1
-28847 1
21259 -1
-4743 -1
-19830 1
29235 -1
20402 1
-31609 -1
-31952 1
-21928 -1
-663 -1
-8890 1
-29445 1
-19251 -1
-25268 1
-4453 1
15054 -1
-25119 1
27977 1
4599 1
-12450 -1
15782 -1
9306 1
-10552 -1
-20948 1
3323 1
-30062 1
-4204 1
-27115 -1
-4763 -1
-1157 -1
-7354 -1
14913 1
-18132 -1
-5977 1
16348 1
30686 -1
24981 -1
-7385 1
3591 1
-15254 1
22391 -1
-3298 1
29980 -1
-16480 -1
-5644 -1
7232 1
4368 -1
3065 -1
-2919 -1
228 -1
18841 -1
23993 1
-17643 -1
-16998 1
-9497 -1
32693 -1
-12631 1
-21180 -1
31951 1
22037 1
21010 1
27452 -1
32315 -1
-18614 -1
-26547 -1
27087 1
-9681 1
25347 1
26067 1
10871 1
-7905 1
-17935 -1
14870 1
6403 -1
-13510 1
-18679 1
12919 -1
30479 -1
16717 1
25462 -1
3796 -1
-4674 1
17512 1
16073 1
2489 -1
26307 -1
4371 -1
2245 -1
-25712 -1
-27132 1
-15237 -1
-25910 1
16967 -1
-31122 -1
13466 1
6521 -1
24356 1
-10916 -1
16000 1
20060 -1
27975 -1
-30018 -1
9888 -1
-1077 1
9822 1
30768 -1
28879 -1
-5440 1
-23501 1
20699 1
-24501 1
-25149 -1
-4670 -1
17307 1
1660 -1
1354 -1
29800 -1
-12331 1
20413 1
9981 1
-10524 1
3685 1
9638 -1
20933 -1
-22676 1
28481 -1
10096 1
-24450 -1
27902 -1
-15888 1
6144 1
23906 1
-23111 -1
-15860 -1
-29147 1
-509 1
-31012 -1
32674 -1
-19535 -1
4532 1
-16743 -1
19291 1
-32223 -1
19782 -1
-28543 1
-15144 1
10222 1
-18099 -1
-24911 -1
-340 1
-6063 1
-14421 1
-13875 -1
5935 -1
-10315 1
14907 -1
32336 1
-20480 -1
4692 1
29128 -1
1307 -1
3146 -1
-21609 1
-6028 -1
812 1
2371 -1
-8490 -1
-28514 1
17219 -1
2194 1
32350 1
-3786 1
-1690 -1
19527 -1
355 -1
-3464 1
-13421 1
8991 1
-21717 -1
-31868 1
-8391 -1
248 1
-29569 -1
-16068 -1
30351 1
-24466 1
17547 1
8463 1
-4306 1
25479 1
-1246 -1
-19268 1
20305 -1
396 -1
10708 -1
26707 1
12877 1
8169 1
-10534 1
-8281 -1
18834 1
28726 -1
-21013 1
16635 1
17089 1
-32087 1
9177 1
12283 1
8930 -1
10681 -1
-19785 -1
-1054 1
-30504 1
6606 -1
16844 -1
-24642 1
-2310 1
-18118 -1
-3967 1
-27834 1
-24947 -1
13710 -1
25255 -1
-2797 1
-10105 -1
3597 -1
25176 -1
-7982 -1
9732 1
3741 -1
-21094 1
3293 -1
-1256 1
-6087 -1
9867 1
16574 -1
-307 1
-19523 -1
29402 -1
-26008 -1
-12468 -1
-303 -1
-25955 -1
7953 -1
-7370 -1
31374 1
-13607 -1
26312 1
-16498 1
-12291 -1
12862 1
-26548 -1
-13707 -1
5581 -1
-25413 1
29628 -1
-7531 1
9733 -1
-23565 1
-28566 1
-4263 1
9751 -1
14722 -1
-20708 -1
8734 -1
-25726 -1
-28377 1
2700 1
16711 1
27331 1
20477 1
855 -1
-1979 1
-24503 1
1338 -1
29388 -1
15877 -1
5616 1
21546 1
16462 -1
-9129 -1
641 -1
-27104 1
-16500 -1
18034 1
6140 -1
-4691 1
27816 -1
-29951 1
16812 1
-2316 -1
-28931 1
6287 1
31503 -1
20243 1
-11366 -1
-524 -1
-16274 -1
-12822 1
32476 -1
30294 -1
-20111 1
28890 -1
-559 1
1489 1
32651 -1
10470 -1
2248 -1
-31537 1
-8875 -1
-31086 1
-32459 1
28036 1
10616 1
-1917 1
2419 -1
-16767 -1
5076 -1
20326 -1
-170 1
9741 -1
-23867 1
28524 1
-7916 -1
-22548 1
-26173 1
-22447 -1
860 1
14730 1
-5690 1
2906 -1
-25127 -1
1976 1
-12640 1
24330 -1
-32537 -1
-15565 -1
-7906 -1
-24704 -1
20093 -1
-26789 -1
-7034 1
21386 -1
22584 -1
-3290 -1
-5152 -1
28718 -1
14632 -1
18443 -1
9483 -1
19992 1
24250 -1
-23660 -1
-30952 1
10565 1
-22729 -1
-23950 -1
-1113 -1
-27632 1
-23998 1
4463 1
-22960 -1
-10685 1
23781 1
-20677 -1
4332 -1
30756 -1
-15116 -1
-29318 -1
-32756 1
20511 -1
-5473 1
-3770 1
16146 1
-25878 -1
9869 1
9349 1
-13745 1
-7434 1
10764 -1
28527 1
-11098 -1
-5632 1
-22991 -1
-30709 -1
-6380 1
-25776 -1
25108 1
-11093 1
13851 -1
30830 1
26499 1
1685 -1
32555 -1
-20568 1
-31629 1
8404 1
12012 1
28096 -1
6913 1
-8405 1
26872 1
12251 1
4847 -1
-27080 1
-4140 1
1195 -1
26561 -1
2907 1
-1380 1
-6953 -1
6806 -1
16641 -1
19066 1
695 -1
26849 1
3200 -1
-17791 -1
-25540 -1
-25154 1
14272 -1
-8251 1
15808 -1
28836 -1
18898 -1
32739 -1
22082 -1
11927 -1
15167 -1
4377 -1
17783 -1
10223 -1
-30098 -1
9256 1
-19405 -1
-24733 1
27175 1
21888 -1
-23776 -1
-15820 1
-19509 1
-32367 1
2980 1
-11583 -1
-14873 -1
-27169 -1
-17363 -1
-9962 -1
-25061 -1
-2778 1
-31897 -1
-25806 -1
-27944 1
11121 -1
20606 -1
27929 -1
16383 -1
-22800 1
9875 -1
19069 -1
22364 -1
297 1
-22752 1
3791 1
-21141 -1
-32699 -1
1036 1
-31716 -1
29743 1
-6598 -1
-27725 -1
-28328 -1
-9707 1
-8204 -1
9106 -1
26751 -1
-19473 1
13833 -1
-23790 -1
-21215 1
29692 1
31027 1
-6472 -1
-22830 -1
-10725 -1
1142 -1
6464 -1
29912 -1
-500 1
3050 -1
16484 1
1972 1
8324 -1
3286 1
-21907 1
-8345 -1
-19893 -1
19945 -1
-19632 -1
-17979 -1
24631 -1
-11191 1
1419 1
25674 -1
-2901 -1
28017 -1
11275 -1
-14029 -1
23615 -1
-7656 -1
9632 -1
-20411 -1
-29340 -1
9412 1
-14312 -1
-4826 1
-16463 -1
-7168 -1
-21663 -1
-17372 -1
-23689 -1
7593 1
-14028 1
-695 -1
-13839 1
1495 -1
15656 -1
-21060 1
-12492 -1
-25834 -1
11729 -1
-1307 1
31385 -1
7689 -1
20272 1
-11436 1
9034 1
-28120 1
-552 1
26273 1
17405 -1
21880 -1
-18815 -1
9332 1
-16798 1
-9668 -1
-27281 1
-18763 1
-30398 1
-9928 1
4914 -1
-14875 1
-20629 1
6021 1
-12515 1
-15356 1
-11092 -1
-483 1
25912 -1
15561 -1
31152 -1
7926 -1
-17288 1
25083 -1
-939 -1
18293 1
-17367 1
-31174 -1
18596 -1
11383 1
-5888 1
10869 1
-20641 1
21616 -1
18469 1
31746 -1
-30938 1
6250 1
-22363 -1
6137 1
1929 1
-7559 -1
-14737 1
-23438 1
-4849 -1
1718 1
-27073 1
6139 1
1965 1
23220 1
-30554 -1
-7455 1
23098 1
23110 -1
15852 1
-27220 1
12230 1
17076 1
-12821 -1
8592 -1
-2617 -1
-14472 -1
-28587 1
-6334 -1
17283 -1
22151 1
-29994 1
-9566 -1
-25640 -1
-7408 -1
-14431 -1
-32347 1
8458 1
-15603 -1
85 1
20524 1
-3189 -1
31860 -1
-12415 1
24365 1
-18032 -1
11777 1
-28967 1
-21567 -1
14401 -1
30992 -1
-24854 1
3997 1
-10049 1
-28284 1
15492 1
-7681 1
10978 -1
9538 1
-9537 -1
-11255 1
20989 -1
23415 1
-30756 1
4992 1
-864 1
22413 -1
-23476 -1
24554 1
26007 1
-1478 1
29717 1
25581 -1
23033 -1
3576 1
-26676 1
-15882 1
-22262 1
23938 -1
9270 -1
26400 -1
-11679 1
24973 -1
1309 1
-10063 -1
-1654 1
-28039 -1
22971 -1
-3345 1
-8567 -1
-2525 -1
-25819 -1
17046 -1
-9574 1
9975 1
-19629 1
23903 -1
2650 1
28793 -1
-9074 1
1053 1
27529 -1
15543 -1
30057 1
1739 1
-19541 -1
21624 1
-2041 -1
-17673 1
-7319 -1
-3823 -1
13855 -1
-32443 1
2090 1
32246 1
5657 1
-27362 -1
23995 -1
9868 1
-21586 1
12473 -1
-6351 -1
401 -1
-28560 1
-7955 1
23317 1
-16575 -1
-16989 1
-15859 -1
-24813 -1
5099 1
1458 -1
5741 1
15672 1
-27261 1
14570 1
-19644 1
26721 1
27949 1
-6885 -1
26787 1
28331 -1
11264 -1
-8314 -1
-26631 1
18876 1
-15489 1
-5154 -1
-30669 1
-12649 -1
17475 1
19170 -1
-28401 -1
-28612 1
-11157 1
-6777 -1
26599 -1
-1123 1
-29831 1
31946 -1
5174 1
8946 1
29213 -1
3211 -1
9809 1
22779 -1
23506 -1
-18223 -1
-28088 -1
-26356 -1
31056 -1
-16400 1
335 1
6281 -1
25197 -1
12512 1
-5117 -1
10283 1
-3944 1
4945 1
20361 1
31192 1
-13667 -1
-12290 1
-20912 -1
14636 -1
11044 1
-20141 1
10122 -1
9896 -1
20999 1
29582 -1
25374 1
8257 1
16199 -1
-22038 -1
-10050 1
-12587 -1
-8557 -1
-31952 -1
-17848 1
-13543 1
7703 1
-10898 -1
-19334 -1
-22922 -1
9198 -1
-2280 -1
-6037 -1
-3408 -1
27873 -1
15293 -1
22413 1
9056 -1
-11430 1
-19018 -1
1775 -1
-15328 -1
-10099 1
2372 -1
19571 1
-15164 1
-11511 1
-29248 1
-20899 -1
-23730 1
-13215 -1
-5225 -1
28856 -1
-11297 -1
4102 -1
2661 -1
21684 -1
29458 1
1212 -1
-8580 -1
26559 1
-25862 -1
9787 1
-7722 -1
-11206 1
-5890 1
20262 -1
-18814 1
-22866 1
3672 -1
8387 -1
-13395 1
24741 -1
-29368 -1
19387 -1
23382 1
-10523 1
-12150 -1
7440 -1
-6265 -1
10942 -1
-4124 1
-2910 -1
3486 -1
-15914 -1
9267 1
-16469 -1
29831 -1
16035 1
-30285 1
23158 -1
32765 1
23155 -1
-25173 -1
25356 -1
-14911 1
11657 1
-5915 -1
13422 1
-3245 -1
-591 -1
-3866 -1
19570 -1
-23732 1
21707 -1
-3212 -1
-18228 -1
27132 1
-29689 1
25775 -1
32264 -1
22992 1
23910 1
9817 1
1724 1
7117 -1
12048 1
-26553 1
-3858 -1
-5069 -1
-19325 -1
-18287 1
20604 -1
13589 1
3098 -1
27855 1
-6170 -1
31422 1
-7637 1
-4977 -1
-7920 1
-26977 -1
25597 1
28156 1
-11883 1
-1541 1
-32088 -1
-27699 -1
19734 1
-28237 1
18310 1
-12352 -1
-28568 -1
32221 -1
-31893 1
-16191 -1
27121 1
-11532 1
18148 -1
14605 -1
-7413 1
-5328 1
26428 1
-9042 -1
7176 1
-17381 1
18731 1
-5068 1
-18203 -1
-20799 1
-8611 -1
17885 -1
-5350 -1
22450 1
29651 -1
-26455 1
-2407 -1
18143 1
6213 -1
10374 1
5274 -1
-13665 1
8761 1
23423 -1
-21881 1
-8248 -1
16192 1
11943 1
32054 -1
17269 -1
27931 1
20101 1
-20150 1
30758 1
8661 -1
31436 1
-30289 -1
-17284 1
-16927 1
-23203 -1
13768 -1
859 1
491 -1
7223 -1
8327 1
25529 1
-2891 1
-11139 -1
-25628 -1
-2521 1
1930 -1
3165 -1
22774 1
8273 1
-26251 1
9156 1
-22369 -1
-12410 -1
-97 1
31849 -1
3265 1
-29983 1
-27952 -1
21115 1
-19726 1
4714 -1
12099 1
29366 -1
7311 -1
24330 1
-2925 -1
14509 1
-28122 -1
10921 1
-11172 -1
-14423 1
20491 -1
11660 1
-26586 1
24280 1
2371 1
3467 -1
-20766 -1
-5776 1
-22883 1
9268 1
-23283 1
14953 1
-24842 -1
-29242 -1
-16112 1
-25692 -1
26828 1
-27683 -1
30361 1
25413 1
1203 1
3121 1
26492 -1
25576 1
-20474 -1
21904 -1
7566 1
6466 1
15624 1
-13505 -1
12230 -1
-28692 1
13738 -1
26950 1
11002 1
-6573 1
1940 -1
25742 -1
-7930 -1
31223 1
-22810 1
-18978 -1
10731 -1
-17604 1
-8746 -1
-32016 -1
-7653 1
22106 -1
25997 -1
26264 1
-7374 1
-4924 1
9822 1
25109 -1
18040 1
23353 1
21962 -1
-31277 -1
21753 -1
23482 -1
13577 1
25403 1
17226 -1
-19784 1
-26524 1
24316 -1
23075 1
26715 1
-12744 1
-30073 1
-16149 -1
7530 1
8018 -1
12084 -1
25064 1
23599 -1
3707 1
15509 -1
-25654 1
30265 -1
23358 -1
-13974 1
22344 -1
-26807 1
-9928 1
25773 1
27696 1
-6531 1
30519 1
13305 1
29223 -1
21357 1
-11159 1
-19376 -1
16168 -1
-3529 -1
25 1
27336 -1
-24268 -1
19258 1
7829 1
-31460 1
9064 1
-7104 1
-30530 1
1153 1
-30052 -1
3584 -1
23988 1
-28768 -1
31966 1
7122 1
-9749 -1
16949 -1
383 1
-24080 1
16039 1
14481 1
-7324 -1
-5020 -1
-377 1
-32269 -1
6543 1
-18354 -1
-14953 -1
-22455 1
8279 -1
-9072 -1
7513 1
31937 1
-1646 -1
13986 1
-10421 -1
871 1
25066 1
-17362 -1
12324 1
-3873 -1
15063 -1
23439 1
-2956 1
11273 -1
30419 1
-21245 -1
9804 -1
910 -1
23274 -1
-24989 1
-27317 -1
22106 -1
-16307 -1
-29277 -1
-17865 -1
26496 1
21418 -1
29666 -1
-16182 1
-17641 -1
-2000 1
-13333 -1
24981 -1
6399 -1
-641 1
4843 -1
28382 1
29083 -1
13460 -1
-6264 1
-7471 1
10284 -1
27832 1
14902 -1
22461 1
-22313 -1
1293 -1
23442 1
16410 1
-2232 -1
1794 -1
21943 1
27560 1
2719 1
24942 1
4766 1
6493 1
-4970 1
-3312 1
1877 -1
-23480 1
-9437 1
-14986 1
6543 -1
-29443 -1
22427 1
26748 1
-15468 1
-21450 1
-31767 -1
-31070 -1
-20618 -1
-5531 1
-15547 1
10624 1
-4940 -1
-17918 1
-11607 1
-32390 -1
10600 1
-23479 1
29644 -1
-3390 -1
-4278 1
17978 1
30200 -1
12740 1
-1335 1
-21870 1
14563 -1
5592 -1
9571 -1
30118 -1
23851 1
-8574 1
-25016 1
31708 1
-25772 1
-12759 -1
-895 1
-32304 1
-11636 1
-12863 1
22240 1
29855 -1
19941 1
29607 -1
-17448 -1
-7687 -1
-15915 -1
24115 -1
-25688 -1
-25947 -1
-31456 1
22807 1
-23794 1
17186 -1
-3325 1
1198 -1
-3839 -1
-22325 -1
-8964 -1
-8923 1
25956 1
14008 1
10091 1
18852 -1
-20070 -1
10841 -1
-75 -1
15371 -1
-11386 -1
-22727 -1
-25672 1
-1327 -1
-19025 1
-6517 1
-28867 1
12708 -1
7715 1
27536 1
-27966 -1
-17167 1
26683 1
-19774 1
-26638 -1
-14852 -1
-30914 1
28440 1
-6215 1
21027 -1
10448 -1
32744 -1
12516 -1
-19568 -1
-21167 -1
-3238 -1
4406 1
25587 -1
-21874 1
-12464 1
-32398 -1
-18576 1
-28598 1
-4681 -1
-21293 1
15400 -1
-32182 1
26452 1
-20075 1
-11759 -1
-26261 1
32337 1
29223 1
28687 1
-17638 1
-1944 1
6510 -1
-25470 1
5760 -1
6867 1
-13422 -1
13852 -1
-32640 1
13505 -1
-21916 -1
-3856 -1
-27806 1
10536 1
31779 1
17763 1
-8372 1
-17691 1
18319 -1
-31965 1
31115 1
-7533 -1
-187 -1
17695 1
-30695 -1
-17781 1
9208 1
5890 -1
-22230 -1
27139 1
22654 1
-19502 -1
15924 -1
-3233 -1
278 1
-27901 1
-23682 1
23309 1
-21000 1
28817 -1
29672 1
-24310 -1
6210 -1
-19251 1
-9863 1
-503 1
-7626 -1
-26350 1
-3587 1
8656 1
22374 -1
-25195 -1
-27216 -1
-12523 1
-18312 -1
12815 -1
29628 1
-7950 -1
-17023 1
-32594 1
7229 1
1628 1
-32731 1
25186 1
-19452 1
22673 -1
-9504 1
-20984 -1
25889 1
2173 -1
13743 -1
-25977 -1
-6880 -1
27585 1
5104 1
-17744 -1
-26563 1
20681 1
32708 -1
-25993 -1
12089 1
-1289 -1
-15913 -1
-26290 1
-22111 -1
18299 -1
-22062 1
14574 1
-24589 -1
25432 1
3866 -1
-23898 -1
22563 1
-28437 1
-7127 -1
-24995 1
6677 -1
27552 -1
-8100 -1
-29159 1
16053 -1
-16347 -1
30714 1
7372 -1
-15679 -1
19545 -1
-30654 1
9695 1
2986 1
-4951 -1
32680 1
-559 1
18988 -1
-12541 1
8178 1
23336 -1
-17934 -1
-8149 1
-12101 1
-13236 -1
24497 1
-1419 -1
736 1
-2959 1
8161 1
-998 1
13321 -1
-7402 -1
2136 -1
18950 -1
-7864 -1
4164 -1
27541 -1
25056 -1
1409 1
17028 -1
-22495 1
-30198 -1
1730 -1
-31065 1
-24979 -1
-2906 1
20238 -1
8662 -1
22709 1
27620 1
13529 1
-30024 1
13750 1
15537 -1
-10595 1
8282 1
18818 1
31968 -1
-10985 -1
18540 -1
31948 1
26760 -1
9226 1
-2863 1
10909 -1
31740 1
25718 1
-21636 -1
-25115 -1
-4930 -1
7901 -1
-9878 -1
-7062 1
-25040 -1
6166 1
-12342 -1
-11480 -1
-16008 -1
29583 1
19830 1
-2220 -1
32758 1
-18676 -1
20104 -1
-5551 -1
-25800 1
28450 1
-8408 -1
-10326 1
-17549 1
-10318 1
13927 1
-27711 1
-1201 -1
7024 1
18281 -1
-18620 1
3512 -1
18165 1
-18978 -1
3229 1
15546 1
-22693 -1
-15613 -1
-27965 1
3359 1
5842 1
-7917 1
-9423 -1
-30362 1
-18114 -1
12808 1
15337 1
-15211 1
15453 1
25697 1
19024 1
8912 -1
-32537 1
-31525 1
-15110 1
-23499 -1
-12326 -1
-23544 -1
24465 1
1051 1
7637 -1
4241 1
-24205 1
-3956 -1
12366 1
-24724 -1
18804 -1
-2816 1
-7026 -1
-7599 -1
26028 -1
31003 -1
-524 -1
-32247 -1
-29905 1
-16713 1
-30271 -1
8324 -1
2115 1
28795 -1
-811 1
6218 1
11251 1
17794 -1
11233 -1
6457 1
-29801 -1
17875 1
2953 -1
9112 1
15385 1
-22140 1
-721 1
18846 -1
-7143 -1
-5478 -1
7832 -1
-27474 1
27384 1
-28365 1
-9178 -1
1188 -1
20922 1
11004 1
-27870 -1
-27083 -1
15414 1
28748 -1
-926 1
-3553 -1
-14228 1
30046 -1
9591 -1
12220 1
1774 1
-24471 1
7185 1
-2318 -1
31577 1
2524 1
6032 1
23487 -1
23344 1
-12174 1
30202 1
31113 1
25764 1
14280 -1
9195 -1
-8661 1
-14208 -1
-7383 -1
-631 -1
20949 1
12865 -1
-11258 1
-32352 1
25314 1
-3669 1
6490 1
-17528 -1
4887 1
18354 -1
9292 1
-16216 -1
-21550 1
-7066 1
-18373 -1
-19009 -1
-31898 1
10924 -1
13085 1
17745 1
14052 -1
-2607 -1
1800 1
-30442 -1
19274 -1
-20634 1
-4817 1
26207 1
8085 -1
26982 1
-3544 -1
-7137 1
2362 1
15383 1
-2381 -1
29096 1
-19892 -1
-29320 -1
-5677 1
25188 1
-27936 -1
-27254 1
-23421 -1
230 1
4889 -1
7759 -1
-6342 1
-1290 1
-18901 1
-4412 -1
20688 1
6631 1
19328 1
2667 1
6306 -1
22841 -1
3544 1
-11169 1
-18104 1
8205 -1
-25609 1
-12032 -1
-32390 -1
-10414 1
-21194 -1
22549 1
21549 -1
5584 -1
29368 1
25637 -1
1148 1
23291 -1
-31985 1
-1464 -1
32041 -1
-11833 1
-24052 -1
14181 -1
-12624 -1
28418 -1
-27320 -1
29151 -1
30252 -1
11879 -1
-5130 1
-4415 1
25619 -1
-17533 1
-13355 -1
-30099 1
-30647 1
7948 1
21162 -1
-10919 1
-28571 -1
-13688 1
31358 -1
-8979 1
-8658 -1
19951 -1
32358 1
21125 1
-17919 -1
32724 -1
18309 -1
13135 1
28553 1
8042 1
2616 1
819 -1
13341 -1
32451 1
-32058 -1
-17261 -1
-14952 -1
12267 -1
-28411 -1
-18433 -1
-11541 -1
13392 -1
-21820 -1
25159 -1
19973 1
-17781 -1
13039 1
-29363 -1
9677 1
8919 1
-28749 1
28137 1
2933 1
4382 1
312 1
-8448 -1
110 -1
30343 1
-30162 -1
-16661 1
7379 1
16528 -1
20829 1
4626 -1
2019 -1
32485 -1
17236 -1
-12480 -1
-14526 -1
24458 1
-7883 -1
19467 1
-31583 1
30794 1
11267 1
22932 1
-30170 -1
-2399 -1
12369 -1
4476 1
-10710 1
-9569 1
18480 1
-15726 -1
-11852 1
27251 1
28579 -1
-9965 -1
7553 -1
-14508 -1
-21712 1
-12512 1
-29504 1
-4547 -1
20698 -1
-26715 1
-22364 -1
3583 1
-8958 1
-6318 1
-4197 -1
4701 1
18929 1
11955 -1
6825 -1
-13313 -1
-6007 1
30547 -1
-8046 1
-29922 1
23111 1
-1369 -1
-18541 1
17840 -1
14878 -1
19068 1
-11153 -1
-30985 -1
-8738 1
-12198 -1
-19184 -1
-5084 1
21880 1
14473 1
-25865 1
10012 1
-2600 -1
32356 -1
4415 -1
-7849 -1
-9775 1
3601 -1
-25749 1
12666 -1
31461 1
30034 -1
6827 -1
-24335 -1
-6801 -1
-2908 1
-32505 1
9750 1
-9290 1
16548 -1
-4682 -1
24667 -1
8720 1
489 -1
10362 1
-28661 1
21802 -1
-31361 1
-31347 -1
-10670 -1
-3266 -1
-16872 -1
26725 -1
10418 -1
-25278 -1
16517 1
-26692 1
30587 1
31456 1
-22463 -1
-23686 -1
14843 -1
8224 1
-6463 -1
-20254 -1
-17675 -1
23625 -1
6535 1
19635 1
20244 1
26066 -1
10675 -1
23589 1
-9723 -1
-32766 -1
-1166 -1
-20033 -1
-5713 1
-10550 -1
15063 1
-25026 1
-28602 -1
-13221 -1
27348 1
30603 1
-21149 1
9237 -1
3864 1
-21283 1
-13070 -1
-29448 1
-28817 -1
9073 1
15608 1
3098 1
-2004 -1
-20408 1
-1422 -1
-10134 1
22955 1
17620 1
-13811 1
-23126 1
-6879 1
-16054 1
-6951 -1
-30687 1
10050 -1
18973 -1
-18228 -1
-8892 1
-6144 -1
31381 -1
-12185 1
10010 1
1319 -1
4277 1
-29942 -1
31652 1
-15987 1
3220 1
16377 -1
-1184 1
-1886 -1
26764 -1
-24456 1
-30026 -1
8807 1
30770 1
-5167 -1
-27504 1
14242 -1
-10132 -1
-13515 -1
8526 -1
25216 1
-5813 1
6263 -1
-20908 -1
29407 -1
-19781 1
29110 -1
10804 1
-11604 1
677 -1
-1762 1
-26648 1
-5815 1
-13850 1
-29652 -1
31460 -1
5872 -1
4943 -1
-24788 -1
18848 1
32512 -1
-24336 -1
-23235 -1
30249 1
-15953 1
-26692 1
-14470 1
15056 1
-21314 -1
-14636 1
14772 -1
15924 -1
-17133 -1
-1242 -1
19075 1
-31068 1
9275 1
-3315 1
6384 -1
-3095 -1
-2603 1
-31656 -1
-26413 -1
-7064 1
22877 1
-28145 -1
18255 -1
5964 1
21733 -1
10764 1
11320 -1
32767 1
28237 1
15925 1
31681 -1
-3374 -1
9450 1
-935 -1
3627 1
19630 1
-100 1
-16850 1
-18119 1
6269 1
-29312 1
-28125 -1
-12772 1
-32488 -1
-11312 -1
16990 -1
-21497 -1
-30941 -1
12764 -1
11096 -1
5651 1
2705 1
15089 -1
17012 1
31616 1
10838 -1
10410 1
22403 1
3260 -1
2485 1
8222 -1
16692 -1
9115 1
-7378 1
5002 -1
-29201 1
1207 -1
31745 1
-18144 1
3519 1
29212 -1
-31652 1
-7055 1
-31350 -1
9009 -1
-5703 1
-12180 1
10942 -1
-19945 -1
1277 1
-7104 1
-7019 -1
11563 1
8700 1
23883 -1
16858 -1
12414 1
29047 1
13977 -1
26221 1
-16632 1
-27835 1
-4939 1
-10051 -1
-18280 1
-27533 -1
15241 -1
-7996 1
-24513 1
-18370 1
-25229 -1
-27948 -1
-26057 1
5919 1
23667 -1
-5982 1
-18179 1
6002 -1
-1855 -1
1867 -1
17881 -1
-10480 1
-13103 1
6555 1
6669 -1
29393 1
-5698 1
32347 -1
6753 -1
-3625 -1
-5896 -1
-25984 -1
23428 1
21257 1
31404 1
-13212 -1
28736 1
-9174 1
-16958 -1
-15070 1
14049 -1
21224 1
17221 -1
-13391 1
-24552 -1
-32358 1
-18308 1
30027 -1
-6640 -1
32352 1
-16395 -1
7485 1
-3808 1
16686 -1
22401 -1
-14238 1
7761 -1
-12807 1
28592 -1
-3631 -1
321 -1
-1508 -1
22097 1
10101 -1
-17145 -1
-2710 -1
15640 1
11637 1
15163 -1
21542 1
16642 1
14513 -1
-30128 1
25708 1
3294 1
-15202 1
12944 -1
10482 -1
25370 1
-2294 -1
-27794 1
-27402 1
6863 -1
13772 1
-4118 -1
3629 -1
-23566 1
-19246 1
-20368 -1
14487 1
10091 -1
-2959 1
16695 1
16927 1
29898 -1
17157 -1
-12782 1
1371 -1
30057 1
24584 -1
-22898 1
-28404 -1
17709 1
-20588 -1
23493 1
-26438 1
5937 1
24220 1
17370 -1
29243 -1
10636 1
2840 -1
-25473 1
8552 -1
3170 1
-7728 1
17556 1
13416 -1
2093 1
-28162 -1
-5985 -1
888 1
-12108 1
5297 -1
19034 1
4179 -1
26316 -1
4838 1
14076 -1
-22864 -1
-29301 -1
6796 -1
4093 -1
19129 -1
20503 1
-32199 -1
-31928 -1
-27245 1
-28182 -1
-32308 1
-3548 1
6584 -1
-2355 1
-30823 1
-30547 -1
2417 -1
15773 1
10146 1
-15216 -1
-15445 -1
-5943 -1
32210 1
13149 -1
-13219 1
11563 1
19406 -1
8387 -1
8696 1
-5294 1
-13778 -1
13498 1
16491 1
-14101 1
-12345 -1
-14322 1
-8684 1
22296 -1
121 -1
16418 -1
-8409 1
-20837 -1
-32356 -1
7857 -1
17122 -1
-25704 1
4509 1
29858 1
-12062 1
-2904 -1
-10072 1
6085 1
-4717 -1
-14468 1
-7253 1
-13595 1
-3599 -1
31455 -1
-22302 -1
23689 -1
-3205 1
23242 -1
3712 -1
25024 1
-6311 1
-31265 -1
-30790 -1
15979 1
-4870 1
-17287 -1
23612 1
24986 -1
24963 -1
-13557 1
18275 1
-6254 -1
-30000 -1
-4480 -1
23409 1
-31749 -1
16998 1
1642 -1
30347 1
-4264 1
1831 -1
-3948 -1
-12101 -1
563 1
-31669 -1
9794 -1
24794 1
-10692 1
18802 -1
-2422 -1
17319 -1
18598 -1
25594 -1
9840 1
19949 1
-9343 1
-8318 -1
29374 1
-22727 1
28856 1
10083 -1
-16544 1
17769 1
12589 -1
7195 -1
23254 1
-7834 -1
533 1
5954 -1
29613 -1
-29300 1
28979 1
20219 -1
-13127 -1
-24665 1
21565 -1
2445 -1
-28970 1
5944 -1
-18572 1
-13880 1
-25867 1
16385 1
-18437 1
-18525 1
-23260 1
4197 1
32583 -1
12493 -1
13843 -1
-466 -1
20757 1
4464 -1
20540 1
26798 1
13061 1
-1818 -1
-32449 1
-26578 1
20329 1
-9641 -1
-19447 -1
31817 -1
-6269 1
-611 -1
12140 -1
7497 -1
-14546 1
26766 1
20848 1
-11378 1
3322 -1
5199 -1
-9697 -1
12869 -1
-4724 -1
4039 -1
-27195 1
8934 -1
-30681 -1
-3691 1
21215 -1
-10005 -1
-14920 -1
-25251 1
29602 -1
9578 -1
-31758 -1
-27046 1
-12184 -1
-2000 1
-153 -1
2452 -1
15393 -1
-31044 -1
-31134 1
-7637 -1
821 -1
-6094 1
4489 1
28080 1
28908 -1
-22206 1
24357 -1
2350 -1
30800 -1
3371 -1
-11915 1
10289 -1
-23398 -1
-27816 -1
19279 1
26575 1
-633 -1
-23625 -1
-14313 -1
-500 -1
28329 -1
29653 1
-32353 1
-23351 1
5044 1
4940 1
-1598 1
-763 -1
-9475 -1
21147 -1
7087 1
-457 1
8696 1
17822 1
-5114 1
-4588 -1
-11637 -1
-20566 1
-15141 -1
7758 1
31920 1
1899 1
-30435 1
9106 1
26933 1
-22756 1
19137 1
-20338 1
29243 -1
-31012 -1
10640 -1
-31322 -1
-14635 -1
-20519 -1
16405 -1
-22340 1
17773 1
25342 -1
9454 -1
-30165 -1
7029 1
30088 1
-6599 -1
29368 1
29454 1
-24690 1
18878 1
-29242 1
6373 1
-22385 -1
-12563 1
16679 -1
-18264 1
-7101 -1
-6675 -1
-14307 -1
-640 -1
22224 -1
-23365 -1
-15307 1
17275 1
-6495 -1
17110 -1
31437 1
32510 1
-15001 -1
23362 1
-15685 1
-21275 -1
-5022 1
30020 1
-27163 -1
26703 1
21314 1
-8959 -1
-6426 -1
-20943 1
-26114 -1
-4204 1
-20369 1
-30994 1
-11846 1
25862 1
-17199 1
-24737 1
-2265 -1
6835 -1
-16155 1
-18974 1
22949 -1
-30197 -1
-1875 -1
2962 -1
7346 -1
-2898 -1
22086 -1
8188 1
-14177 1
32257 1
20660 -1
16150 -1
1508 1
-25557 1
-3012 -1
2152 -1
-24833 -1
31341 1
358 -1
3474 -1
6151 1
6556 1
3818 -1
18389 -1
6927 1
-3862 -1
23009 -1
17635 -1
20855 -1
-20316 -1
14131 -1
5864 1
22683 -1
10217 1
-28801 1
21464 1
9942 1
-24221 1
957 -1
-12283 1
-20152 -1
-27241 1
-14598 -1
32693 -1
-24200 -1
-12603 -1
10953 -1
11417 -1
-6140 1
30507 -1
-7188 1
-27056 -1
31799 -1
27367 1
14653 1
13062 1
26627 1
-31579 1
-7859 1
-25718 1
15439 1
25253 -1
-16931 1
-29622 1
20203 -1
4663 -1
6606 -1
-6565 1
-8065 1
-27725 1
-7721 1
30419 1
-3287 1
-30354 1
-438 1
32593 1
1603 1
29197 -1
-15137 -1
14778 -1
-30061 1
-1105 1
-15774 1
-7554 -1
23628 1
-24036 -1
-31617 -1
7293 1
-25434 1
2542 -1
-3870 -1
9138 -1
-21529 -1
21286 -1
-9698 1
-8032 1
15307 1
-27129 -1
-2482 1
20049 -1
12909 -1
-14332 1
-25731 -1
-28766 -1
500 -1
-3220 1
-6714 -1
-7234 1
-10699 1
-3811 -1
21701 -1
-18595 1
-31371 -1
-8437 1
-7801 -1
21598 1
17916 1
8235 -1
9902 1
6674 1
24396 -1
-12007 1
-3225 1
23278 1
26510 -1
-29560 1
-19561 -1
-3262 -1
-8821 -1
-30791 1
10916 1
22323 1
20304 -1
6466 1
14786 1
19570 1
16969 1
-10888 1
-22026 1
-10464 1
-14809 1
17494 -1
-13228 -1
-9772 -1
-11406 -1
24625 -1
23328 -1
-11676 1
-2817 -1
-13140 1
12221 -1
30108 1
12817 1
29276 -1
-23709 -1
22147 -1
2404 1
27185 -1
-17327 1
25256 1
2591 -1
-6711 1
19228 -1
3492 1
-10724 -1
-15286 1
-9439 -1
28393 -1
-26124 1
-25221 -1
-27807 1
27523 -1
-27430 -1
-8957 -1
14287 1
-21292 1
5295 -1
26908 -1
29705 -1
15510 1
-16657 1
-27896 1
12198 1
-11508 1
-13793 1
-28775 -1
10401 -1
-22217 1
4181 -1
-12780 1
-15789 1
-31733 -1
-32259 -1
16611 1
-7572 1
-16124 -1
-14816 -1
7920 -1
-20689 -1
28569 -1
2423 -1
-23204 -1
31089 -1
-7810 -1
-13928 1
3952 1
-25894 1
-1149 -1
16420 -1
30415 -1
-19884 -1
2211 -1
16870 1
30382 1
-25440 -1
-29170 -1
-18676 1
22815 -1
-32286 1
4120 -1
5911 -1
-6462 -1
-4186 -1
-26494 -1
3416 1
29026 1
14465 -1
11411 -1
-15100 1
-5768 -1
-3217 1
-6747 -1
19649 -1
-19708 1
-31735 1
28727 -1
-22617 1
-16968 1
25512 -1
-8949 -1
-16422 1
22625 -1
-12418 1
3354 -1
-11063 1
19983 -1
-11236 -1
-10862 1
19843 -1
-28828 -1
20107 1
10952 1
31844 -1
-17089 -1
-13743 1
26651 -1
19286 -1
17613 1
5726 -1
-3009 -1
-11503 1
18966 -1
-19223 -1
28422 -1
-21537 1
-1957 -1
22442 -1
760 1
-20911 -1
18460 1
-32590 -1
19309 -1
-10733 -1
28906 1
-18691 -1
-14676 -1
24252 -1
17586 -1
3625 1
28735 1
10692 1
-3831 -1
-28513 -1
17201 -1
-25330 1
-9484 1
-19364 1
-29860 -1
-20276 1
26683 -1
-5537 1
-1501 1
-21363 1
-13619 -1
-9050 1
-8564 -1
-18385 -1
27831 1
21505 1
27934 1
26404 1
-388 1
10255 1
-20156 -1
-5810 -1
14210 1
10150 1
28841 1
557 -1
47 1
-13096 -1
-4415 -1
18416 1
8263 -1
-6680 -1
27050 1
-12667 -1
2743 1
-5168 1
-14321 -1
-13356 1
7364 -1
30914 1
-14401 -1
-13887 -1
-10103 -1
-20563 1
6523 1
21512 1
29259 1
7285 -1
-14592 1
8559 -1
-8985 1
-29156 1
12732 1
9131 -1
14146 -1
-16612 -1
2672 1
-32578 -1
-31262 1
-26585 -1
-3908 -1
-5696 1
-9381 1
-27687 1
-8844 1
4790 -1
4699 -1
-30027 -1
-4313 1
6517 1
14208 1
26170 -1
13379 -1
8459 1
17528 1
12537 -1
-29428 -1
10494 -1
8824 1
16509 1
25848 -1
-19783 1
13682 -1
5316 -1
-11587 -1
29202 -1
3905 1
-27956 -1
20995 -1
-947 -1
-24 1
7475 1
-8231 1
-1770 1
-12327 1
26375 1
-26159 1
