1000 190
304 811
178 216
772 649
334 281
282 963
107 579
791 32
637 487
388 482
650 412
310 85
55 794
744 814
104 430
796 184
552 751
427 308
365 902
791 91
574 203
813 850
991 846
384 756
988 531
983 404
284 455
400 461
364 441
442 14
206 358
552 687
123 148
681 969
174 799
106 46
709 619
15 27
862 490
394 210
820 231
935 284
810 528
168 105
201 717
672 128
487 191
594 880
392 773
540 479
536 882
749 763
906 673
304 941
250 409
925 266
348 929
381 610
778 591
311 953
693 834
578 580
826 238
527 388
450 307
975 892
572 8
770 67
128 292
73 31
510 424
643 133
621 230
445 874
991 962
906 849
296 860
741 340
802 144
855 555
181 121
558 738
862 152
877 170
443 541
817 349
833 825
792 803
766 878
928 941
480 607
775 416
437 144
10 547
317 431
158 324
60 725
979 635
223 185
148 247
248 971
826 882
690 818
60 376
836 37
694 641
286 91
340 383
595 984
736 704
294 688
514 83
600 35
150 110
27 894
221 885
844 535
383 917
226 480
347 635
582 112
9 777
958 989
240 435
947 592
137 920
618 602
434 357
83 417
531 936
500 66
876 923
609 288
472 111
211 730
434 204
120 676
164 832
248 2
643 251
411 665
561 122
936 991
360 845
901 549
551 628
741 653
517 468
211 605
481 186
362 779
583 37
831 753
578 957
638 150
387 737
447 8
849 782
361 183
868 520
698 917
293 643
460 231
129 835
810 331
624 943
50 91
479 788
509 5
921 83
910 923
762 479
383 126
496 443
638 498
71 257
941 71
283 782
617 230
758 943
928 432
319 217
729 930
537 452
431 323
845 67
975 700
537 127
629 797
453 215
926 625
709 564
710 305
773 620
92 373
462 961
448 599
462 13
260 404
177 199
637 966
447 597
422 428
714 64
747 835
863 261
573 421
721 476
865 662
142 339
366 878
252 159
615 810
927 950
337 506
327 652
657 278
872 816
636 82
866 521
549 51
30 963
325 644
908 68
563 829
856 121
647 730
935 867
194 135
335 458
811 556
656 90
189 761
685 749
745 374
501 406
205 952
60 359
382 36
332 649
835 888
228 770
961 806
790 202
541 936
631 162
490 837
837 135
187 800
224 103
759 809
532 181
798 497
208 909
338 342
760 898
722 334
77 976
67 59
729 973
59 631
977 394
61 908
972 398
570 609
442 617
660 483
277 946
634 730
94 949
828 900
251 509
854 475
314 255
21 691
222 224
115 116
713 303
718 884
987 880
214 391
308 723
711 289
567 467
203 799
280 944
455 535
243 959
789 175
766 53
368 445
12 666
52 819
442 420
894 173
122 384
691 160
499 173
168 626
707 72
85 66
873 72
501 571
37 422
399 61
825 706
511 708
367 985
197 954
553 956
123 766
692 939
269 704
742 736
410 154
795 106
959 484
167 772
408 415
109 397
857 611
108 153
18 918
647 788
387 884
545 475
139 414
372 330
776 237
787 931
178 565
939 606
402 846
529 986
912 165
3 803
401 625
565 946
590 194
148 596
505 381
35 345
822 990
95 993
612 944
793 991
490 633
446 138
335 166
267 668
369 88
38 54
9 864
817 132
705 621
748 104
30 823
373 805
106 754
59 512
156 721
468 802
135 140
7 274
44 277
754 554
855 459
978 681
985 615
997 522
680 767
195 67
585 778
893 180
43 395
548 769
537 434
507 120
322 370
952 279
463 319
764 961
32 259
269 136
761 662
512 38
743 981
94 528
320 493
925 131
161 181
346 316
124 948
762 661
667 937
271 6
670 629
9 513
263 456
909 624
437 432
139 318
117 148
278 385
870 113
196 594
526 359
743 518
708 743
350 624
658 65
442 387
494 175
546 684
42 693
983 416
54 871
419 170
763 988
351 336
217 621
965 506
261 922
629 961
529 361
724 625
265 813
548 169
87 922
99 357
279 560
88 946
872 67
655 869
689 797
268 545
808 28
462 766
569 644
593 199
654 990
62 498
166 524
307 826
546 914
210 433
262 397
183 684
386 242
711 122
602 235
514 604
670 401
673 199
481 728
39 425
292 872
341 761
695 671
632 814
368 165
412 413
941 652
969 242
171 491
558 884
830 922
484 462
580 608
495 474
762 471
597 514
905 836
725 696
419 998
566 700
464 536
788 138
484 124
22 935
385 375
681 89
422 192
628 36
298 615
195 774
383 954
269 275
781 812
932 444
893 889
435 311
138 431
650 49
42 19
989 931
39 682
680 732
739 259
519 602
139 280
227 682
978 213
642 796
222 146
250 69
700 306
683 734
21 416
662 471
455 370
813 175
944 321
382 602
339 61
29 97
443 191
345 851
687 968
527 338
285 377
35 10
785 974
936 395
271 445
253 51
785 982
525 898
87 614
168 587
509 465
591 972
234 901
254 236
693 70
734 696
703 282
370 342
372 358
910 767
843 368
76 302
471 356
393 346
813 168
754 994
103 90
702 334
134 313
509 664
505 258
964 21
823 640
153 479
961 344
947 979
344 748
550 189
121 795
480 436
763 438
465 548
105 125
493 904
131 853
786 315
612 296
298 155
983 327
504 27
196 617
73 581
256 138
321 466
658 841
473 209
824 666
977 795
966 721
496 642
119 524
731 316
267 546
948 74
891 577
198 703
301 560
948 492
469 967
56 828
328 86
255 307
901 891
489 19
353 562
624 328
872 782
492 831
287 147
432 675
738 679
292 389
391 486
474 925
8 101
733 260
435 423
410 842
303 915
757 456
363 874
319 971
343 955
342 657
819 25
534 285
43 220
354 543
233 908
63 938
19 621
300 725
321 645
203 218
338 229
280 845
816 403
157 934
439 650
523 241
77 82
614 613
830 185
904 405
75 144
822 40
96 822
34 862
171 607
702 33
893 781
297 647
764 754
71 389
907 970
175 859
582 542
695 397
426 309
135 84
378 188
810 553
190 496
220 622
771 612
118 235
158 501
790 715
212 259
97 838
934 385
499 589
444 938
909 919
355 341
693 477
323 48
669 204
798 222
258 145
860 315
179 126
252 470
913 855
218 808
773 519
559 690
598 362
544 823
202 365
918 737
884 879
445 616
538 639
670 750
874 699
178 557
4 59
278 731
306 780
436 277
591 630
326 727
519 41
172 580
925 424
279 595
999 867
940 641
923 855
952 883
239 617
875 978
887 308
318 187
695 712
124 351
253 726
974 312
205 752
181 937
743 682
687 898
165 378
82 737
739 897
686 404
515 157
5 600
490 847
100 978
43 418
133 815
194 329
40 408
584 846
215 524
368 914
522 472
905 454
728 1
755 59
844 76
275 81
295 914
434 422
824 349
456 236
47 1000
292 558
767 11
246 211
608 724
130 516
620 663
138 368
478 423
723 299
775 114
639 268
106 665
438 186
288 358
863 942
792 37
677 976
899 980
499 738
765 816
398 149
940 904
486 503
501 366
621 776
538 868
333 261
987 960
124 354
740 686
824 989
367 741
202 804
405 225
618 864
937 857
546 72
933 394
437 107
57 958
383 588
397 221
709 138
663 380
277 618
41 915
379 807
995 601
135 249
45 417
130 662
553 182
337 673
886 263
833 78
228 576
96 483
20 958
878 335
978 73
248 473
558 417
630 827
93 524
930 325
981 929
35 470
485 143
7 746
672 505
725 441
388 717
611 575
200 458
237 714
951 580
341 522
352 911
565 215
655 576
377 876
423 192
389 270
328 996
371 708
809 62
748 858
907 213
533 863
583 276
821 890
805 309
672 573
627 86
586 390
370 878
731 440
828 363
218 835
163 702
257 50
112 268
399 272
263 462
523 988
746 277
143 853
774 545
417 52
117 219
212 678
642 809
832 457
661 390
4 58
428 881
984 381
65 559
148 23
456 945
710 875
502 155
492 801
40 701
488 968
17 834
290 154
553 134
682 798
681 950
368 98
866 743
968 837
793 276
24 895
710 429
896 484
123 968
978 110
530 277
225 840
671 923
689 646
525 772
829 894
830 377
896 207
188 623
163 257
706 135
816 325
537 451
676 232
40 321
147 549
916 136
95 74
687 503
884 784
472 352
123 353
443 244
420 704
139 449
747 781
832 654
385 26
12 113
571 674
233 193
592 848
202 345
111 30
648 123
266 16
779 465
861 247
620 719
631 65
500 444
568 343
389 627
374 389
579 974
29 133
697 903
536 894
735 502
398 133
484 805
130 320
793 588
151 744
783 663
568 397
616 469
917 929
248 720
814 79
768 725
603 447
57 179
710 306
908 176
952 273
154 606
490 300
266 191
69 954
522 820
396 898
47 13
412 88
756 709
306 372
137 484
115 347
839 247
567 363
664 419
471 192
643 539
941 293
308 23
697 463
992 554
330 980
499 115
508 388
389 803
445 294
676 198
448 243
461 863
102 714
659 646
821 456
667 253
606 7
814 276
605 407
588 264
24 73
233 640
737 852
943 850
245 145
284 258
492 379
716 306
530 651
489 727
995 649
80 747
256 924
85 71
285 721
55 539
291 851
141 536
43 799
