1000 319
467 252
962 221
420 846
680 714
28 73
415 534
502 185
766 989
127 428
232 118
526 337
872 904
609 463
170 556
439 362
69 606
349 72
543 322
631 248
819 746
584 166
138 529
467 206
789 998
775 303
849 572
793 873
53 987
149 511
396 315
61 691
743 52
333 689
974 295
404 824
795 866
601 342
468 304
818 739
633 224
817 161
135 628
475 709
58 832
837 795
271 84
667 358
615 831
993 55
654 196
496 557
992 982
120 601
523 943
65 416
999 706
285 831
703 270
963 143
81 695
696 355
420 178
683 6
561 899
780 368
512 353
507 759
828 131
255 377
694 337
658 661
149 382
939 7
104 82
671 123
253 930
578 830
164 660
99 532
362 230
682 127
401 845
449 635
756 747
148 422
586 103
316 980
49 917
152 886
303 594
745 680
54 822
259 203
754 95
796 422
307 56
897 625
166 278
231 921
610 409
487 545
610 190
146 165
300 735
755 72
204 162
809 554
124 696
736 854
725 867
628 3
39 93
829 438
571 106
367 416
655 733
690 191
520 150
971 352
603 690
452 785
409 14
714 205
135 83
263 684
627 634
948 956
472 390
147 981
717 442
54 200
14 43
490 989
394 64
792 687
45 475
667 677
889 686
70 935
711 401
994 325
970 944
14 481
98 989
783 421
290 45
134 154
695 709
848 47
236 597
489 857
744 877
854 394
797 339
930 892
822 48
972 626
690 114
596 853
862 792
837 34
744 721
208 96
279 938
194 539
802 249
111 644
928 959
269 181
863 66
654 341
591 835
164 691
547 2
304 751
747 113
507 433
445 685
629 975
836 592
505 657
189 921
353 289
964 867
832 251
644 937
909 396
760 119
932 750
291 40
267 821
842 878
199 765
267 977
371 399
850 207
361 681
753 222
671 945
716 462
209 928
335 548
857 260
867 27
41 768
608 802
161 688
611 753
648 441
608 967
733 857
435 214
112 553
286 443
667 587
276 443
532 550
12 976
277 393
903 398
559 351
151 96
263 648
656 740
790 772
565 40
847 362
428 987
521 848
151 187
880 605
750 459
876 646
911 640
223 946
913 369
411 980
779 396
393 437
31 856
704 585
92 859
734 77
465 90
779 116
269 787
373 879
333 383
491 534
288 619
74 930
168 494
538 691
610 846
708 762
935 127
961 493
714 814
649 123
808 384
3 618
652 555
363 318
81 484
429 920
441 24
777 756
510 936
849 534
945 621
169 165
120 967
688 319
122 999
822 461
100 359
612 757
33 508
648 139
437 478
248 324
485 440
239 626
306 512
65 191
812 193
281 622
787 750
701 366
491 816
142 929
953 5
46 711
842 896
665 339
330 454
381 810
115 492
720 260
681 677
713 547
163 572
574 117
644 303
307 747
327 912
625 75
434 471
155 262
967 156
700 776
807 172
182 520
973 42
64 735
718 621
838 877
615 344
798 254
28 385
443 878
364 445
956 503
946 229
119 516
994 625
957 737
778 62
772 889
202 613
258 929
361 385
79 679
76 259
695 412
392 105
645 706
187 938
822 569
751 566
592 357
101 195
381 954
847 4
977 176
779 157
40 63
269 343
9 418
895 635
549 352
259 265
958 612
257 75
860 909
419 411
441 517
952 110
219 66
89 634
862 100
968 97
784 664
233 731
592 268
769 288
579 180
891 606
972 455
66 169
412 995
173 43
621 364
896 948
728 715
376 732
556 406
117 799
187 460
740 776
166 906
812 628
754 613
560 935
551 14
212 499
56 881
935 177
528 254
940 335
238 137
825 382
839 585
141 823
823 590
798 529
241 508
316 68
980 774
428 403
849 875
925 727
410 560
42 212
604 975
317 889
566 985
130 876
526 903
530 994
326 850
301 686
920 949
753 447
818 891
810 795
731 894
329 992
748 957
883 479
590 722
463 709
531 943
655 966
289 420
685 172
901 802
582 506
213 241
605 989
333 198
202 379
639 683
338 67
457 22
136 345
708 55
969 210
374 322
51 512
831 582
527 11
319 396
406 125
492 631
202 918
537 821
966 168
227 275
333 493
546 32
919 931
158 659
418 498
825 524
724 364
467 119
729 619
250 322
871 125
606 308
88 274
360 7
451 749
58 546
295 132
218 997
8 672
828 950
895 127
320 237
403 378
637 826
401 600
143 96
759 405
671 861
911 784
851 177
282 395
662 272
339 580
518 914
742 85
328 103
589 473
199 636
135 75
564 180
140 465
624 742
571 62
612 815
871 227
366 302
508 78
823 634
65 140
668 924
404 468
173 857
56 732
776 189
917 550
20 18
704 522
420 504
767 858
786 878
731 558
343 365
295 757
662 625
133 950
436 659
979 506
247 955
32 562
35 966
1 39
307 413
75 919
927 678
876 109
344 772
810 695
564 430
985 45
804 482
697 220
718 855
719 332
441 38
414 159
327 71
235 416
844 668
226 424
480 943
456 884
986 695
920 756
345 919
607 28
451 830
265 171
842 541
244 294
154 872
740 657
448 936
264 935
351 977
502 453
992 57
951 375
187 888
87 273
147 483
819 513
254 761
554 107
727 845
820 511
787 458
86 707
67 909
19 861
152 409
519 429
175 968
2 187
112 706
577 461
984 149
486 976
406 542
424 561
204 443
932 833
144 71
716 891
990 181
490 476
581 427
422 970
106 616
641 665
322 472
833 417
770 487
840 561
977 693
614 947
637 596
774 673
245 623
624 902
435 495
225 63
271 991
908 943
757 723
699 408
524 310
785 914
947 811
174 60
678 289
264 348
477 897
843 121
846 890
578 95
932 228
805 749
459 431
126 454
398 497
132 15
966 674
460 868
262 244
650 89
907 403
164 69
331 96
284 437
896 988
287 376
230 284
511 242
453 201
708 893
70 616
596 963
930 655
804 858
803 424
736 339
924 29
811 950
296 912
456 24
450 512
783 978
845 354
776 296
825 104
110 924
140 209
531 640
770 741
808 340
855 939
874 521
326 568
451 872
646 735
548 17
501 303
844 473
166 276
613 723
540 26
105 918
120 402
937 297
335 221
784 780
668 237
230 50
533 72
478 791
55 642
847 59
525 1000
23 184
711 745
280 700
233 929
11 323
48 298
488 586
314 213
567 564
963 470
349 472
611 507
404 225
454 967
149 854
692 670
897 550
388 678
354 299
399 703
273 520
735 638
575 824
808 338
869 197
696 329
675 134
436 811
157 210
386 88
108 51
80 439
687 717
211 489
697 708
993 527
418 102
593 793
728 185
207 545
919 801
857 432
43 571
147 931
328 984
260 540
549 451
803 621
246 433
270 872
529 852
184 663
965 533
544 228
517 225
370 495
486 202
452 738
397 322
396 973
14 60
406 752
922 977
712 180
92 676
945 719
341 437
671 329
736 273
760 917
946 573
903 374
555 782
426 58
414 154
267 236
360 552
236 714
173 372
683 963
47 642
681 923
773 509
670 663
598 995
726 161
835 206
183 197
20 396
70 334
121 43
730 584
840 831
834 413
903 237
967 336
14 579
569 240
431 41
244 286
573 416
955 418
345 91
342 245
433 474
101 663
861 347
94 297
625 78
962 689
859 224
827 437
975 36
329 666
739 22
564 947
439 305
963 737
495 913
557 699
309 364
839 846
266 556
482 493
592 146
791 622
716 915
914 787
518 941
788 745
331 794
950 999
250 167
698 568
218 289
84 540
564 669
469 933
925 661
481 702
707 103
572 153
710 60
140 942
406 21
415 781
272 514
118 88
575 423
311 719
683 346
77 975
211 440
571 969
916 273
743 107
202 425
782 109
356 724
864 486
441 611
701 847
247 546
191 758
611 321
829 31
217 862
312 400
996 676
638 864
968 475
976 292
793 583
791 653
719 776
37 28
937 366
953 215
107 538
230 535
940 215
389 838
354 40
570 983
879 885
620 196
650 409
263 203
772 934
296 219
617 59
367 647
894 61
864 509
976 307
502 491
36 79
901 581
426 377
216 384
998 528
913 145
137 19
643 147
960 434
408 379
446 147
837 882
301 117
596 380
630 202
651 38
983 257
683 138
285 363
690 44
256 491
887 682
154 978
754 500
856 947
179 515
222 116
626 896
283 147
878 129
353 583
689 188
576 756
592 464
251 293
189 800
765 650
288 767
763 826
905 276
160 627
742 466
15 400
813 450
313 11
548 836
397 354
734 903
179 767
670 632
771 44
617 595
233 951
389 242
763 806
326 281
224 809
819 484
207 926
507 960
66 684
444 536
867 64
420 448
536 417
602 520
487 93
785 261
463 963
234 952
858 563
834 588
85 125
656 13
456 739
758 705
865 16
599 613
902 102
539 698
8 719
530 869
861 764
743 885
252 479
525 366
495 748
912 154
621 192
779 16
407 371
841 722
318 25
350 212
911 99
76 37
792 876
41 539
693 10
425 631
191 292
898 370
391 521
456 477
900 490
657 365
747 490
128 87
282 675
870 517
186 187
632 690
30 595
962 402
148 265
419 709
910 569
876 461
408 955
909 469
243 833
319 893
386 66
988 816
19 491
387 274
