100 97
75 46
17 1
46 84
33 1
91 40
46 60
72 57
29 100
15 1
48 73
93 1
17 80
68 1
35 1
70 69
95 44
46 66
84 31
71 63
84 5
84 65
41 17
46 1
12 57
50 12
8 12
47 1
51 84
20 91
59 84
2 9
76 81
69 97
3 21
12 95
46 99
30 35
90 27
89 76
74 69
52 1
3 37
46 45
53 3
14 61
39 69
1 18
98 3
73 1
42 63
4 91
91 1
88 1
1 10
32 57
96 69
91 43
34 17
69 1
94 69
29 84
24 82
35 23
2 1
1 27
79 46
22 17
62 60
63 1
12 67
47 25
12 56
17 77
1 14
3 11
57 83
36 76
12 78
12 49
17 54
24 64
26 14
12 13
16 1
7 69
3 91
17 76
35 55
12 1
86 1
11 92
58 17
6 19
19 12
85 12
46 24
1 38
40 28
87 1
