100 99
3 59
34 97
56 93
63 93
1 41
1 37
30 56
93 77
88 93
3 1
10 20
46 14
54 51
88 19
1 25
60 1
8 11
96 3
3 32
28 25
1 50
51 85
22 16
1 15
1 43
20 35
82 22
45 37
18 36
47 26
22 29
31 22
42 1
25 65
12 24
22 76
26 1
40 3
25 5
86 3
91 25
56 95
37 2
89 61
59 71
1 61
27 1
70 3
87 25
62 93
83 23
42 49
94 34
98 93
84 7
90 46
1 93
39 37
75 37
6 26
26 69
51 26
11 46
68 76
1 83
79 3
26 36
81 46
26 55
66 48
73 25
22 1
48 1
53 22
34 26
25 44
34 38
34 100
4 84
26 12
83 64
17 83
48 74
78 34
80 1
9 25
21 37
37 67
84 1
1 52
46 22
48 13
22 72
1 57
1 99
45 58
25 20
92 1
33 11
