100 17
5 7
75 98
54 65
71 1
100 1
27 32
71 83
54 52
66 54
37 25
26 52
67 7
55 62
54 25
42 87
15 62
28 49
75 36
95 88
88 9
51 1
54 86
62 16
29 62
52 2
17 50
92 52
42 46
7 47
34 93
45 75
62 41
96 33
68 75
33 8
63 52
1 90
1 35
92 79
48 23
54 11
72 1
1 19
1 76
97 80
62 81
71 13
78 17
56 68
66 77
54 1
43 52
52 6
40 7
1 62
21 84
1 7
69 75
1 75
31 64
54 91
7 39
54 80
75 33
4 88
52 49
58 32
54 93
52 59
62 73
70 85
94 54
99 57
44 53
14 91
88 54
74 92
17 75
30 32
25 42
99 62
61 17
37 82
70 1
38 15
48 62
1 3
52 21
64 71
20 26
12 70
1 32
17 53
24 7
1 22
10 7
60 9
18 32
89 54
