100 3
96 5
12 97
44 95
83 59
52 81
62 41
97 88
91 1
4 23
1 84
1 94
89 15
11 83
13 72
51 87
23 39
72 7
46 53
75 8
5 28
62 37
72 36
74 99
97 10
75 24
100 83
97 64
40 23
1 97
97 73
62 85
65 51
19 2
1 62
76 62
1 47
1 44
34 42
79 2
1 45
93 61
72 1
70 75
62 27
20 1
32 75
80 96
62 21
72 68
25 44
50 1
75 1
62 2
66 52
62 16
22 9
22 62
45 63
23 56
75 93
15 62
15 69
17 1
54 5
83 1
5 92
62 46
97 77
83 31
18 51
75 6
29 97
44 98
1 51
99 97
72 78
45 48
55 45
71 52
90 1
5 52
26 75
83 67
43 5
14 91
23 82
91 42
97 33
57 23
38 50
23 1
49 1
35 75
60 75
3 97
51 86
44 30
5 1
1 58
