100 6
25 89
56 65
32 62
42 25
66 71
32 13
21 42
73 64
31 55
22 2
12 25
85 98
22 94
26 49
48 54
88 11
40 19
61 1
30 80
70 73
21 99
39 2
7 9
60 99
91 46
2 72
37 32
50 82
16 74
33 99
99 41
9 68
47 30
87 68
4 76
19 57
81 57
10 30
96 55
33 50
59 55
67 14
23 29
54 66
50 92
92 44
60 56
23 36
46 48
47 17
67 35
94 93
43 96
81 64
58 35
82 90
2 34
46 51
62 66
87 6
44 87
49 46
67 45
79 83
13 20
29 12
63 82
100 8
22 78
95 38
100 13
52 21
36 61
74 92
31 64
95 7
24 47
58 11
76 48
39 62
49 88
3 8
28 83
4 24
43 28
5 25
18 53
86 18
75 67
98 13
24 69
4 16
22 97
35 27
71 64
44 77
85 18
84 44
15 67
