1000 964
858 602
18 965
767 649
597 72
770 274
775 658
1 645
557 499
650 731
569 840
905 858
392 1
364 882
29 90
835 705
767 21
845 713
567 941
204 601
398 54
845 113
293 125
829 55
766 982
826 770
863 904
364 630
132 767
779 18
590 1
793 77
888 800
700 237
768 686
18 8
19 528
969 669
532 541
800 1
52 528
125 814
669 243
298 770
645 184
866 709
738 944
524 886
766 625
370 942
528 638
698 521
49 858
351 713
492 408
105 1
380 561
499 287
524 161
580 528
418 364
29 527
645 82
302 518
1 944
1 570
743 227
957 493
544 1
701 18
650 300
397 29
294 766
185 562
238 977
689 903
177 887
915 911
179 858
153 536
1 153
770 988
370 288
639 713
607 142
193 775
699 1
956 932
411 858
859 157
726 371
57 763
29 842
448 652
566 254
770 1
46 370
686 736
1 946
256 800
276 770
432 584
87 288
153 138
463 636
941 867
285 1
679 339
30 153
766 1
134 1
42 602
945 766
251 592
516 63
766 28
926 288
37 791
686 871
29 449
345 700
428 412
804 287
126 150
54 236
941 27
816 183
690 50
676 900
72 44
1 584
486 941
239 163
713 530
686 364
534 570
1 257
29 991
241 713
358 287
377 393
676 457
431 499
364 601
233 1
680 645
894 686
657 800
399 126
798 957
770 627
342 316
810 676
337 786
288 232
941 169
775 685
354 584
79 528
830 72
941 890
786 774
506 269
353 727
598 713
347 348
594 602
71 408
499 641
1 802
288 978
54 74
790 287
652 110
629 562
223 339
517 788
607 880
226 584
770 540
72 761
418 560
927 73
364 56
579 339
669 528
287 348
528 994
820 941
212 406
686 939
851 421
23 941
770 765
770 440
29 154
988 258
908 957
360 520
149 574
784 584
472 570
361 866
546 616
348 180
251 288
528 234
614 669
566 15
97 287
427 1
833 943
601 33
529 686
549 941
459 72
770 446
800 571
958 287
328 499
453 941
104 786
135 29
220 458
786 417
702 528
749 686
38 799
451 607
867 115
659 770
572 155
751 288
81 177
652 248
447 566
370 848
496 528
434 1
920 607
295 801
993 458
569 1
948 238
858 330
766 550
197 864
770 853
287 335
766 572
348 515
876 1
1 694
467 686
941 103
986 137
288 952
316 366
686 277
305 562
593 287
800 979
331 425
708 183
992 1
39 516
364 972
669 578
349 858
355 528
546 1
800 5
546 533
764 18
566 724
949 65
656 947
1 516
183 963
288 727
288 148
364 478
25 652
29 288
643 941
528 203
244 153
476 370
907 713
54 613
770 906
757 435
88 563
650 289
528 553
870 542
689 364
240 601
971 418
109 288
511 941
947 205
769 766
800 290
126 750
178 949
599 94
29 230
858 225
86 676
410 947
370 561
721 953
645 221
177 528
990 288
583 153
713 885
20 528
833 1
949 287
832 944
626 54
288 675
947 523
153 402
288 512
486 717
747 607
6 562
1 913
667 898
54 722
167 288
562 391
675 582
50 929
182 230
31 1
512 10
50 683
408 383
941 956
339 758
364 458
29 677
157 619
914 891
444 800
219 212
29 106
14 528
288 117
650 1
48 686
222 770
339 192
1 858
461 233
273 287
153 970
957 728
528 304
645 813
50 1
200 117
669 101
339 364
331 287
528 1
1 157
919 339
957 501
739 770
18 174
318 528
872 804
870 100
469 122
650 122
609 499
751 231
288 372
999 601
858 714
307 786
775 464
218 957
1 215
388 770
834 393
54 356
623 947
343 767
212 962
612 287
949 344
246 50
941 844
713 682
158 29
419 277
941 924
957 11
408 507
29 53
528 868
426 786
116 770
645 665
858 314
585 269
489 957
700 781
611 521
54 504
775 941
957 475
767 660
521 336
839 743
718 801
339 505
1 210
80 776
957 224
584 545
804 58
995 153
766 666
564 1
317 727
520 684
339 176
171 618
870 686
29 183
743 547
1 704
364 552
645 32
947 364
54 771
653 50
359 607
1 54
748 550
40 563
628 29
1 563
153 422
699 723
288 329
408 130
134 357
805 393
289 967
950 458
823 1
413 550
164 766
743 1
554 914
938 986
676 389
644 775
454 284
388 309
904 732
288 136
524 565
524 1
238 934
458 525
163 713
272 1
275 591
364 316
693 528
481 941
548 914
83 713
743 378
153 144
944 450
153 663
54 483
897 72
944 322
29 824
624 288
288 576
287 416
198 126
390 364
566 202
111 713
54 716
892 825
883 601
297 288
214 546
835 770
604 364
766 633
607 299
170 766
941 829
862 18
131 770
766 326
851 245
767 162
516 173
189 944
570 145
287 495
20 828
338 287
54 76
925 238
562 587
284 770
288 503
288 923
479 1
563 69
607 782
249 563
550 935
518 197
607 647
22 775
676 1
418 756
858 400
287 487
98 607
518 35
944 678
754 652
316 706
486 99
584 1000
319 743
645 796
674 29
281 1
175 562
766 599
526 546
951 212
20 740
733 50
767 228
713 922
730 54
288 393
436 686
933 287
531 1
973 364
610 54
190 607
480 650
490 858
95 287
584 621
196 607
362 727
957 664
364 262
803 713
18 194
795 157
809 570
968 686
786 522
286 427
778 941
153 861
686 68
139 157
770 442
801 860
874 50
691 316
941 700
149 783
631 528
153 703
401 50
959 727
62 766
681 520
645 878
1 407
607 364
364 914
648 339
528 618
147 941
944 588
159 904
800 710
655 528
473 72
901 370
566 794
941 386
120 546
108 645
251 188
1 140
233 930
233 535
697 528
499 445
670 686
287 849
61 686
735 288
284 168
640 364
152 518
766 793
452 858
875 956
847 941
157 791
186 868
287 181
209 944
821 149
308 775
555 288
686 341
941 126
559 570
562 24
474 904
528 600
865 287
562 807
584 367
278 851
760 287
873 418
941 786
800 806
384 316
899 364
637 18
713 773
292 645
20 912
275 741
879 931
247 800
896 914
904 635
516 187
368 1
364 662
364 80
70 516
713 1
364 275
364 953
47 528
672 645
491 676
603 650
1 41
288 45
17 153
13 153
941 688
770 596
766 195
233 838
387 944
163 996
118 153
423 521
997 743
438 18
242 596
570 755
339 696
586 941
288 734
201 50
126 460
288 107
393 261
129 62
713 961
420 652
851 770
566 984
686 841
339 264
941 279
607 396
255 57
989 819
43 408
393 373
528 780
516 121
528 259
288 1
1 789
986 321
917 562
562 424
607 620
510 283
51 528
524 615
881 607
133 364
89 157
858 532
414 980
497 676
528 654
370 954
280 29
153 866
4 29
36 528
287 465
494 486
936 645
787 675
689 456
212 364
364 72
520 622
955 288
352 364
904 998
686 695
539 427
987 766
1 374
652 818
265 233
64 686
857 364
50 266
312 767
895 914
93 408
1 364
498 800
316 742
267 287
75 584
927 562
497 910
1 382
957 364
364 801
287 1
211 766
551 957
306 263
350 157
898 29
381 601
29 837
521 1
301 775
364 792
370 513
60 562
546 831
584 538
570 375
430 537
412 323
521 466
856 29
966 393
941 166
325 284
405 713
470 238
543 713
114 767
288 652
269 941
288 671
975 427
989 484
800 556
143 800
575 29
850 941
379 54
439 786
914 642
313 786
661 370
238 581
976 645
296 858
985 157
914 441
669 112
566 509
369 157
1 566
914 320
904 1
712 766
9 516
770 651
430 562
271 393
800 433
408 745
1 412
141 251
477 252
482 767
96 964
766 3
650 892
909 238
869 20
650 78
1 854
408 941
370 127
937 914
711 689
889 645
687 953
676 395
157 462
634 427
72 777
282 518
851 974
568 546
562 57
595 29
589 339
364 327
645 577
762 858
364 520
153 646
233 363
288 518
607 334
233 340
797 570
668 287
584 119
409 126
753 775
562 91
393 808
719 288
941 477
707 914
673 364
324 510
562 165
686 443
364 12
1 199
235 370
54 102
287 606
617 650
941 1
981 524
263 713
54 632
953 836
1 18
191 279
311 512
759 562
364 217
364 799
692 650
84 607
713 435
160 570
303 54
893 370
852 570
364 213
385 520
983 800
1 562
310 528
827 645
916 800
403 212
562 817
59 561
364 918
528 253
851 729
172 284
453 26
931 1
376 989
229 157
1 371
652 519
1 788
288 16
524 455
877 1
947 514
288 772
471 770
715 233
287 96
394 800
500 1
766 811
216 18
573 233
346 552
34 157
365 284
393 124
940 546
767 1
843 1
20 558
238 562
941 463
941 986
153 429
744 949
208 287
566 2
29 510
153 902
855 957
153 151
67 287
752 584
601 608
54 502
499 270
914 415
315 370
122 156
746 1
18 928
393 911
206 427
364 605
404 858
566 85
528 260
949 128
566 123
414 546
602 250
944 989
786 960
770 207
288 508
720 288
686 725
434 921
146 458
846 546
488 1
316 333
1 785
767 485
737 563
822 700
884 458
181 268
181 92
892 7
72 468
291 364
364 332
149 713
944 66
122 815
364 125
812 393
263 437
