1000 921
1 831
814 126
236 95
944 730
617 668
636 890
869 749
754 827
908 20
131 564
470 20
23 775
169 93
756 899
659 622
31 1
129 1
1 646
805 788
510 890
997 20
93 942
976 92
95 507
20 462
126 565
123 875
65 240
757 554
767 246
698 952
912 282
93 15
827 498
376 591
729 403
185 334
1 675
864 110
828 376
326 480
639 195
994 31
493 1
153 864
815 938
326 676
649 398
963 10
865 272
751 639
311 766
645 20
225 515
826 965
149 859
129 298
577 1
99 41
131 999
756 175
827 43
873 639
657 1
756 542
123 405
525 682
842 238
944 655
756 862
854 315
1 610
978 326
488 865
538 769
750 656
673 10
329 865
100 865
965 670
797 750
641 742
95 430
61 240
238 865
1 123
191 890
240 1
610 773
968 952
1 772
315 833
326 987
111 815
400 770
129 212
93 756
763 532
982 718
452 775
106 322
680 156
800 682
567 258
757 261
237 38
731 639
965 332
74 214
982 467
977 326
25 37
267 756
945 603
376 93
976 130
714 987
527 815
653 7
93 623
300 400
1 55
69 246
334 431
604 214
193 20
304 427
632 659
129 320
495 831
93 395
729 281
859 147
93 588
634 989
1 786
527 361
639 563
326 464
126 910
1 867
393 264
85 230
890 339
93 9
1 283
99 95
968 574
979 246
160 757
59 126
126 858
766 453
880 771
240 934
998 419
864 847
496 480
593 427
639 243
342 397
129 151
429 533
246 287
1 695
506 25
805 644
137 20
219 815
214 815
348 20
775 114
20 150
835 126
93 369
609 815
865 8
827 1
254 326
173 539
327 129
831 545
639 81
841 815
551 720
491 551
592 129
551 738
469 93
678 214
240 809
47 533
709 890
766 93
240 869
95 421
941 729
240 964
454 20
205 25
531 129
326 715
163 376
325 827
804 1
306 831
450 397
965 528
1 490
263 890
1 990
551 391
586 369
516 326
239 126
416 93
612 909
639 672
827 414
123 928
20 633
164 551
240 876
93 271
929 996
334 359
580 95
315 93
581 315
551 653
285 129
711 668
578 533
13 917
129 132
757 891
129 967
178 612
1 468
351 200
258 517
865 811
943 93
677 976
326 546
757 925
954 242
890 466
336 93
129 598
1 743
601 1
946 756
326 190
639 691
427 129
905 490
293 95
382 983
921 123
793 490
520 20
257 639
832 859
795 326
93 935
152 659
119 762
551 1
246 503
1 511
983 20
766 16
996 825
25 477
322 139
472 246
859 91
649 460
400 818
20 976
249 965
996 451
653 584
1 443
551 184
334 822
144 326
756 724
756 560
551 589
394 756
380 996
93 367
1 812
1 628
742 273
710 237
556 95
659 937
901 847
483 246
685 200
20 840
197 20
161 131
968 801
532 757
218 757
968 364
294 649
126 93
240 699
355 94
20 378
395 456
717 126
230 553
691 701
859 1
915 129
105 805
116 952
314 326
766 211
168 395
611 573
949 83
1 893
95 849
963 1
890 679
659 705
141 20
223 682
60 31
680 4
246 142
422 965
723 123
986 240
750 1
246 796
775 817
896 95
666 996
225 926
610 56
448 27
93 397
551 868
400 93
982 739
93 982
659 874
940 750
3 505
652 859
815 207
246 680
39 95
317 649
729 947
490 851
93 48
400 866
691 434
890 265
240 170
996 326
21 355
878 756
302 400
400 684
721 95
97 20
44 729
965 572
25 245
787 691
980 659
126 18
35 864
25 93
815 309
582 712
104 3
95 109
459 766
984 400
582 482
230 331
124 831
756 694
777 93
278 682
983 136
1 458
165 237
322 696
365 944
416 733
448 20
690 25
424 757
310 25
965 857
774 25
903 400
408 240
376 541
606 132
555 831
173 93
987 204
321 750
95 729
96 659
126 985
769 93
742 725
844 126
530 890
20 716
943 98
326 134
326 475
971 173
20 569
762 87
30 965
944 58
535 95
904 237
976 474
326 125
815 916
335 890
17 566
966 20
965 829
820 462
702 742
620 180
171 965
20 17
182 17
131 77
216 322
20 883
326 543
639 350
322 631
514 129
827 276
599 326
831 955
95 338
20 131
747 541
1 965
129 473
827 112
665 164
292 890
536 15
442 20
756 377
436 639
355 648
639 280
785 756
20 752
129 595
719 326
188 93
872 996
194 334
20 28
808 998
230 449
917 95
126 559
129 200
315 353
848 890
441 240
649 518
167 936
68 20
187 125
532 409
1 890
314 370
143 427
618 551
900 129
486 246
551 217
173 933
650 3
759 225
200 643
228 551
226 129
395 962
326 1
468 735
209 890
88 965
20 352
750 728
376 605
1 46
93 463
906 682
524 126
775 146
376 913
246 919
766 445
865 67
815 401
756 231
639 707
462 969
757 235
639 478
313 369
582 1
571 659
996 481
95 662
199 173
775 33
376 700
1 775
246 1
639 884
740 320
975 982
659 640
974 126
20 960
1 485
433 31
181 246
86 376
62 129
427 32
356 551
846 230
379 963
1 95
1 89
20 583
654 668
173 590
953 976
95 981
575 316
240 951
113 659
176 649
123 437
393 576
206 691
992 976
639 585
438 815
471 323
420 944
334 877
762 20
326 991
126 49
480 417
845 944
827 179
343 293
446 757
312 129
989 318
798 982
246 255
669 649
864 270
509 523
42 1
681 1
126 936
230 11
582 295
90 222
381 129
815 22
95 620
145 95
140 129
621 95
869 534
489 989
790 762
53 40
615 983
519 815
774 761
244 25
347 864
345 632
1 968
639 324
425 827
965 103
742 608
758 890
93 948
570 400
20 771
494 831
639 366
322 836
440 397
552 551
129 299
395 75
246 692
126 291
52 699
757 627
1 781
501 93
864 14
766 651
20 548
427 24
213 335
337 890
722 639
972 859
659 779
894 334
843 742
982 789
523 286
107 20
71 93
757 227
864 1
996 816
93 233
284 490
241 865
889 963
1 956
636 726
745 865
126 256
806 126
253 300
864 373
827 447
95 973
839 95
215 827
289 246
865 658
455 762
53 360
976 384
95 741
827 799
108 775
537 1
1 319
639 166
596 126
998 129
989 122
821 1
885 757
20 258
462 637
101 865
34 865
890 923
753 164
757 927
1 225
36 214
457 859
944 1
664 551
882 987
823 349
965 465
492 326
729 568
20 90
15 993
6 815
390 729
996 602
326 392
322 661
815 386
308 93
93 497
614 315
558 859
500 1
93 529
462 121
546 522
954 95
1000 805
135 982
815 78
815 387
827 158
760 859
471 1
246 544
915 780
240 341
240 288
582 778
895 944
63 93
95 886
484 344
766 737
328 20
479 659
1 757
742 95
246 234
775 157
504 997
987 776
95 358
19 757
757 823
326 82
259 982
667 31
1 587
782 246
132 301
551 117
326 66
982 229
95 247
642 757
501 64
296 93
708 93
859 957
132 688
603 890
20 120
132 262
128 827
402 865
963 388
102 815
852 815
1 93
410 987
133 93
200 118
823 333
865 93
240 597
623 51
173 850
129 704
20 619
915 374
95 649
148 363
686 25
1 203
997 791
275 784
748 805
162 757
487 729
939 864
551 557
290 865
240 368
340 293
834 827
400 269
268 416
1 838
3 815
914 827
334 428
890 198
963 251
807 376
129 888
186 326
757 389
540 93
849 277
1 322
551 647
703 827
93 237
225 435
72 400
240 2
462 210
819 129
412 968
334 115
220 95
512 93
99 411
155 987
131 961
756 260
174 859
334 794
240 476
551 159
20 385
355 20
423 416
344 995
396 649
887 376
93 579
660 682
76 230
639 612
526 865
444 983
73 20
965 824
126 330
768 1
362 126
354 240
911 1
924 3
713 963
221 395
1 523
659 57
551 413
297 865
890 127
20 1
279 579
547 766
248 20
237 897
625 620
326 687
944 202
755 462
639 232
129 415
326 53
682 20
813 90
550 729
80 95
20 266
344 1
5 766
499 240
668 93
639 172
663 996
95 958
532 177
766 513
393 129
328 922
183 175
93 931
920 827
1 600
639 802
757 502
326 439
493 626
736 890
126 307
734 532
764 982
95 732
742 613
14 274
855 238
173 638
860 20
561 864
50 639
549 757
744 815
757 26
551 404
803 814
95 201
70 355
659 898
93 706
950 890
123 611
20 674
315 689
815 1
406 17
918 240
805 20
892 93
376 275
1 83
623 305
95 138
208 246
775 371
95 334
729 250
508 326
461 126
762 154
246 189
635 322
716 594
912 129
624 490
814 84
326 810
746 1
192 965
837 827
1 639
659 1
20 930
252 326
853 649
346 246
237 697
932 861
827 881
326 861
375 766
20 907
31 54
693 322
369 616
902 225
970 859
230 890
240 856
859 316
879 756
871 20
757 196
727 827
303 240
501 224
890 671
400 792
148 20
533 815
326 45
863 397
126 988
562 815
400 399
989 815
126 830
93 521
480 426
959 859
912 630
582 407
629 347
432 355
870 699
729 607
173 418
859 765
12 129
890 683
372 1
376 29
783 582
79 334
225 383
357 831
