1000 950
546 568
771 740
436 950
337 491
455 472
823 868
911 378
142 918
547 144
358 745
958 399
693 513
59 664
664 262
947 848
808 134
309 664
826 855
531 461
398 857
601 47
157 848
338 154
114 855
973 8
171 887
499 855
696 394
568 549
474 688
337 1
993 259
576 133
873 664
141 171
288 473
581 952
689 417
234 973
619 345
126 461
789 156
172 35
307 194
256 205
569 734
958 257
201 830
834 744
153 919
602 378
378 87
603 29
231 675
134 264
195 19
935 71
438 149
754 1
473 281
601 660
271 855
214 754
127 597
95 25
696 316
244 127
1000 325
369 675
465 481
973 990
37 420
664 167
862 588
821 662
1 162
481 1
387 392
921 721
788 919
766 424
125 563
72 991
761 36
138 371
921 477
448 347
507 331
818 830
810 759
792 863
1 127
381 375
533 724
479 766
261 116
295 29
203 59
474 10
309 475
91 207
745 933
910 376
961 299
740 293
913 436
594 830
664 27
949 317
376 1
555 661
193 865
792 547
321 937
992 318
734 14
659 14
271 590
217 247
348 49
229 762
321 472
186 181
66 717
796 973
86 664
436 161
134 177
524 601
105 474
999 736
695 963
359 117
601 539
541 159
997 438
179 483
765 463
308 792
195 935
800 337
798 435
745 49
734 716
841 438
97 985
952 578
740 1
734 134
615 792
154 470
337 696
9 337
556 415
18 167
932 271
673 398
792 543
1 246
989 736
568 967
433 675
472 84
119 68
473 735
192 381
815 379
743 414
563 212
223 707
942 765
430 167
533 468
117 767
97 727
654 252
303 304
740 926
230 198
886 505
422 207
208 461
598 789
148 547
319 521
500 474
857 174
765 914
618 499
719 855
975 366
811 133
275 505
715 1
675 959
848 366
458 958
861 349
487 697
633 337
837 736
723 574
921 976
848 787
627 133
14 587
67 134
757 916
1 445
648 472
944 398
347 483
940 887
261 829
14 897
782 816
734 977
507 1
472 243
461 789
238 536
287 525
996 55
1 533
901 1
428 154
438 641
664 978
181 666
675 21
548 921
487 94
644 719
921 365
547 79
480 974
894 127
621 43
292 133
766 482
107 262
268 440
675 536
562 865
924 527
717 831
734 1
834 917
138 96
505 734
507 880
830 906
938 195
675 708
35 46
956 417
951 924
171 427
713 398
930 25
331 356
586 306
379 471
139 134
425 321
171 252
461 1
918 840
376 557
521 669
873 17
133 572
337 845
474 516
337 582
734 611
740 960
469 289
746 1
855 184
30 547
810 885
349 803
736 535
197 507
25 653
710 195
35 393
127 983
915 734
127 643
792 129
134 782
438 282
324 675
33 763
575 104
354 436
268 266
708 494
497 754
122 112
1 704
228 729
103 376
751 855
809 969
392 792
921 185
754 26
696 596
374 381
675 466
692 765
754 273
969 340
190 461
106 978
675 215
835 72
848 970
784 743
333 59
350 765
309 361
846 309
715 593
921 687
664 963
881 419
80 251
413 271
958 150
924 376
62 436
32 398
765 382
794 887
554 381
376 389
821 765
426 557
557 462
688 442
580 117
137 553
117 606
417 352
492 736
505 764
534 505
947 558
453 120
450 845
535 566
1 958
207 312
979 302
690 481
23 766
505 456
199 696
332 381
391 770
61 745
112 928
483 154
804 392
461 255
133 180
678 865
19 90
508 195
534 16
97 550
740 152
656 711
376 13
675 1
345 483
649 337
324 24
567 810
686 337
195 131
373 256
408 378
441 474
194 14
472 117
952 120
887 473
1 636
1 664
2 887
54 568
902 175
664 227
483 304
675 104
112 168
555 1
734 855
521 785
220 938
547 75
283 765
101 533
404 483
1000 954
541 314
993 22
378 5
195 838
810 28
718 848
569 607
869 53
647 29
429 830
596 571
789 200
952 608
472 317
900 505
472 616
178 604
736 979
278 1
754 417
133 36
909 544
792 888
513 780
921 130
612 535
219 402
754 892
290 223
810 195
133 343
858 195
680 29
1 802
6 658
349 839
867 736
760 403
920 873
621 261
398 734
14 320
544 547
165 317
922 836
324 884
474 195
980 272
376 418
604 226
279 879
640 935
237 830
170 123
769 736
585 719
398 353
29 793
734 921
1 595
995 219
256 50
276 965
984 379
658 675
417 515
345 92
952 498
35 722
274 48
39 921
35 56
681 195
908 973
790 582
240 921
49 7
801 289
14 883
734 918
261 1
779 919
497 151
461 225
614 664
171 663
512 261
952 773
941 561
487 958
919 925
474 1000
881 438
401 836
154 284
734 206
457 830
219 337
675 436
675 443
65 881
454 976
966 792
791 947
901 421
483 378
64 855
225 339
398 939
195 1
153 143
905 834
766 530
323 278
119 864
655 734
855 25
534 253
346 261
972 271
241 215
969 438
508 844
1 766
120 267
66 505
962 633
82 225
403 502
958 435
762 887
424 211
849 973
1 517
901 15
198 579
679 919
912 792
81 919
981 72
251 901
466 504
823 98
420 461
843 505
874 431
706 848
305 781
53 406
119 786
472 639
506 359
136 792
276 696
757 195
195 248
881 298
969 665
115 84
658 528
45 818
929 417
386 736
579 882
797 765
611 889
865 245
99 736
29 699
770 628
901 272
775 754
239 378
901 986
1 446
405 534
467 902
921 372
540 574
483 836
507 301
177 135
117 109
439 379
830 410
875 617
181 367
438 754
1 483
652 167
483 35
842 376
84 832
483 163
671 852
734 57
351 97
301 702
919 754
750 521
475 344
270 789
921 97
919 822
134 397
957 349
349 964
181 855
873 824
555 620
294 353
631 533
1 848
681 812
409 217
342 35
35 586
378 813
318 820
417 781
260 664
499 334
792 377
807 762
72 236
256 438
898 765
309 335
857 545
993 483
534 893
509 376
887 698
403 412
374 58
841 982
907 901
770 478
532 342
551 520
958 834
461 778
610 830
380 472
376 213
814 754
645 829
225 329
728 349
365 827
133 927
370 171
381 664
552 802
765 657
935 731
757 768
444 505
958 589
584 658
955 29
802 224
223 261
504 730
952 734
675 217
40 958
766 55
261 674
961 1
569 341
734 133
505 588
766 877
417 520
479 624
533 622
449 664
49 777
221 754
118 435
535 854
675 792
362 133
263 921
475 269
19 529
847 331
734 349
177 85
684 743
179 871
526 765
934 133
792 513
741 793
948 554
921 805
198 855
860 524
576 825
196 228
313 472
222 633
392 202
285 78
287 513
700 167
683 130
337 875
998 374
931 696
734 902
765 503
1 242
519 462
873 856
742 345
568 472
971 392
745 630
770 952
364 59
14 300
145 754
918 437
638 658
958 895
830 783
733 800
473 249
766 280
527 326
398 488
561 668
1 188
25 89
138 691
33 189
121 747
887 1
331 102
472 431
766 119
600 901
870 376
461 158
876 585
613 792
658 703
586 850
646 599
318 322
451 851
754 903
20 664
563 592
315 53
31 127
656 472
642 677
765 553
714 902
635 792
53 1
712 734
633 204
146 289
899 664
993 218
774 696
408 258
836 953
771 878
881 756
379 173
167 738
505 76
466 297
901 904
734 207
318 725
651 424
709 474
819 743
395 473
753 973
441 310
132 362
754 736
534 772
318 336
544 232
946 848
748 836
330 317
349 485
881 147
489 87
35 694
855 574
705 277
908 357
537 521
994 855
797 311
417 388
952 268
226 476
318 542
296 743
664 396
935 210
892 591
452 446
544 124
637 547
530 623
726 830
902 943
390 304
563 1
360 217
685 424
187 601
958 355
632 1
523 586
650 1
33 936
958 78
521 1
379 42
41 902
286 541
677 461
573 120
113 133
138 35
435 52
217 183
859 331
734 865
403 483
291 745
473 250
510 873
747 436
737 474
164 507
896 59
505 577
66 974
734 830
207 486
233 103
952 226
701 830
507 806
841 254
559 898
873 48
484 857
625 483
317 646
368 855
958 451
411 973
473 833
111 907
63 474
583 436
166 533
565 432
171 34
721 73
100 696
734 745
14 460
901 605
12 596
182 953
438 400
1 472
33 765
664 629
128 179
522 195
160 417
337 228
609 766
154 279
501 766
84 77
251 3
438 795
490 363
676 88
521 682
438 670
195 561
93 958
447 120
732 830
799 952
383 830
857 423
749 901
826 739
167 496
720 901
872 836
384 345
901 209
277 830
626 710
459 451
72 547
337 671
472 289
88 1
945 792
60 271
758 483
935 216
634 97
110 181
169 66
120 514
521 853
112 538
740 988
416 505
70 262
828 221
866 881
379 507
881 672
385 845
438 318
958 155
134 328
140 696
69 935
117 511
38 974
743 472
952 817
327 461
836 265
556 792
845 176
734 363
4 436
541 664
740 74
44 398
1 765
191 848
51 433
434 195
464 829
919 823
564 547
565 958
891 887
493 403
890 734
923 614
29 952
958 987
792 83
664 776
11 977
968 658
570 127
755 952
560 33
499 235
108 507
675 495
1 601
1 973
407 935
518 292
472 170
752 424
438 667
461 112
