20
151
6 35 94 131 57 102 36 28 6 148 93 115 116 23 112 38 49 40 93 26 43 140 8 5 69 52 38 58 131 96 68 130 90 29 150 43 137 125 150 31 51 77 72 72 113 121 2 58 78 98 60 47 101 4 48 69 21 68 94 49 142 130 78 134 2 149 86 94 98 63 40 118 113 41 27 109 100 13 94 32 2 137 133 123 15 109 56 31 23 106 90 55 78 23 14 81 51 96 75 138 30 4 122 109 141 104 89 48 45 87 114 49 59 34 141 87 26 71 62 65 23 50 1 14 30 36 140 84 119 36 145 82 59 138 1 130 65 142 3 1 20 115 111 48 109 73 33 40 150 42 91 
96
40 61 8 96 9 83 64 59 26 41 46 7 17 21 15 52 23 64 22 4 7 73 10 15 83 96 69 66 31 76 54 59 68 38 64 47 46 60 57 69 63 15 76 89 10 85 87 26 56 23 46 11 70 52 22 5 5 93 10 84 57 23 26 54 27 28 7 64 87 26 9 56 15 18 73 59 86 90 7 25 53 92 53 52 9 85 25 69 3 22 15 55 71 71 37 42 
11
5 11 11 6 4 9 10 7 9 8 2 
91
31 28 2 89 18 24 45 59 88 7 60 86 43 31 85 75 24 17 83 15 76 25 31 87 35 4 3 47 40 46 59 33 57 13 65 49 86 74 60 82 61 75 64 71 30 34 13 47 60 54 15 52 88 84 86 2 24 14 14 29 23 64 24 52 35 88 84 44 77 20 37 55 84 37 53 31 67 87 10 5 88 39 37 58 71 1 40 51 42 13 85 
50
46 6 35 29 10 40 43 20 18 20 14 50 31 34 26 38 40 20 30 8 39 9 13 21 39 34 49 42 15 42 17 29 44 2 27 18 2 25 47 11 10 18 39 17 19 2 11 41 19 36 
110
91 14 58 42 9 9 90 18 30 79 104 24 18 98 38 70 46 67 51 93 97 36 73 15 20 67 55 36 29 5 12 93 104 75 27 33 32 109 65 52 14 34 82 59 43 29 22 88 13 107 59 53 99 30 41 103 91 12 17 108 103 70 60 85 61 10 58 21 110 99 7 24 87 58 22 33 106 107 76 109 9 72 32 107 99 104 25 78 30 29 24 87 9 21 20 39 110 42 61 10 59 61 34 58 77 85 18 5 61 38 
110
65 59 44 103 48 65 16 74 2 99 78 10 108 9 95 67 3 30 107 101 81 33 72 64 83 67 5 71 48 71 60 25 82 25 69 34 32 52 69 90 44 40 29 89 76 52 14 14 27 12 27 39 27 100 2 25 97 72 46 69 5 97 61 94 97 9 72 3 67 15 6 73 25 49 83 22 45 89 53 38 88 27 92 53 97 57 109 49 60 79 92 90 86 49 27 27 44 15 21 9 19 48 23 105 50 28 69 13 19 13 
279
132 86 212 140 138 49 23 68 242 179 56 143 33 27 206 225 71 22 223 31 177 164 80 213 90 226 14 151 121 52 132 241 20 83 132 278 103 144 247 273 237 19 268 131 67 270 141 238 107 156 42 275 206 191 29 49 85 223 119 264 199 186 270 78 111 121 18 234 65 1 253 207 189 204 196 163 19 226 58 44 162 60 45 59 276 144 248 211 193 104 114 179 236 234 30 210 178 116 262 148 165 80 143 95 137 53 57 46 230 239 4 58 148 63 126 246 227 153 57 47 253 152 178 142 85 189 78 69 76 119 139 199 92 265 218 188 236 92 12 129 117 17 114 220 219 24 234 244 38 135 232 200 98 69 184 250 105 46 202 181 53 31 117 66 246 6 115 190 186 5 197 196 115 98 256 278 170 149 15 177 21 204 142 19 266 61 176 108 178 34 227 43 10 100 199 149 62 263 12 179 61 204 139 18 238 77 13 20 228 82 133 266 167 96 129 254 177 59 135 29 34 104 82 226 103 46 12 269 35 13 12 75 55 2 114 241 32 103 269 94 107 26 226 201 5 112 219 148 218 7 133 105 207 166 204 216 11 108 218 262 56 123 220 258 161 45 20 86 241 203 113 33 54 49 199 208 209 50 80 
104
83 53 95 18 82 79 103 67 89 103 63 61 61 14 81 48 60 56 74 93 77 38 13 93 99 12 94 55 22 19 88 14 25 56 39 9 85 27 39 34 29 81 19 96 80 35 22 12 99 13 14 31 4 71 100 51 16 56 61 22 21 46 84 82 49 78 22 80 57 83 76 104 75 103 20 50 77 91 33 96 51 21 103 41 45 21 63 48 22 79 89 92 62 52 69 46 97 16 1 21 22 93 70 13 
279
16 224 278 13 143 22 128 111 23 122 259 267 170 216 34 39 84 49 149 277 174 235 235 148 219 189 210 45 243 71 247 203 22 142 19 178 17 146 121 134 5 228 213 216 57 82 189 27 193 26 242 10 251 253 42 185 19 47 257 68 141 122 215 265 268 130 115 118 50 154 57 166 242 38 172 114 181 170 239 243 157 208 236 169 179 86 262 142 57 101 196 184 171 132 274 96 77 241 6 114 1 32 225 27 141 264 113 77 96 123 42 104 99 190 146 111 199 39 223 97 51 126 191 245 222 15 244 130 227 5 88 187 16 19 210 179 132 272 152 265 261 165 44 160 187 90 36 170 10 111 88 157 135 170 47 149 150 27 132 108 70 175 125 244 128 48 198 112 83 106 122 272 89 255 60 67 79 223 131 142 154 247 42 28 211 118 154 247 203 63 79 258 90 50 192 42 69 71 55 9 183 170 38 278 220 97 221 188 239 181 44 63 205 148 107 26 141 120 60 95 49 2 78 33 138 273 163 130 176 82 82 192 145 110 244 137 247 127 242 176 27 158 19 99 158 69 153 73 179 174 191 224 74 108 255 114 25 142 196 227 80 184 99 57 81 242 216 242 184 176 166 25 124 38 182 219 73 79 279 
50
47 7 49 49 2 4 46 49 29 6 33 13 27 49 47 31 13 40 18 38 16 42 44 19 5 12 9 8 17 37 19 25 47 34 7 15 28 36 21 46 18 26 42 10 37 5 11 43 50 7 
46
36 41 20 10 3 30 17 46 30 44 2 27 41 26 24 37 7 22 18 37 28 2 1 44 33 35 10 34 46 43 11 30 3 20 27 14 19 31 3 5 34 39 15 35 12 18 
119
10 115 67 27 88 83 83 15 66 115 119 1 107 17 28 14 9 51 61 110 90 5 22 95 86 81 5 89 38 17 91 1 102 76 56 40 13 3 32 18 3 23 115 56 68 80 51 57 71 66 9 117 118 63 48 26 61 74 52 51 21 97 34 34 60 109 114 92 38 69 86 95 19 50 83 33 105 93 72 116 12 105 47 66 23 62 44 98 36 89 48 16 43 109 101 49 99 9 77 70 78 14 82 59 30 89 33 92 53 30 82 25 31 67 68 14 89 58 53 
2
1 1 
48
13 41 43 11 16 36 18 35 5 7 32 1 13 43 48 8 11 11 15 13 22 9 31 11 26 25 38 33 39 36 44 34 33 39 16 20 30 33 36 18 27 40 45 42 39 5 4 32 
141
105 117 52 63 33 7 17 23 137 62 21 72 134 52 98 100 36 61 27 136 11 23 111 44 63 22 82 53 68 77 63 3 34 24 52 56 66 122 105 73 33 51 136 28 49 103 39 23 78 8 49 102 77 96 8 121 3 90 32 100 4 23 20 63 87 53 75 9 6 14 96 70 90 29 26 76 61 126 40 103 69 88 32 11 91 44 46 65 115 50 49 1 140 60 49 45 32 111 31 56 11 51 71 37 59 65 106 141 53 109 126 112 7 94 64 84 106 74 103 42 16 75 87 13 75 14 117 134 60 36 130 79 55 104 16 104 132 95 83 105 133 
114
47 79 32 3 7 28 90 92 92 49 105 69 46 102 72 39 19 59 102 90 25 69 110 16 79 30 40 106 90 96 63 103 107 75 16 32 105 88 99 24 13 15 111 55 77 98 20 41 109 100 6 62 5 95 48 50 9 3 18 72 23 58 85 13 48 105 92 38 58 12 53 4 14 36 38 113 41 102 4 84 18 25 43 89 67 9 61 101 23 53 107 87 68 40 66 57 92 80 64 74 92 44 92 109 78 78 33 85 24 24 107 113 44 69 
25
16 18 21 5 24 24 4 17 5 9 19 18 2 1 21 10 23 6 18 1 7 24 6 11 3 
138
56 102 94 71 82 23 116 81 131 36 120 20 70 65 124 82 113 15 116 34 107 131 28 61 135 94 72 58 103 106 117 64 65 52 9 8 30 65 120 48 79 69 39 43 92 121 81 17 104 12 30 100 32 19 99 60 88 28 69 48 9 27 103 128 130 111 35 9 104 15 85 90 57 34 24 122 122 101 32 89 48 8 23 38 41 116 125 108 59 89 41 6 80 63 133 23 133 15 115 107 47 56 26 77 88 71 85 137 132 27 118 6 106 102 79 115 28 53 106 58 33 40 65 50 45 44 15 136 133 70 8 32 54 14 100 90 117 13 
36
31 10 7 8 28 4 31 19 36 20 5 15 35 1 26 32 1 8 16 7 25 26 5 17 16 36 18 2 19 21 17 15 21 16 24 28 
