20
98
33 48 40 82 77 61 84 12 34 10 83 1 26 75 73 1 96 16 40 69 96 8 53 17 41 64 69 46 10 33 88 24 44 95 75 25 47 25 75 87 50 83 43 19 10 60 69 53 19 16 66 56 78 15 59 19 77 74 91 95 6 45 73 77 18 41 55 15 9 27 5 64 2 67 91 19 83 98 16 47 96 49 72 85 79 83 89 84 22 95 13 43 1 65 49 47 27 84 
61
55 23 57 37 56 33 46 36 14 25 44 47 58 38 21 19 42 12 14 51 33 23 61 5 51 10 54 17 54 52 13 30 31 9 36 54 1 54 21 6 37 19 29 58 47 53 30 60 29 29 50 18 29 19 20 34 4 9 49 12 11 
1
1 
179
144 40 45 26 94 179 107 63 24 159 176 168 73 83 96 10 97 154 167 2 88 64 117 28 63 23 42 164 21 97 126 93 22 43 138 100 89 105 33 17 83 164 77 170 126 61 143 160 82 4 11 92 153 4 54 29 36 52 42 55 11 74 75 35 65 178 95 168 153 153 166 107 38 132 103 105 171 46 105 77 106 126 158 44 119 16 120 22 144 107 18 89 131 101 23 121 133 143 27 160 12 136 157 9 40 33 125 29 65 112 134 5 96 40 169 169 40 31 162 159 149 98 27 42 28 47 23 86 62 103 118 50 137 107 18 77 90 122 116 22 134 141 48 104 25 15 2 106 157 121 144 51 155 159 98 170 76 78 55 22 137 5 119 155 35 107 69 132 37 93 93 151 177 66 50 115 6 112 81 
10
8 2 5 2 2 9 10 10 10 10 
14
14 11 7 8 14 13 14 9 9 10 6 4 7 3 
13
5 10 9 8 8 2 13 4 6 1 8 12 2 
12
5 8 8 6 8 6 7 7 10 9 4 1 
48
29 41 3 29 48 30 9 26 10 27 34 48 1 25 31 17 16 34 5 4 21 38 13 17 4 9 34 38 18 3 6 5 10 46 12 3 44 12 47 11 41 47 26 9 24 31 15 48 
75
64 50 67 54 51 64 34 68 57 20 47 16 55 30 14 5 20 55 47 44 26 42 62 5 49 69 6 35 70 57 41 71 52 43 29 19 64 73 25 22 15 28 1 55 13 23 50 64 63 73 1 1 55 60 49 74 55 5 29 51 1 54 58 72 38 71 15 31 51 67 20 12 32 66 54 
346
48 78 276 258 180 181 290 245 121 146 58 189 258 213 138 109 85 80 20 42 49 300 234 264 54 293 74 137 38 83 322 16 6 107 79 253 19 27 139 198 123 174 113 274 237 173 231 313 288 298 145 249 339 136 293 162 38 273 316 284 147 43 192 227 277 113 13 287 168 127 195 208 115 192 56 173 2 320 257 150 31 202 110 314 22 247 343 50 11 37 125 235 223 102 260 55 333 280 220 286 149 211 74 183 241 307 219 41 237 117 334 38 70 305 22 271 118 123 69 41 26 53 176 236 41 212 224 39 255 33 113 15 120 285 88 295 268 41 8 120 117 98 239 137 265 185 185 292 55 189 14 295 275 285 283 187 133 129 333 316 176 340 140 175 24 346 105 125 56 7 34 269 135 101 329 283 262 182 342 297 64 9 46 306 234 224 112 238 341 340 276 334 300 145 285 170 185 117 270 120 337 166 172 143 133 224 228 93 337 175 1 254 182 49 229 275 294 273 158 263 13 91 324 157 341 62 238 176 242 54 66 242 146 264 146 310 329 57 192 324 23 222 10 301 265 13 330 148 299 180 225 48 89 120 7 12 220 19 123 150 210 107 77 188 120 191 140 220 340 278 319 154 162 137 73 265 292 269 232 110 174 99 148 150 7 3 243 284 302 268 258 330 287 217 194 46 161 32 51 284 281 248 332 314 219 328 238 115 77 109 123 316 86 282 327 193 110 300 56 163 195 334 316 202 175 267 228 230 300 309 324 171 52 221 140 75 87 345 57 61 258 342 157 201 201 63 
126
68 11 44 53 101 1 13 31 108 68 107 95 117 35 17 16 107 63 95 89 56 75 78 34 67 48 76 120 43 120 85 32 91 109 67 45 79 51 29 119 28 110 15 47 31 24 64 119 98 4 69 53 102 126 18 80 98 68 66 26 48 84 115 53 34 74 72 2 116 4 62 81 90 10 41 78 8 10 50 6 69 115 55 12 74 40 47 88 20 53 22 54 6 56 78 125 45 124 76 17 82 124 90 56 21 77 67 94 117 2 8 105 66 5 27 98 99 80 62 10 68 18 52 48 99 28 
278
82 123 57 60 113 27 100 117 211 102 114 17 33 154 271 263 111 213 211 22 99 235 253 155 216 142 61 118 110 130 232 198 135 71 22 181 154 238 171 106 246 2 93 269 79 125 208 164 99 182 56 188 212 138 179 105 263 211 215 9 70 222 22 185 142 146 107 136 66 222 25 250 118 174 108 214 206 201 75 193 216 27 50 58 26 246 44 9 134 175 207 97 118 32 75 71 155 184 79 196 23 62 185 253 217 254 200 218 94 184 109 271 56 38 16 249 266 149 122 54 192 125 122 195 181 91 201 261 196 209 214 230 47 154 103 181 208 156 115 61 82 269 4 86 2 136 162 133 251 152 151 244 233 154 8 200 19 145 243 60 267 128 96 226 212 105 67 83 233 50 152 102 61 69 124 164 91 76 145 110 205 113 208 95 69 152 259 80 154 123 247 196 162 110 173 29 193 116 206 114 248 26 64 113 167 74 35 34 155 277 133 5 38 198 195 36 24 175 193 202 221 185 230 117 33 235 106 137 79 118 155 182 116 29 83 8 74 224 174 171 47 262 88 158 231 216 91 165 243 94 259 186 151 119 135 198 101 45 160 125 14 26 93 131 134 69 69 175 141 36 126 67 51 242 25 244 149 72 
45
11 36 20 1 23 11 28 44 26 5 22 10 23 41 36 7 27 42 14 36 8 24 10 7 26 31 33 1 5 39 17 44 32 30 29 42 21 1 15 24 31 28 13 3 39 
16
15 1 16 14 10 10 9 2 15 10 9 4 3 4 14 4 
303
213 51 223 293 263 72 169 183 194 232 300 84 151 299 199 209 258 245 215 192 268 180 284 169 64 228 15 132 43 210 113 216 239 231 119 160 69 34 153 183 234 297 291 179 102 11 112 31 82 16 122 167 151 277 278 88 181 144 247 145 280 220 158 273 269 167 54 286 277 16 31 8 284 143 223 60 293 227 258 228 100 154 73 277 95 53 110 298 203 140 211 113 258 50 298 214 32 132 225 227 21 40 207 273 169 43 188 257 3 202 266 79 117 257 80 276 52 188 2 222 97 69 156 262 87 103 47 238 303 65 288 298 46 69 266 152 126 59 216 188 175 293 52 40 289 107 92 39 56 233 209 59 94 19 61 232 277 132 231 220 163 138 56 100 191 53 62 54 234 80 83 73 145 120 230 158 130 250 105 260 5 181 78 66 22 212 286 247 282 64 289 199 284 135 206 224 194 2 74 110 174 298 281 299 161 174 219 223 296 64 255 107 30 200 263 66 114 5 141 177 7 195 70 90 253 98 264 247 277 85 124 68 17 204 264 122 21 224 259 32 121 116 142 139 163 258 46 1 83 38 262 267 1 106 165 192 56 11 57 47 203 114 256 275 241 201 292 53 128 251 249 128 44 164 193 245 75 243 287 88 20 1 299 255 106 103 244 210 285 224 269 204 286 127 303 222 269 156 181 233 142 100 4 
75
15 41 56 46 7 75 31 34 74 9 16 34 72 69 36 17 57 50 58 11 27 12 1 32 23 73 49 72 28 6 19 58 52 14 37 6 52 75 29 33 74 20 13 39 17 41 65 29 11 53 53 41 13 66 61 30 73 49 11 3 49 60 16 53 1 11 59 42 22 61 30 60 55 67 47 
140
44 63 113 136 130 15 56 26 7 4 24 43 47 75 72 128 7 14 6 74 19 41 51 73 113 120 122 36 48 34 29 51 38 32 32 66 30 57 72 11 83 23 9 43 123 32 5 117 109 15 123 46 131 95 128 120 17 59 129 88 8 77 115 59 124 106 110 132 42 123 15 21 31 28 94 65 7 75 73 61 26 58 103 4 7 86 89 72 84 112 28 80 128 128 37 25 81 41 20 28 118 59 57 48 53 33 31 41 2 28 84 41 63 81 14 30 2 87 73 22 74 47 90 38 38 81 90 60 69 26 12 14 44 16 95 12 59 60 98 69 
81
5 7 54 59 73 65 37 79 44 80 60 51 65 14 13 2 40 50 45 28 80 26 76 4 2 36 40 80 3 74 27 31 19 47 61 12 18 36 57 50 6 57 47 32 19 30 38 31 48 36 8 31 32 10 12 72 81 33 5 39 14 10 32 3 14 61 76 55 28 6 67 63 17 11 81 44 15 15 44 60 9 
79
65 17 40 11 48 55 41 16 7 62 30 71 63 27 55 68 68 65 57 8 61 68 12 73 62 72 35 68 54 6 28 7 13 10 54 6 5 19 73 12 59 12 61 36 59 64 39 76 11 15 75 14 29 54 1 66 12 64 60 21 41 44 5 32 38 2 60 63 33 29 19 61 60 29 66 64 2 66 59 
