459
8371 10431
13862 43259
19841 26569
12480 44573
5163 10218
23352 38617
6551 28842
22964 30391
15407 16261
24593 29389
16854 31744
28536 38552
8736 13126
4658 11349
16578 29502
2493 12506
11335 40224
8991 31465
13573 34706
9594 11791
28752 51260
3809 4343
31725 31969
4970 24387
5577 27641
4740 12005
23531 54470
30347 33015
18600 50929
12954 38419
16150 22937
21153 40489
15299 39413
20919 23512
32166 35172
10929 21320
15189 33547
22259 40065
14457 24812
12166 28993
20351 47223
25707 36438
17297 34478
32303 32886
28357 41906
7616 29846
8340 21984
28287 41922
16525 23658
32406 62071
2378 18796
29068 56184
28580 33673
16663 48681
2595 18170
49 10338
3256 32304
21613 46032
11439 18917
6540 36548
223 4280
25419 51341
12836 28226
20864 31063
4111 22961
27237 56695
24027 56285
28468 31823
27555 44260
24308 29340
20435 37181
7058 30806
21725 52819
25907 47619
28461 36508
8137 40336
20318 36148
5860 35498
25774 57585
13260 20119
25519 48890
22988 45960
9536 36070
23760 25468
29116 39501
17971 44686
3185 23011
23506 52429
4948 29199
7525 13215
1778 32002
11279 38539
3754 20566
20531 43931
19738 42011
4490 19249
22743 29045
5490 33626
11617 24759
14217 46769
10326 40693
4219 24235
26341 29469
24344 35191
6022 27285
1962 11091
5096 30025
7557 23397
22315 51534
10975 37905
9296 26097
10978 36566
28910 36435
27136 54174
26662 37760
16519 37789
6616 17929
23413 26534
10775 26395
1933 2564
5339 28948
12970 41936
23030 36768
5972 17870
9546 40780
18065 42173
18232 36002
1021 12597
4444 27330
10269 41729
27511 39280
31985 36847
13484 21180
18632 42541
17648 30734
31576 41507
8892 30399
12558 38854
16644 39990
163 10101
22893 45440
18160 46669
14011 46689
25859 49665
904 5106
9330 26678
28988 40633
13807 14679
19257 49213
32285 61169
19030 40995
9379 40326
15503 42178
6526 31206
21755 41789
1179 18956
14334 38682
21413 39282
6079 14682
23068 51431
29916 53012
14247 37356
22365 34697
30891 38280
5095 16828
9500 36515
28978 37260
12691 16347
16829 23631
1697 13534
17857 25827
4708 28482
26979 40777
6231 38619
13101 41920
13166 17815
30399 39257
15971 34514
8130 28689
5706 8750
10526 17000
27500 51697
5229 13946
5202 17619
30127 46743
5920 11103
26431 55641
23845 53446
31238 53567
17583 28474
30190 48066
1316 12227
32409 42991
6478 9625
28756 44161
9207 21757
2374 25970
694 23948
13037 45339
776 24606
32716 33993
28066 47128
12637 45263
23558 41033
23117 27690
3157 23358
28904 32654
10084 30490
26067 26632
11537 17649
4857 18697
31448 39842
5831 34314
8353 32292
28572 56225
30684 48491
27515 53267
12496 44475
16388 21365
18992 34683
24226 26427
9968 35734
22789 42328
13910 33610
27091 32466
25172 45963
30106 35288
14357 23501
6154 14177
32470 55401
4449 18491
12535 32876
10278 22953
2898 22263
21274 24954
9931 10252
16236 29090
20520 43251
1836 6990
4644 13320
11266 18814
9662 14356
10784 27424
15575 29487
14197 17573
23292 37130
803 16663
12417 17617
2356 6840
11215 30331
20104 45839
13566 39852
6418 29327
18343 21509
30789 34719
24307 24830
12744 23867
26616 37183
26225 41231
11846 14201
881 12550
30396 50361
21452 51304
15521 40519
17933 50289
17648 18169
14903 22629
31730 62475
27646 35121
20754 42364
19767 51323
1262 23009
25742 34620
7594 30140
1143 6103
30089 30297
28263 47031
6078 34853
13891 39005
24447 39040
31257 49155
3420 31519
16910 39339
18127 47833
7319 36026
13332 44552
19180 29716
12346 26205
4538 19629
16251 37944
536 29606
16329 30080
20157 52196
1961 26621
368 8998
26436 46892
9407 11935
16315 48541
13812 30479
9404 29125
29509 35929
15443 30297
23115 55449
20738 50725
27318 27329
18963 37733
318 4269
32301 62110
24285 39104
5158 26866
12347 37619
26136 30204
10602 26998
6839 12582
2515 10437
26849 37504
7280 20285
14711 32542
2108 31801
7020 12520
1256 22182
15899 37363
18384 33564
26078 41827
15661 33145
3804 34740
24972 51699
12834 18590
20351 33207
24822 28774
21906 40698
10855 36538
10368 21655
32553 49417
1447 7461
1952 22101
22970 48525
8251 9875
16310 38691
28675 46462
27671 41280
19828 47347
22603 25175
25995 39619
16999 49297
22816 36368
21785 33247
17526 20516
3037 21399
25873 44233
10100 12686
20935 24093
18067 33959
31002 57331
30424 53490
22981 52897
20993 52037
10645 26975
31584 44623
24186 53274
4490 10037
19934 38098
26704 45476
22069 47212
7920 15214
18134 43789
26252 26530
31241 59376
3290 18721
21857 50372
7966 27833
9292 35963
14677 35512
232 32167
21939 47115
16152 17493
12368 28370
3544 34654
4895 18040
17101 41283
7711 13130
1056 7301
24533 42386
17549 35710
20985 24622
17847 21429
3696 24231
5311 33979
20602 41673
13588 21117
5677 16828
28045 52003
30242 34971
27573 57442
32110 37005
12646 23641
10707 39515
153 23012
21560 35214
14716 22648
8023 22269
24261 33656
16054 21230
13382 17682
10712 36520
11202 15503
4020 17807
5120 12339
7782 40380
15901 37519
29477 38929
3366 13149
18037 34771
9191 13271
10397 27077
9469 22155
25180 29374
14643 17084
19928 44476
20491 21296
15319 33156
20122 34959
14641 30135
8345 14134
18566 36712
24506 34965
25644 40245
1336 26625
23659 51936
22962 29454
26093 54377
5945 34154
27760 45216
29096 30769
32190 35650
31027 44229
24799 26255
2883 31531
11661 15459
17794 39901
30696 63181
12081 42276
25707 38953
3266 13299
14367 27316
4515 22587
14606 36776
25688 56516
29435 50644
10444 33414
13392 16303
1257 18305
22360 24823
21350 53524
11182 15298
30944 37333
5110 9501
3885 17132
11210 14620
