100 1000
1 2 529069404
1 6 568114249
1 7 536406450
1 9 113717171
1 11 590685722
1 12 327935035
1 19 59857589
1 20 538130611
1 22 171412692
1 25 241899493
1 34 342814961
1 38 695926697
1 42 680441443
1 45 873008355
1 50 77530290
1 53 573491188
1 57 557271706
1 58 575841193
1 61 726859895
1 64 118656946
1 66 56001773
1 67 251874167
1 72 480553621
1 81 424388042
1 87 806742330
1 88 155803550
1 89 360203161
1 91 168489377
1 100 694201766
2 7 492205052
2 9 484238271
2 10 863870974
2 18 185717863
2 20 132831119
2 22 324805270
2 25 151266929
2 27 711068080
2 31 675892358
2 32 495190043
2 37 70648997
2 38 349972655
2 53 419847611
2 55 847535090
2 57 57137188
2 61 200091979
2 65 78449479
2 71 90257400
2 76 43557680
2 82 490914030
2 92 237974261
2 95 610791151
3 5 74684442
3 7 64680112
3 8 245094850
3 9 286699498
3 15 23405831
3 17 667712528
3 18 385044384
3 31 397578904
3 44 63352800
3 49 774712967
3 57 197964865
3 58 211424851
3 62 247994586
3 65 299347511
3 67 348370200
3 74 153158089
3 75 685370472
3 80 965674473
3 89 696945247
3 97 536952701
4 11 19158519
4 22 232598397
4 28 989422174
4 33 883433656
4 41 510535110
4 44 446792733
4 50 139989380
4 59 874857488
4 64 787362019
4 71 154569400
4 72 800861384
4 79 755465371
4 81 961426871
4 86 187157841
4 87 342354693
4 90 389491128
4 98 322662330
5 7 480543630
5 10 161594519
5 28 731321700
5 29 822897885
5 33 545731558
5 38 334592531
5 42 558553044
5 45 462299981
5 47 155835349
5 63 920719010
5 66 441744300
5 68 463504764
5 73 839801767
5 79 400583438
5 80 795768611
5 87 420761414
5 96 319829412
5 98 464334264
6 10 244960138
6 12 415352308
6 25 965635877
6 26 360353312
6 27 383206326
6 31 488079687
6 34 295505090
6 35 98879583
6 41 69089189
6 46 888275986
6 51 938481886
6 52 818427203
6 58 335766772
6 73 462887752
6 76 950043836
6 80 489802957
6 83 589189816
6 85 463595658
6 93 426340969
6 96 358279401
7 16 157024589
7 21 788141697
7 23 35693140
7 27 339622027
7 36 990712517
7 40 27993800
7 47 494609381
7 50 384989486
7 66 874105547
7 70 242093325
7 72 999642508
7 73 794886470
7 74 681705241
7 76 39483351
7 77 797687196
7 81 953101300
7 90 430532794
7 91 578716976
8 13 752726069
8 14 158932486
8 26 596507709
8 42 251664468
8 45 253907525
8 52 229181360
8 54 681669663
8 56 981932605
8 73 760425292
8 75 868709287
8 85 58531443
8 91 900642205
8 94 725964953
8 95 737826408
8 97 35330234
8 98 419293758
8 99 513550384
8 100 322357477
9 15 484249632
9 24 991100563
9 26 582877937
9 28 387237499
9 29 106169225
9 31 148080554
9 34 460111236
9 39 133710392
9 42 508750213
9 43 92670350
9 46 696892307
9 54 495412730
9 55 688750206
9 56 383607629
9 67 608628604
9 70 297909628
9 74 655108979
9 78 674504617
9 79 631664120
9 82 301876663
9 83 469613706
9 84 518182370
9 86 626695138
9 88 426257481
10 13 770594581
10 14 776442424
10 17 386317396
10 19 219033242
10 23 340144107
10 25 940666035
10 36 748991112
10 54 764270412
10 61 78351546
10 64 647218756
10 73 792862577
10 75 994050647
10 79 827403093
10 85 703373108
10 94 864633014
10 95 685105846
10 99 448327285
11 17 71172429
11 18 434364286
11 30 3176956
11 50 693540155
11 54 924136288
11 55 346451635
11 61 410439250
11 75 247288524
11 77 484091501
11 81 331394121
11 83 162557920
11 88 659365152
11 91 381369997
11 93 699958936
11 94 488443399
11 98 377702644
12 13 957100315
12 15 778573825
12 18 396904159
12 21 606095172
12 29 294706392
12 30 905789724
12 32 514331252
12 34 81109815
12 38 45273513
12 42 816415790
12 44 873307352
12 45 814759508
12 47 786469925
12 52 656458447
12 69 370096023
12 78 604110475
12 80 105016523
12 84 899712000
12 86 134934526
12 96 358192652
12 97 677674721
13 15 407341063
13 22 398129358
13 23 233619868
13 32 98421536
13 33 217748356
13 37 788779877
13 43 987568714
13 46 464267910
13 49 876512964
13 52 307666318
13 58 735222903
13 63 481107176
13 77 118673954
13 78 109099479
13 81 831945202
13 82 646908811
13 84 944637658
13 86 35356310
14 18 618314457
14 19 573408133
14 22 772636286
14 25 711243479
14 27 634934774
14 29 532999095
14 35 14469956
14 37 53248981
14 45 749755905
14 61 454127857
14 63 23218896
14 67 515811144
14 73 851627643
14 74 599988895
14 76 467553982
14 77 679594
14 80 634875674
14 86 269244652
14 89 414562804
14 100 845132127
15 21 99207215
15 23 208698554
15 27 74536900
15 30 700850630
15 31 438858391
15 38 617809899
15 40 826471203
15 50 519792321
15 52 418578476
15 65 923954586
15 67 595950923
15 68 225690260
15 73 612911047
15 74 109668443
15 76 484923314
15 84 743128973
15 92 416422081
15 100 818817284
16 19 826380928
16 26 590293226
16 30 381927851
16 32 821079561
16 34 411672528
16 42 462419290
16 44 398316376
16 49 267187209
16 52 32789010
16 56 124439948
16 69 546593856
16 81 809474091
16 90 217879661
16 91 854960648
16 94 255215125
16 98 761838437
16 100 934604422
17 23 4242050
17 29 504274890
17 38 530469518
17 46 733661073
17 53 835592385
17 62 659899905
17 66 462536806
17 70 60320732
17 72 729025972
17 76 446851955
17 79 403546708
17 94 351957004
17 97 432768796
17 98 634865368
17 100 503363556
18 20 411976633
18 21 110372588
18 22 625827061
18 37 193448856
18 38 72027060
18 41 131577752
18 51 699661990
18 52 860409938
18 63 627345819
18 66 783514441
18 78 814801254
18 82 61780089
18 84 745469374
18 86 482772592
18 97 500752664
18 98 527960099
19 22 197509816
19 23 157506034
19 26 185395934
19 34 956795637
19 36 903802927
19 45 117709064
19 47 486991363
19 50 123471954
19 51 787036093
19 79 350676300
19 80 797047156
19 83 987583684
19 86 11544424
19 87 113622957
19 89 79397211
19 93 539056267
19 96 7061142
20 22 556693805
20 24 113453945
20 33 128158522
20 34 863160471
20 37 641314460
20 46 466910169
20 55 114395677
20 56 655917751
20 62 391505374
20 64 683117451
20 67 506246826
20 72 443989446
20 83 512576033
20 87 229764633
20 98 56822285
20 100 958350276
21 28 696241612
21 40 207149910
21 52 784411854
21 58 969310690
21 61 384666982
21 64 226923681
21 76 765309944
21 94 97153928
21 99 602696483
21 100 578218553
22 27 512788580
22 28 520079842
22 32 589572214
22 33 969774443
22 44 767315423
22 57 8110212
22 65 457130469
22 67 220918654
22 69 41164538
22 82 500540159
22 83 477738843
22 84 3751786
22 87 413517344
22 95 828053916
23 25 361977369
23 26 546762112
23 29 939105120
23 32 481256807
23 48 650793567
23 51 980455155
23 59 535747191
23 69 311363225
23 70 10842653
23 78 901554442
23 87 201571916
23 89 978979624
23 90 19058412
23 93 973210456
23 97 427871489
23 100 441061291
24 30 410016903
24 43 97543335
24 44 360167523
24 49 399402776
24 50 76111702
24 54 696271361
24 56 190084791
24 61 746530757
24 70 888900233
24 72 540842009
24 83 676321443
24 84 54555648
24 94 547070470
24 97 61705850
24 98 490602101
25 29 217564931
25 31 593583407
25 40 14830526
25 42 674075529
25 44 667223602
25 49 320529741
25 54 331176675
25 60 443159639
25 67 451644452
25 73 352975911
25 77 417641399
25 81 74108865
25 82 509435518
25 85 769124895
25 93 929448306
25 99 810061306
26 28 214475686
26 32 314474272
26 37 688125224
26 38 759911466
26 41 719355669
26 42 26658151
26 43 794663810
26 46 4936577
26 51 115422577
26 54 299975590
26 58 558139144
26 62 389963676
26 72 433772231
26 76 955762363
26 79 658024705
26 88 223796907
26 90 890127843
26 94 263910649
26 99 92110316
27 31 790526836
27 34 832736946
27 35 764106680
27 37 700559434
27 41 929769365
27 44 463491708
27 45 163416474
27 52 92392272
27 55 861751784
27 61 116108659
27 65 740337926
27 75 458201548
27 83 449202320
27 84 348692196
27 87 817454480
27 89 89630925
27 90 923885031
27 93 231783483
27 96 511765519
27 99 386048781
28 31 259153945
28 38 265554167
28 46 634983142
28 55 11073895
28 66 919844537
28 69 141416497
28 78 762907606
28 80 179468761
28 94 731941243
28 95 515811987
28 98 692540340
29 31 477111125
29 39 888390836
29 40 723461295
29 46 274450343
29 47 902760832
29 51 223266827
29 70 204987633
29 72 958772951
29 78 803717881
29 82 31437827
29 85 882253440
29 89 844312036
29 92 534634279
30 31 318601729
30 49 490073715
30 54 440869076
30 56 35637453
30 58 413206211
30 66 6663070
30 76 524471809
30 80 557690757
30 82 635992343
30 96 439950193
30 97 446926938
31 38 465908514
31 39 148757133
31 40 100172782
31 47 797177131
31 50 154539351
31 51 627170425
31 58 245075696
31 64 904669207
31 70 296549861
31 77 307912666
31 79 741676525
31 85 745409198
31 89 993267245
31 92 78931267
31 93 59528893
31 94 968254420
31 97 198339044
32 33 821716388
32 34 202607243
32 37 490763453
32 41 76398132
32 45 928149973
32 48 46487420
32 60 580997467
32 61 574603850
32 65 358779918
32 95 823804023
33 35 225769470
33 39 176092268
33 56 855292104
33 61 987205093
33 64 880033033
33 72 410947337
33 78 476920551
33 81 67125891
33 89 330942661
33 93 937850394
33 99 926216016
34 37 671692848
34 39 563143551
34 42 472354585
34 58 691183814
34 61 329452541
34 63 128681989
34 65 40827023
34 66 884704498
34 76 382838691
34 77 646693074
34 80 261449924
34 84 702185049
34 85 999725138
34 89 672030116
34 98 715505318
35 38 161872264
35 40 721878608
35 46 712518097
35 47 537014070
35 52 740832972
35 54 666374910
35 65 15101237
35 79 378283627
35 85 492322901
35 91 413205761
35 94 523771587
35 100 646662605
36 42 88393831
36 44 643081448
36 56 270465446
36 59 583495169
36 61 404594642
36 63 22363967
36 64 149520229
36 67 756223354
36 69 649223901
36 71 230956169
36 73 168208740
36 81 84147280
36 89 903984
36 92 830466286
36 93 602075315
37 38 286445863
37 43 616933364
37 45 880889714
37 51 651278761
37 53 114252185
37 54 968433971
37 57 272394600
37 58 624911060
37 60 450938013
37 63 950538872
37 66 877301574
37 68 591758202
37 82 684515507
37 83 953915156
37 95 454109890
38 39 349577490
38 41 80116105
38 53 991228810
38 60 429355793
38 61 433917996
38 64 253097815
38 65 922176972
38 74 322334038
38 80 753497626
38 90 731783463
38 94 959120623
38 95 967450218
38 97 295120506
38 100 539433824
39 49 17660812
39 51 145890724
39 52 596913473
39 58 71335779
39 64 439775653
39 65 129355837
39 68 377903532
39 69 110343213
39 71 184727939
39 80 423519004
39 84 589674822
39 91 719313441
39 97 369626395
39 100 445419201
40 46 324546104
40 52 812020970
40 69 703166756
40 76 551646682
40 78 315577519
40 79 193368659
40 81 970721269
40 85 894493210
40 92 96204828
40 95 554678908
40 98 846802309
40 99 432639432
40 100 700856511
41 42 319783600
41 61 111358682
41 62 754729400
41 64 924559965
41 66 815996722
41 72 163606957
41 74 123627297
41 81 913347315
41 82 713707147
41 85 516865235
41 92 86802009
41 95 991660753
41 97 111549812
42 43 507382973
42 54 316812550
42 59 951360854
42 62 626879881
42 65 327654004
42 67 747602047
42 71 128659503
42 82 391606828
42 87 175458154
42 89 480118466
42 92 847573195
42 94 73204315
42 100 753999545
43 44 378691650
43 58 156089235
43 62 51840882
43 67 720938794
43 68 948714999
43 70 388563362
43 79 637649958
43 86 544225771
43 99 405928764
43 100 18397837
44 55 350990861
44 59 526498788
44 63 130320557
44 65 843316423
44 70 580693715
44 78 11483826
44 81 623163150
44 86 358271968
44 89 562855024
44 92 666751849
44 98 54699554
44 100 677350769
45 47 98509061
45 58 884761273
45 60 944907316
45 64 388919762
45 67 523262837
45 68 431871614
45 71 733205133
45 80 678618926
45 83 699698856
45 84 820220983
45 96 218672790
45 98 285364394
46 49 386401571
46 50 532933830
46 69 758149817
46 77 521744501
46 81 655687822
46 82 416231431
46 88 622662146
46 91 778606276
46 92 427261186
46 94 738676097
46 95 408941994
46 96 827668604
46 99 353235433
47 48 483470237
47 53 146734160
47 66 674692644
47 70 18640038
47 86 656572613
48 55 708735183
48 56 953545690
48 63 282560781
48 64 323444482
48 67 467003643
48 68 20721547
48 73 700127232
48 84 269039677
48 86 616464559
48 89 620317423
48 94 187944711
48 99 284609025
49 53 273068148
49 55 943615964
49 58 340248153
49 68 821696274
49 74 764531423
49 75 257269326
49 77 569191764
49 87 287844509
49 90 91212384
49 95 371197334
49 96 79472515
49 100 91021964
50 55 995984269
50 60 236644829
50 67 894460663
50 70 672031765
50 75 741769376
50 87 515914552
50 89 310658442
50 94 50559726
50 96 458981231
50 98 204325111
51 55 944368700
51 56 976980404
51 64 518758368
51 78 250216106
51 81 50481510
51 93 982556217
51 96 989672221
52 54 29146887
52 62 39353415
52 71 136459040
52 72 673586603
52 73 185850390
52 74 690959986
52 79 625474574
52 86 914931706
53 57 854993015
53 65 680188742
53 68 931178058
53 73 202382306
53 74 246345405
53 76 768900075
53 78 242147038
53 81 555928749
53 82 154355621
53 88 109873777
53 98 940976077
54 56 708404403
54 57 611217572
54 71 877923990
54 74 605316315
54 75 482972109
54 83 945937518
54 85 234571684
54 89 841857903
54 91 864288031
55 58 818312467
55 62 428072517
55 66 366381515
55 70 542942360
55 75 582411160
55 82 319540825
55 87 160441452
55 93 576393608
55 97 314219181
56 60 245705973
56 66 876399944
56 75 108275041
56 94 176874938
56 95 100878478
56 99 38780201
57 61 645343485
57 66 300347691
57 70 777908391
57 75 590050638
57 78 661929645
57 80 366188581
57 81 884711578
57 85 827123199
57 86 456546700
57 93 835538676
57 95 865710653
57 98 909158648
58 59 108151667
58 61 156859931
58 70 815137306
58 71 433255147
58 74 960294705
58 79 986853818
58 87 930427411
58 93 988355823
58 94 553031801
58 99 813541107
58 100 678953562
59 61 557167989
59 62 729206393
59 66 542140929
59 68 964329695
59 80 91563250
59 83 204177070
59 84 752489937
59 93 788192304
59 100 153523486
60 63 933653851
60 66 10771155
60 70 649890842
60 78 188679205
60 80 626078393
60 83 443358377
60 87 759606989
60 90 595980787
60 92 911600602
60 95 989926888
60 100 72879972
61 69 652795048
61 74 908664915
61 79 44046980
61 94 714834734
61 95 97849184
61 96 555592588
62 63 663883461
62 73 163938594
62 79 866228983
62 84 703723343
62 90 712830332
62 92 83422769
62 94 186967099
62 100 28839812
63 69 115755727
63 73 380490102
63 84 25711008
63 87 318556165
63 95 725478192
63 97 168046711
64 71 192871838
64 76 289870601
64 78 866326867
64 90 334905193
64 92 364199436
64 93 720423064
64 99 923696057
65 72 135407761
65 84 729588231
65 87 44416407
65 92 503502869
66 76 359812602
66 83 494834010
66 86 272515000
66 89 260474702
66 90 598764517
66 94 284464876
66 95 115208473
67 70 709443223
67 72 979313903
67 95 665341907
67 98 624994367
67 100 996177429
68 84 558470378
68 86 563701156
68 87 765829257
68 97 762266724
69 76 696790069
69 77 325056237
69 84 90625038
69 98 988030697
70 72 249089028
70 77 37678692
70 84 857953402
70 91 833798708
70 96 814137045
70 97 575671752
71 74 329253456
71 78 275994603
71 83 746148931
71 96 838178686
71 98 74324157
72 80 51788656
72 87 443371488
72 88 420056234
72 98 945234815
73 77 496626757
73 79 471467308
73 87 524651144
73 93 907805839
73 100 466701668
74 82 160239563
74 85 697128494
74 86 593647380
74 88 553005944
74 90 302874862
74 94 881858245
74 100 250950693
75 79 258274420
75 89 358281262
75 92 963742395
75 95 476160751
76 86 320720913
76 87 348084889
76 88 323916249
76 91 975120624
76 97 741342212
76 98 272588782
76 100 36429747
77 78 617451962
77 92 380871845
77 100 992933834
78 84 856807457
78 89 750690943
78 98 936194969
78 100 742855410
79 81 738667973
79 82 255952743
79 86 177529422
79 94 656141083
79 95 289061331
80 87 992214904
80 88 735519168
80 91 186786956
81 82 24521064
81 85 676377391
81 87 571951931
82 85 280161754
82 89 333293230
82 91 612963698
82 97 503964112
83 90 446763129
83 96 556563017
84 91 493535933
84 94 250670064
85 88 511692244
85 89 879561012
85 91 388455704
85 94 234213927
85 99 548780174
86 87 283989522
86 93 161818273
87 96 269122923
88 96 706767544
89 90 35749269
89 92 181800561
89 94 444649689
90 100 377653410
91 93 522856739
91 99 739799515
92 98 164681196
92 99 303916502
94 96 267199897
95 100 922747881
96 99 87344075
96 100 476744127
97 99 382168619
