100 1000
1 9 67
1 10 79
1 11 90
1 13 63
1 16 1
1 18 7
1 20 99
1 23 54
1 24 92
1 25 13
1 29 5
1 31 23
1 34 80
1 35 51
1 37 55
1 39 14
1 46 67
1 49 73
1 53 64
1 59 8
1 62 14
1 65 84
1 70 100
1 71 61
1 74 51
1 76 98
1 77 60
1 78 86
1 84 49
1 85 22
1 95 58
1 96 63
1 97 53
2 4 64
2 9 43
2 10 100
2 16 23
2 17 46
2 19 39
2 22 51
2 27 13
2 33 50
2 41 10
2 59 19
2 60 36
2 71 39
2 80 2
2 81 85
2 86 88
2 93 29
2 95 22
2 99 4
3 9 3
3 21 20
3 26 28
3 29 15
3 39 31
3 43 31
3 47 0
3 52 43
3 57 42
3 62 86
3 76 34
3 80 3
3 83 20
3 84 78
3 93 51
3 95 0
4 20 4
4 22 95
4 23 73
4 25 63
4 27 32
4 31 43
4 37 24
4 38 91
4 40 89
4 41 66
4 43 47
4 44 75
4 48 20
4 52 45
4 54 58
4 56 78
4 57 35
4 58 22
4 69 100
4 74 64
4 77 84
4 81 54
4 86 57
4 97 6
4 98 7
5 7 51
5 22 41
5 42 4
5 54 55
5 57 27
5 66 62
5 68 58
5 70 98
5 81 40
5 88 21
5 99 32
5 100 13
6 7 77
6 10 34
6 21 50
6 24 83
6 25 60
6 40 32
6 41 12
6 46 30
6 51 32
6 54 33
6 64 80
6 71 49
6 82 13
6 83 78
6 84 4
6 85 96
6 91 91
6 95 94
6 99 34
7 11 19
7 21 21
7 24 22
7 26 41
7 27 10
7 28 77
7 32 60
7 44 20
7 48 47
7 50 40
7 51 63
7 73 51
7 74 5
7 75 51
7 85 97
7 87 41
7 91 90
7 94 27
7 98 74
8 14 38
8 17 46
8 26 57
8 32 4
8 43 25
8 48 68
8 56 16
8 60 64
8 63 33
8 64 72
8 73 33
8 74 58
8 75 46
8 79 29
8 81 24
8 82 31
8 83 16
8 91 98
8 93 47
9 12 71
9 17 79
9 21 65
9 23 26
9 47 33
9 51 30
9 57 26
9 62 56
9 70 45
9 72 47
9 81 99
9 85 94
9 87 31
9 92 55
9 96 40
9 99 31
10 11 1
10 27 46
10 38 10
10 40 4
10 48 60
10 51 78
10 55 3
10 69 69
10 70 38
10 79 91
10 80 48
10 86 85
10 88 90
10 92 26
10 100 39
11 25 72
11 30 12
11 43 14
11 45 48
11 47 97
11 61 62
11 67 42
11 71 25
11 72 43
11 78 50
11 80 69
11 96 0
11 100 30
12 19 50
12 38 71
12 47 65
12 49 75
12 50 56
12 53 93
12 56 25
12 57 8
12 58 7
12 60 37
12 62 21
12 63 25
12 69 95
12 76 3
12 87 30
12 89 32
13 19 63
13 23 47
13 27 36
13 31 35
13 34 86
13 44 2
13 61 27
13 64 96
13 65 70
13 66 67
13 68 64
13 71 41
13 73 11
13 77 0
13 79 32
13 89 32
13 94 19
13 96 13
13 100 11
14 20 66
14 25 84
14 30 28
14 39 84
14 41 72
14 43 89
14 44 75
14 45 36
14 46 19
14 51 94
14 61 68
14 63 52
14 64 4
14 69 84
14 70 79
14 71 21
14 77 33
14 78 27
14 91 80
15 28 88
15 33 8
15 35 58
15 44 89
15 47 14
15 51 3
15 57 55
15 77 4
15 78 79
15 81 73
15 82 97
15 84 44
15 85 85
15 89 86
15 95 92
15 97 6
16 19 61
16 30 56
16 33 12
16 40 64
16 44 75
16 45 67
16 48 6
16 50 85
16 51 28
16 52 48
16 58 49
16 61 52
16 63 11
16 88 4
16 97 13
17 19 30
17 20 70
17 21 72
17 42 41
17 43 59
17 46 10
17 49 98
17 53 6
17 55 14
17 58 91
17 59 45
17 61 45
17 65 27
17 66 40
17 72 76
17 73 83
17 76 64
17 77 45
17 79 89
17 83 23
17 84 97
17 87 55
17 88 8
17 91 55
17 97 69
17 98 22
18 20 74
18 34 70
18 36 74
18 39 20
18 42 27
18 43 36
18 46 89
18 47 40
18 51 12
18 52 57
18 56 15
18 60 15
18 62 18
18 72 9
18 74 1
18 80 82
18 95 10
18 96 85
19 20 19
19 33 81
19 36 67
19 37 61
19 38 7
19 39 37
19 40 62
19 55 8
19 57 3
19 60 54
19 73 43
19 82 45
19 86 83
19 90 42
19 97 18
19 98 20
20 28 69
20 31 92
20 35 19
20 41 100
20 42 19
20 50 64
20 62 41
20 82 39
20 83 97
20 90 13
20 96 98
20 97 80
20 98 97
20 99 71
20 100 81
21 24 58
21 25 96
21 32 44
21 40 59
21 50 81
21 51 93
21 65 80
21 66 100
21 71 47
21 75 12
21 76 31
21 84 72
21 85 97
21 86 63
21 91 15
21 94 52
21 99 11
22 38 82
22 44 24
22 46 57
22 57 47
22 65 59
22 73 20
22 80 59
22 82 4
22 100 50
23 24 14
23 28 48
23 31 95
23 32 46
23 33 66
23 36 22
23 38 33
23 47 25
23 48 100
23 49 63
23 54 43
23 55 54
23 62 51
23 70 17
23 73 68
23 84 48
23 86 22
23 88 22
23 90 93
23 91 58
23 100 43
24 26 55
24 34 23
24 65 45
24 66 54
24 67 55
24 75 25
24 78 1
24 79 42
24 86 94
24 88 57
24 89 54
24 96 40
25 27 1
25 29 91
25 55 23
25 58 74
25 63 20
25 66 91
25 73 59
25 75 32
25 78 81
25 84 53
25 86 82
26 49 43
26 50 9
26 58 91
26 68 45
26 73 73
26 75 31
26 78 73
26 82 79
26 86 58
26 87 51
26 88 65
26 95 53
26 97 20
27 29 70
27 38 29
27 51 12
27 52 23
27 54 94
27 55 19
27 56 13
27 61 56
27 62 44
27 66 100
27 68 54
27 71 41
27 76 81
27 77 24
27 92 27
27 94 14
27 95 23
27 96 19
28 30 75
28 31 93
28 34 8
28 37 44
28 40 6
28 44 41
28 61 65
28 62 64
28 63 21
28 64 88
28 72 53
28 78 61
28 90 99
28 92 43
28 93 61
28 96 66
29 47 75
29 50 70
29 51 3
29 59 7
29 76 30
29 100 88
30 31 31
30 38 20
30 39 43
30 44 9
30 45 88
30 55 84
30 67 82
30 74 39
30 77 90
30 79 88
30 80 17
30 82 44
30 87 5
30 98 33
31 33 95
31 39 49
31 41 27
31 48 27
31 50 54
31 52 40
31 53 94
31 54 51
31 58 21
31 65 29
31 68 91
31 69 3
31 73 88
31 76 5
31 89 71
32 34 92
32 40 5
32 43 45
32 44 59
32 53 27
32 60 48
32 65 6
32 72 72
32 73 56
32 75 39
32 78 46
32 81 92
32 85 14
32 92 37
32 94 44
32 96 77
33 41 50
33 42 92
33 49 2
33 55 37
33 58 96
33 64 21
33 69 87
33 71 55
33 73 32
33 74 100
33 78 30
33 79 75
33 85 44
33 89 32
33 93 54
33 99 42
34 38 23
34 40 57
34 42 37
34 46 31
34 51 6
34 59 56
34 69 93
34 70 20
34 72 2
34 75 27
34 76 44
34 80 79
34 90 8
34 93 72
35 44 52
35 45 36
35 46 86
35 47 16
35 48 38
35 50 99
35 51 29
35 59 98
35 64 9
35 65 100
35 68 98
35 69 21
35 71 57
35 75 27
35 82 40
35 83 9
35 87 28
35 92 10
35 99 20
36 38 76
36 43 91
36 44 69
36 46 9
36 48 46
36 50 80
36 59 82
36 60 56
36 61 54
36 66 78
36 75 54
36 80 54
36 85 69
36 89 28
36 91 54
36 96 72
36 98 38
37 40 52
37 41 97
37 43 70
37 51 43
37 54 93
37 63 50
37 71 52
37 81 2
37 87 97
37 92 53
37 95 20
37 96 34
38 58 75
38 59 60
38 62 2
38 65 91
38 69 34
38 70 5
38 77 6
38 80 6
38 82 72
38 100 53
39 52 36
39 53 58
39 61 80
39 74 32
39 87 86
39 90 14
39 99 12
40 42 18
40 52 7
40 55 18
40 71 44
40 75 50
40 76 83
40 82 16
40 88 56
40 100 88
41 51 71
41 53 52
41 55 96
41 60 27
41 64 53
41 67 62
41 71 5
41 76 40
41 80 20
41 82 19
41 87 44
41 94 65
41 96 77
41 97 76
42 47 92
42 57 37
42 67 99
42 71 78
42 74 48
42 79 5
42 80 72
42 83 91
42 89 18
42 91 51
43 50 98
43 74 32
43 81 100
43 89 97
43 92 62
43 94 32
44 49 75
44 50 38
44 57 2
44 60 46
44 70 51
44 75 63
44 82 60
44 92 48
44 93 29
45 46 88
45 47 62
45 51 84
45 76 74
45 81 49
45 83 66
45 93 90
45 95 7
45 98 11
45 100 64
46 48 12
46 54 62
46 55 80
46 61 26
46 67 85
46 71 4
46 76 21
46 78 3
46 83 87
46 89 22
46 90 50
46 94 71
46 95 4
46 96 9
47 52 65
47 58 26
47 60 65
47 66 38
47 69 77
47 74 59
47 80 71
47 86 84
47 88 63
47 90 80
48 49 25
48 50 43
48 59 82
48 67 50
48 96 14
48 100 71
49 52 96
49 54 1
49 58 62
49 63 48
49 67 8
49 69 47
49 75 39
49 76 4
49 80 86
49 82 14
49 88 54
49 92 65
49 95 13
49 97 75
49 100 70
50 54 18
50 66 89
50 89 87
50 92 98
51 56 28
51 59 57
51 62 85
51 64 98
51 67 71
51 81 30
51 83 50
51 84 5
51 87 61
51 98 85
51 99 90
51 100 67
52 54 65
52 55 96
52 62 85
52 64 44
52 68 51
52 70 2
52 71 74
52 77 12
52 78 32
52 79 83
52 80 51
52 92 84
52 94 35
52 99 27
53 55 34
53 59 21
53 75 47
53 83 24
53 94 33
53 100 11
54 72 65
54 74 48
54 75 61
54 77 33
54 88 53
54 97 59
54 98 47
55 61 61
55 63 13
55 64 24
55 65 69
55 70 82
55 72 76
55 74 76
55 77 49
55 88 76
55 91 14
56 61 25
56 69 83
56 74 48
56 76 33
56 78 2
56 80 41
56 81 51
56 82 7
56 83 66
56 87 52
56 89 33
56 90 76
56 94 94
56 96 71
56 99 88
57 59 86
57 60 10
57 61 70
57 65 88
57 74 14
57 79 42
57 85 37
57 87 9
57 94 76
58 59 22
58 60 44
58 63 16
58 66 18
58 68 10
58 70 71
58 74 14
58 79 86
58 80 22
58 82 62
58 86 23
58 88 1
58 89 94
58 94 68
58 99 81
58 100 72
59 66 41
59 68 3
59 70 66
59 71 30
59 75 48
59 87 47
59 91 40
59 95 35
60 63 29
60 65 35
60 66 65
60 70 50
60 85 60
60 86 72
60 90 22
60 91 62
61 64 4
61 65 57
61 71 59
61 73 46
61 77 76
61 78 94
61 79 77
61 81 68
61 82 59
61 88 12
61 92 73
61 97 0
61 98 0
62 63 30
62 72 25
62 82 45
62 85 15
62 89 58
62 100 69
63 64 79
63 69 24
63 79 80
63 85 97
63 89 15
63 92 50
64 66 65
64 67 15
64 69 85
64 74 65
64 83 68
64 99 44
65 69 93
65 77 49
65 87 37
65 88 15
65 89 0
65 96 100
65 97 47
66 76 95
66 77 17
66 80 89
66 83 37
66 86 46
66 88 38
66 97 77
67 69 25
67 82 17
67 88 18
67 93 25
67 97 36
68 70 90
68 74 73
68 89 80
68 93 63
68 94 77
68 96 18
68 99 39
68 100 87
69 70 88
69 88 54
70 71 52
70 72 89
70 74 26
70 82 22
70 89 26
70 92 10
70 93 92
71 75 25
71 78 89
71 86 31
71 87 92
71 88 76
71 89 40
71 90 27
71 95 45
71 99 62
72 76 53
72 78 90
72 80 19
72 90 41
72 91 57
72 92 90
72 93 60
72 97 55
72 99 41
73 75 77
73 91 67
73 92 63
73 94 2
73 95 76
73 96 97
73 97 54
74 75 94
74 86 29
74 87 84
74 88 82
75 77 79
75 78 32
75 85 15
75 88 13
75 97 67
76 81 5
76 83 69
76 86 44
76 88 53
76 98 96
77 79 22
77 88 38
77 96 78
78 90 13
78 92 74
78 95 55
78 98 41
78 100 33
79 84 48
79 87 58
79 100 89
80 91 86
80 92 89
80 96 7
81 82 88
81 85 93
81 88 37
82 84 42
82 86 6
82 90 38
82 91 98
82 92 99
82 96 54
83 92 87
83 93 41
84 87 51
84 90 34
84 91 35
84 98 49
85 90 33
85 93 83
85 95 82
85 97 31
85 98 76
85 100 83
86 89 69
87 88 17
87 91 78
87 95 73
87 97 21
88 91 40
88 94 66
89 92 74
89 94 14
89 95 37
90 95 46
91 94 46
91 98 27
93 99 79
94 98 84
96 98 8
96 100 62
97 100 77
