2580 1583
832372261 992790638
365635525 844518385
825671046 594495229
908090975 31807845
461587358 20423405
895838 404446226
192734655 5783242
308735754 810776444
180564248 44320851
404521565 648297214
505594164 822736408
746111508 713233871
395725239 67151633
824233163 760984593
420651294 216286558
419909340 340562163
733018745 136483296
417859355 745055349
702757115 372771089
889120382 605837271
241643574 829401673
616083039 618914782
880564541 949923547
23956456 636231970
200103436 343759671
695191054 282326515
562148667 821881886
571537399 907528787
610437595 162638676
339277258 993554372
643713536 849817193
796923432 657160196
486981447 993957391
624668699 114426676
742836755 665762206
517516250 474732364
472768579 703764495
168914966 22767510
192586183 489445566
861547825 852777822
149693695 259603055
152501116 866053617
843975753 811414235
250321233 395521478
647813627 279436194
543514895 135819623
741610250 370453144
429063118 329733463
804671404 641975081
133819280 879248351
461001736 229287650
852692736 939281349
177286242 755851863
929851670 732547077
525923094 909780970
370507808 553783365
667460053 507931744
31991388 860124586
860296972 487315301
947732749 761803274
385308951 615159947
383507452 314248021
671501247 263771922
112070143 590316648
646435994 89690880
673418887 291772509
510604911 139502116
919841633 494717347
674919240 793648383
237170170 257700673
509931114 86907320
498999745 137422055
667297006 607717496
14844709 929743143
959476908 191723480
645237418 98169801
361990026 566869750
498709570 673715303
451102035 572831135
522617391 855402454
154108011 426875540
130204965 946519512
793031938 117389335
251588865 605651234
97345941 516858720
791062361 41626150
777102960 375318044
54954175 746643353
842683225 406000087
874055340 541380874
667310540 145630252
676293552 139881963
677856661 866598037
915957683 561129535
970603986 256841583
985551320 589741650
352085984 851046175
928603454 82066279
649504263 794661731
42932227 328660755
297288537 716889283
373514162 412874414
441004011 562398651
404951891 681800908
190027493 731970563
191378421 94643680
357341839 872982963
125430680 499583185
537695778 970784678
419739794 369211625
761625747 866246604
729415638 392799369
117945752 73502638
710568874 667990871
634913348 421066328
419460385 282535881
652132430 980736167
493965915 446508071
781239352 389209206
911388248 285936977
51545908 679960741
625060687 89294485
753213625 316193855
590609164 498872891
939466417 203618042
98246497 540432097
223195914 34207670
130256235 807867658
922583285 604270149
816205665 776973315
373686149 513096911
318853116 466180427
262076867 398779344
460754035 235616314
635452064 137673051
607918722 802723098
177670332 21338964
228352430 827432192
763048672 143055357
808861069 97536246
7216002 154282310
565203255 231104104
804766939 284496233
443707370 353834278
839888758 415948171
65170775 742052688
997681842 944112432
485662803 424169905
42816824 776483096
378333914 72986073
998352766 784171771
613185709 707057015
308988082 245312098
318800714 150826884
145862056 745061608
645212283 420430142
468527847 828111042
357483925 135632696
646260305 655791821
525359098 279607751
325951869 486465539
338857497 599040447
666119807 975861668
79377179 259965644
212756140 850002714
570284068 42929400
327780406 219546422
782826593 8315852
777712882 728633788
398323832 713411285
510004766 427136251
944885884 382025433
776499914 51646990
8505531 970920340
175142934 642386380
39405952 541198658
267798417 720741834
463360558 314090007
667538852 731414131
395763322 996785144
674751907 5697427
928091537 523267117
57794299 35504993
99763041 26265536
628687060 534218960
624067028 288928459
143638548 288766457
748786761 908605419
376254828 631608162
297404295 120928686
160534858 951294877
655576877 501457190
801658120 751255012
893222453 296422571
603787693 609497225
201492901 786128691
792390097 3549600
685718541 97468706
818797422 377436136
302771569 139626471
759914992 338664569
330039449 613735770
177242019 296543214
372267482 258120588
615981133 767760138
173992906 941396583
724348133 575772138
734346407 852466946
400763688 117515280
695961040 696209212
156046681 140239654
182048663 463962220
60792451 204490170
119950371 376948452
864690953 363629128
253335341 7295464
582627803 988676605
99532369 264765082
578148013 48107858
847175415 937699597
802505801 219694634
859499049 224714351
809457008 685235949
427104 260594983
732681147 324445224
337378371 987609204
932880785 782321082
2912187 954556421
171954615 801630335
676524549 233517837
207060062 570900099
540777233 762223895
700879313 186403344
888318644 72639221
477112187 727504857
227181093 718816511
901397996 727514315
623085179 324954294
604899336 831596399
704543233 234198111
786171411 279666184
767650784 336964597
900323814 161528039
484032869 21982105
974615521 555399494
22041221 941994180
956390953 86624498
825674134 677952144
110673234 803674849
698633427 569944673
326912875 751940841
256387840 250114291
381604079 186423860
734149548 443057469
428109243 971991478
773485696 713985447
767583100 609690884
308200240 256151052
893993902 250716078
387578173 869261815
828658025 532589436
521654813 732965532
370319155 627175813
421552505 807800262
418621616 325148722
303936132 974660543
392982191 609949891
901222633 767884524
704613872 75227280
90408479 572176707
564181044 807928919
448448214 886037210
266776619 355022306
839346909 41084921
713240233 991178189
318965121 85177682
854040791 349304781
642546927 255711816
108909061 222770549
614865184 96714898
580134547 920362107
524453646 208743760
76068382 390965068
245608225 404203416
958158163 638731477
21759892 603175873
562164410 940834297
911644759 717479771
192579476 544158818
788743011 495386573
297321017 855419451
241173040 438735544
574261425 417819668
783180493 451282224
196964721 968719438
223249446 465772472
657141098 644689941
553504794 451870530
566929432 506296197
249416513 592724027
134437472 324056061
769928078 90285392
488390782 344005374
401208233 714816953
977772855 146505551
420587901 439199979
483612725 851337943
102337553 21285303
454350859 697340695
28335170 335728854
193371883 343084920
892066306 369338595
95341521 269209456
834606046 730334044
333057917 101513902
870203159 72124753
552882053 970849414
143889728 176914011
636831035 650972695
314370405 404917577
553609439 904192028
925624409 503168537
847850563 467811902
76625825 236297537
833398987 448676108
329923998 193496606
67471283 590744856
629221079 324883749
20990698 239470933
989358489 41098431
937437104 660239884
48223456 987214068
927443162 255411006
851081202 181616819
196484401 760266431
798923086 38659264
593862481 542796036
811916427 707567156
126400201 61693131
918393058 136796360
751611552 492811242
613591294 680969324
282463186 673862501
78265182 915455207
57212835 263174700
296116029 511008962
689328311 299343462
54729449 587691506
578415560 888719959
4387062 344219514
375798628 256589478
332960565 17228483
528406126 860973757
96407747 326590587
720560752 186206658
929620234 610448536
171898275 473390206
311091804 340172189
585843179 288762729
29779197 764805206
159847411 26754386
219434865 91158508
627089504 255544351
703548306 24564901
288791277 68369858
304909842 232098919
484121399 148396803
792903289 541076847
826326988 198996146
797262148 537797997
782899001 360756643
40633109 912308839
95992246 623103830
818451107 22630361
6869208 449214497
671037170 985175375
972826376 540866427
490304193 286410245
333025157 63421695
925941931 744223869
305144620 684409821
400521075 306619753
470183000 421881034
509802797 981533666
48566965 786191553
226984737 356713806
385614884 782138536
504102456 45221664
75100555 533983847
379907261 723383870
561059875 136119570
73952174 597737404
203082596 614785808
237158175 420076606
80267349 924829351
208747842 980169550
983048433 779091808
920193569 149727646
417610231 911364315
813927899 475074744
170097316 467294605
586324532 356584763
270938215 477157486
702325563 487878889
615086176 431603337
897633705 325158762
161723972 513607490
421303115 425689971
514989554 959708077
667669146 933754487
811688122 769717427
395801281 842400588
577021606 760524190
684114933 850698406
497471576 986096393
567632106 240247425
671623982 307701327
358958304 673293278
683556663 396653001
567788973 770533986
976181107 453183415
167243409 752694489
238521278 211536798
471242783 960011916
444332292 420957586
801322084 222316706
450843084 508360055
352638591 504455372
675007838 870231561
589582349 53043540
877853618 553458968
186502318 117251900
900824158 577630528
6955663 795426999
785074986 950929851
117012480 398372381
867230748 429606169
39074275 37227552
563054598 174402502
760087167 697871661
831809615 839102002
752770318 504059702
44946259 974989435
994481829 988110520
777385640 404620802
672678601 161572017
90468705 878576288
648788748 830178744
203114118 615191419
467025396 639504647
150505504 486595232
597674374 622538069
534469540 671333854
5255788 791131395
781493050 576649801
43386004 453692889
276067530 39973052
65972489 226007495
239876195 62836111
177504639 45735617
520509605 190353399
845729348 209608289
354293865 720331996
993116111 471902725
321948280 68357495
947543057 410358091
846789830 204802171
749017932 558816472
744827849 258234325
712556914 592712546
154226614 304394055
475274590 142876464
106263951 453593529
599110771 504371889
587213317 550575506
953379370 640304201
44782906 813624002
810541652 886366559
356240973 283792224
804476050 711632849
568649539 15846659
526359801 746670684
593351850 20899185
675539166 153973550
163770101 333312733
901015252 781163009
2551916 503547004
26106836 538178608
374164643 862010544
460290324 100168926
183308526 120180708
687105445 523060995
7261066 103345244
647423751 224481295
988858168 489034937
188500819 225118658
261770829 466907603
49392475 651671835
504681947 865486188
833955816 499751166
627664165 900349458
268347436 161668909
362389272 694349239
638369574 498745320
365770418 776035023
494020015 429991594
140383058 66181499
538118979 408845402
738786961 368238803
579986085 447694000
545062517 56385533
734018216 847512780
935987951 740012430
829994954 708987848
914952483 926876651
633457591 994518692
810681990 625444304
760140783 120675383
345030980 952308926
620878114 171803057
132475583 940887467
818474377 111938779
389659585 196329640
804683652 249071234
45657084 887832717
415723572 478696231
869903933 908058686
963887765 948889727
820523645 220455536
649110731 83648994
784664529 334966011
149237667 852580877
786231490 142466937
785826191 651307721
704920858 655546770
781253050 667005649
541757640 470749947
913536820 546700473
316524569 423670406
631562822 102362699
155819050 157364951
162379133 607128862
969360337 386206442
774118145 532420945
87102909 996858731
556206753 808252847
189325837 786506326
449305431 461141952
982919674 362413571
860432298 788948764
114465038 298547244
796678317 703437482
347398229 112224360
759624100 33799227
727721863 550020367
580972901 102846643
309600363 386593206
320088468 817737607
576164080 787372565
361265874 555206112
367439577 876582624
970988510 854283862
390160078 611787184
34580472 84925994
35047038 286669913
172120872 956972540
645874004 872316053
322940499 729272914
779235329 136696928
527292026 922987855
650577569 740851421
566817968 26101028
494968418 752510988
349306078 278684783
172659606 713353132
138115239 971760687
40254133 280044240
585896371 488589203
986847311 782722865
892267828 418453538
27633195 824180346
575503469 722634161
960035887 310943858
341749383 14091953
152446703 361608953
317622426 300803394
464256139 191581078
652205643 952759678
827321765 905969922
814512547 490017332
970692366 738463380
137639481 159709
787822792 513940906
569383175 415010828
652295717 362345743
662514478 485974439
635973759 112523376
510739329 463115962
702421002 504576245
246339768 213852182
996364594 800633816
453391358 712277302
863047729 485268993
210244202 529773254
73812620 232208314
703703062 592291083
348528986 893210801
405243221 110837845
922057816 923380372
569973068 201173813
949444577 895705951
418347091 389056979
659728485 842893314
348414530 441729898
606017641 378789949
165354520 908516928
202821679 442760233
821018574 417801921
151686801 141719751
948120951 329326501
822200619 365285968
423657189 335351275
244808686 464374488
879286146 238045691
980119091 422917193
21101587 490430937
730098500 242177282
558891011 401833233
451540647 88988223
660202384 794276184
801299115 540375319
25008880 612339691
694028255 660281751
763298235 685153174
372701980 857991897
294461838 805411728
794237835 456425249
970989899 207269323
9525940 611490730
259887941 713962317
89556943 906495349
246737003 498963510
615792900 349169354
315870512 913900679
740187679 139804099
915305091 925558187
833222043 989525045
849536020 756804814
109980699 745692506
22910869 616669527
765797152 940313222
649972331 348058546
803585034 696258397
778983847 223435832
212044396 299744859
366014465 425464071
602986218 36297130
867782907 298038454
60690728 467246014
373390283 720880058
348263055 836335317
102676639 816053570
885255893 398429125
799913849 146224409
15401154 77489221
236716589 11587190
59263825 427402292
1359531 935219854
858259182 590981093
740202892 875809869
906142041 49269342
480845192 693549623
502291597 910498256
9262048 381421631
496510445 306649996
100998177 162629487
304389427 912181319
779026951 738741683
710443774 456276084
450873071 385991530
126208484 414879460
480829551 763531573
93424725 405196239
398535541 882314076
907612211 492412275
904886872 742324480
852087618 848132
185421883 375421266
72364174 109929258
808281420 17947424
59485258 635233833
900029205 609114819
849963008 838059551
42607292 886087208
769494479 780660451
806186490 783489596
55520467 821396127
366473670 293164991
276108655 12984785
795102088 189423647
733841026 881960196
355127637 256448455
195748289 798027262
180578523 689222466
344369276 623643106
722778600 889244571
399353591 817797011
163230779 793936254
840429206 670224655
932776912 407180049
75905771 895396472
552239568 221658068
79187245 717418223
186619585 515990621
370156595 640950531
752116393 986149751
488028760 908494745
754826316 136904349
104728556 785631688
597152504 261431657
808545532 153389080
141049338 512618238
70380820 796829379
347669204 495511204
41089513 402793909
755350950 355031477
248118929 774738089
49882232 505214368
420856019 561597844
613402866 845312704
112959058 819115490
505138286 574123302
370717294 680126011
75431846 977542746
861540422 24688388
294477052 896912294
896535202 296992904
792056392 949088354
4412245 14660808
660917428 65913398
817439634 323978913
833729586 44026520
268704535 454005151
564561929 679532059
556566999 661193434
446323480 730353002
168024692 297693868
894558576 567172187
957011007 809889091
997460747 497372778
913804809 623755705
647154910 571619151
733245744 110643118
456519618 296584191
565957324 777017098
860524031 307368251
720038875 876223531
185808437 317532608
450579518 206615895
234737932 822175261
38880597 611309286
911226506 229523502
908580135 818851098
659208675 629144748
666211789 715335164
487798150 950748896
381484225 886658944
320113273 147960868
658242637 550083707
478787307 468295190
689305150 557982137
666763469 196404467
463910779 520248082
626670214 225664463
110255445 787525658
278576901 807089333
340535878 863041297
10064095 118855373
533201115 79869124
593251462 309389521
875985306 172028796
52780066 197713881
521146680 776632221
531939966 312818749
16673457 290712979
579488773 756178048
597671177 746366306
288667573 955661908
802475008 102999774
797057613 613205244
448118059 243071852
938929686 541447790
217640257 920528965
421438684 35584168
13474807 387717933
66353402 475891218
181058501 620951513
167056918 934498118
647260849 196866550
306500877 238221816
719723194 426588688
468968190 679620040
604375203 333481145
563338289 973355700
796010477 229509400
617627475 117683940
135738073 787225187
666589382 175155482
92390444 666913647
451927456 156891283
373693438 505033338
407137919 846062971
296448359 729811607
378238312 584175108
10522493 587464200
212838638 464678101
74600828 548339416
761499684 619258606
496050595 42320250
208541672 70396597
974649744 138654272
668986180 77609008
110213209 244247134
41830642 783008013
955324642 319203057
538188060 913801657
802579135 187501015
649920012 115194809
105221916 708260210
587319066 347473239
133212119 338799280
93352558 507162201
384057149 699982197
690283663 735957177
997884766 398146444
688583132 615167591
895904639 582827416
997506299 850858272
75541491 557753655
934230225 19507421
287105998 512042016
799845567 240237733
97040033 912646780
144722127 182558401
350787519 877013599
4886481 913743805
101583902 521284592
280259803 683759074
815433830 714646393
123224413 674937257
820890911 240485172
193463929 985956773
596723152 211513005
846924498 43225060
211025785 866185166
400768812 246334095
499837294 10389461
143160683 857229658
937957626 300033126
530571271 975168041
473717335 990881767
283108871 332085269
315285846 431544724
800337828 666964085
39243752 429203824
379488931 555066751
791210976 176524172
231318912 881046448
440077567 958768053
815720681 147120601
586709589 644682762
822214055 632474953
397906899 551101689
415479219 92281742
498005373 722862008
572077387 369197882
93101110 815703235
323505334 542623784
193811205 454995397
67948059 257639311
137282570 277805144
346847015 743304547
561449893 475919371
334135521 976458491
856083846 934610354
940278398 90432663
785844076 413370687
777784887 727007867
158365963 313421865
110462796 733895159
881498549 610983871
359292969 709055425
632431182 459186115
260496782 67949958
339981143 744829056
566340828 881626085
280271543 764322465
399792602 914301346
404041058 907007054
376754024 431355961
477652265 320312669
203826490 195540451
234386384 512045054
158097079 4542333
330836869 518375770
124100810 421246905
896275349 945312937
370853935 424111254
590018736 955655428
120738213 364711876
660458656 217406724
17241546 309013797
675031599 313698239
618446353 895156742
586643055 14422264
9149014 741100965
170669297 767603169
971161993 48485744
737529156 441268815
16390045 883316395
356952923 657073806
61503649 69025005
657609245 443648737
900401742 243085022
953941318 604706667
658232236 335364362
943293734 364056090
538718143 96064942
281188663 2200379
808239494 795332550
829567641 338123467
701992156 437968762
458710751 801772121
849154286 778300292
723261333 269872984
658034900 715949823
109329310 847919246
594477151 827419961
524152583 937903896
346286756 506087690
261521593 563765608
865223850 500074501
392499779 379275859
291329747 249796418
797410226 666583642
820378905 921722390
345238969 73823452
905496175 139518132
842286150 728684829
473030492 246489456
692960195 608864106
468323767 252853533
950065283 822722734
369878319 77272465
865911442 442738163
864552875 74320008
803337354 194554381
658876466 328783405
619661270 105346346
112556614 615217079
417173167 892157253
673093452 978877512
959684068 674826499
821540106 444617984
512614372 545700825
718442128 646672102
379014649 651737978
978540331 78295262
808777616 41723044
968752282 960377348
164251737 415598695
885203393 337427257
471762782 663463779
243729183 233424228
592572679 293346323
639511311 485221527
854062828 379758780
973661582 54388882
816054574 895271779
289075783 177130216
959930532 356499305
839313009 14376742
109479774 781199620
670311649 519121494
780165299 437514074
416250512 944943791
943936568 708166593
991748121 818510232
754040960 295831824
649935316 720296438
40908638 680576113
419931147 933140166
136603334 191634265
141220156 889425508
160179706 774783017
282815588 477248829
976324115 789810822
31468391 146993930
879762608 242289495
18241204 526135628
741105485 287878102
742330282 926211774
37194830 709209682
664031760 876792480
369887625 184128584
947282167 202596334
818925354 384386937
511451857 367945502
672619165 376224598
930354539 934429018
708150495 64524397
525201442 240495287
553108366 922055223
922045379 433884898
631339194 381915980
270823214 28132408
487280688 717525287
93235382 362224785
679821060 178841547
384343513 7943785
53626184 550047233
634992053 973103809
725193275 112416509
69162531 812114684
83127981 471858146
755469937 689964498
95935264 594662723
711655049 404370129
172720918 203885838
484684574 96646456
237502865 954794088
469638185 258588595
889337230 328739422
893758082 944758774
939306546 274186812
606807959 242059905
980853971 360501369
707304584 837025373
279361008 689230882
421441794 402148312
305764692 389349627
315943985 832727564
911026353 83235825
849109393 582660827
995155684 890639925
880502971 339532131
696143792 995790436
206829723 555009887
568574939 460929935
560282344 305407357
975001679 266452679
90057172 139298557
339639759 697528576
894840181 904993418
955950482 399372545
134075244 611745482
467736779 173505242
22060587 626707696
806118101 886427220
207821480 547405904
438925985 476695349
724848116 910029560
29559766 758674470
620862586 130934100
592168095 579090140
264608282 256823272
630309552 449406705
93184088 883171657
546252515 382100242
581744860 46221735
375183365 646814765
562654128 697635081
28310870 143534046
721724999 119507819
194816074 190247017
386466332 58515289
656558940 633733533
279833498 569594129
391298250 221275931
130561991 320590585
687917628 291161742
248557881 69116087
856910821 739260841
934977125 971493802
605421416 351837619
898616251 501817282
950838732 430822187
393255274 868063344
690830559 912365578
227960173 623820128
29377541 143619076
990512230 541046933
404621096 152908640
72655207 974538874
880029660 657048577
407434176 796215906
478534564 494305585
189361956 281406148
471019803 465961710
416436053 4987008
115127105 292634140
491210876 158248205
495141980 138217677
671402275 673937645
584265480 784873740
147184340 984058175
160483206 432874419
423877212 110139664
808275319 390923013
439689829 467080616
560451912 773040155
86268197 258025762
235454726 150078657
115828364 548534792
741671832 855887144
606569114 73541699
415924200 24183983
464932673 980968100
280684990 152055420
819307922 122626551
214291629 35006920
508269851 128145193
779040184 797650883
293866814 443602307
520368923 720008868
496373601 276542357
191226211 914268624
714018995 96843161
652184676 188517340
375291470 22930797
311041862 705948965
491471386 240133938
384795058 139416885
5102776 108196535
59377550 776700262
141397879 14416118
683902936 561824369
692383261 404458681
440016230 988199035
929393065 2159038
775053056 481816232
32862806 630711920
159944092 834504618
436971695 529382846
137178916 41126916
151342858 771633087
946794319 749102021
986684409 622398917
373534780 397839210
173010534 104855812
538430017 979313309
318115621 1622443
683554087 424438833
163606673 203931231
168305219 664094323
512474732 97350999
835933338 945207130
835475428 277356845
125125712 533460175
926187168 706191964
126248335 302777311
32343293 728469691
626464208 211259466
812837051 571860694
791667473 372781255
377745789 876663994
813367232 447743771
388008615 870360456
750834596 755865425
500340320 367307607
146623872 734355489
323018811 307094159
338751742 767956027
933914050 915895531
865249389 660383703
41228832 292246995
914499904 22505105
130715936 681392944
453869462 59614293
734567624 450818176
833893759 852550825
23812402 744384164
258073689 464827060
718095748 544968979
299674128 555776753
227486407 877558079
485439738 638969225
596883276 738893423
28599730 462356517
274270006 39224625
834812396 984061202
732170714 20206924
507807625 123221780
253020807 794970945
907554550 442367122
662727259 506887359
852069539 495493038
834523030 178229944
371869949 99089133
462516011 315092016
919079073 862164298
949414195 337448000
574930417 71821084
497221069 640712998
391662639 364734262
317808780 685702668
927422999 429223735
679886754 716322663
993814730 450328223
620810496 168035259
921265327 819860226
119864522 345199809
871715994 238956398
351175147 692427267
83620306 211857088
9458433 785416306
441400365 801906040
283706343 732263639
518974044 645032635
699105346 859502998
681495314 608866183
65536656 601289987
945923750 179361148
174621361 299002727
932467122 949235476
642267126 926484876
296455139 287117821
568991284 498257407
753060853 962165101
108008323 399932391
12871705 780776011
916373256 48065120
280132554 20240336
95686493 977694256
151171017 994704872
87435971 647382311
839828994 603305896
8548620 311844838
279546027 345942040
732841222 250035157
266078081 471791743
234620567 351246412
946822178 587792595
105629837 593443325
496610899 902997607
982942748 727306165
188023906 39732072
833464374 577648313
537244132 989146046
533728110 752870438
132896971 828067873
68127261 315477707
811909446 512615405
504157510 605575796
288095826 704039988
952368357 58465694
248924204 711615634
197347900 541390568
474878081 319518494
13141268 618189272
193255729 328671449
224099007 789744553
721530900 935181869
915463011 348968619
380039103 694628910
365344566 118558674
633387010 412036708
992576977 235419201
756366350 242503040
77804416 925650401
893170801 994366010
105794426 137132203
896372607 768335675
136154126 112404830
580547790 830669751
681335076 782798972
118902765 960334300
652099106 926265393
942133576 398888024
221682651 677384201
187549806 202914175
114060484 420512190
91851188 3173597
195416571 688491665
649613933 428867645
150750330 172960047
876408555 291707294
972176285 711855347
453539368 840736056
437734134 429622431
801800649 308526175
388360041 480927906
473643512 651561287
538148749 895051422
484123638 937061030
604355224 281827452
966460984 605545474
497064321 977978023
561621230 719056317
145542680 62442685
784782857 930749023
693549046 419041130
384766183 939772163
407012793 183285508
383479229 548808631
795315909 876807550
87312763 558844677
445876343 847719297
265451069 820758557
657900860 228949540
833638767 35907347
585248533 70480041
536565111 843389949
663642207 57360359
136328518 351052865
210429870 895946677
665183348 327184616
305301312 29152433
142831058 552441298
150502871 461405967
374906538 384711175
784984998 659896770
701160596 976837063
207508930 415596345
838408890 137473087
21100360 251126328
831989043 883583744
720564942 149104212
985748963 909549631
734393033 631040104
958113315 618502359
533724629 270725247
792299588 917972453
218690231 695508775
872162880 581425208
374084804 772692322
869447452 792631883
992790223 645896781
959545831 209554055
440582141 367710714
545470789 962608754
777010195 250879815
636014605 908557900
954121299 552030337
894511437 931179065
141224792 421350723
307865247 364302200
526120610 51323803
848315342 728340338
730797908 880670901
417666959 950327951
465256802 439928164
608423380 377560120
192630640 736938338
299551467 9675587
561135570 889047268
65752205 42548645
795618605 319607497
635474571 634375246
458810125 195800708
830012628 630209190
268132160 729710312
277495028 191901483
469515131 472544412
773170849 17521283
559703353 171091626
80998761 255117104
550678804 134677001
699165682 742963428
74923758 279486466
179929178 780707327
232221191 115185060
866352711 957183624
424627657 346930605
827467202 350832060
466342041 555469591
609654148 662977463
892755341 550909934
524237439 43700650
734446912 574534919
236150953 791235206
626861631 40818224
660999697 30999987
257555534 102410431
700861614 457370774
26054998 8706910
313917912 313583467
825481721 178714563
308709770 821847147
922223014 676974618
147881320 101554819
585269454 563559524
834190699 338764235
928720151 472558197
606985561 220857400
110815073 985534300
2004492 818076865
765264261 525351075
701164166 585706127
213300813 860292568
229931531 649862053
458608404 27988845
734093748 214675756
246010243 853311162
899483748 743156322
65624966 924806039
259878972 487985785
107291483 231673863
190372897 217235382
968759356 859682084
404656246 344498849
751879377 552274281
691594925 649810051
853380870 305658554
444137842 899175987
783483107 867620713
584937327 734463840
192378612 323623833
189250997 525208778
620491074 295464887
185974175 528759229
435420699 453025403
299409346 789774860
801840148 494765585
23121342 84791181
128615262 824484030
116586853 758339937
231541726 318037192
437082227 145568023
874882088 702348177
993247220 89655929
548052343 668922278
891022137 763451391
386164057 314641020
373314558 32081492
348621886 383866398
796067251 150988482
875677827 8516552
77753939 901577675
698947793 778062335
677231939 809821432
691723550 481255261
344963221 872708085
214908902 348370085
931636015 999960203
404143703 79993990
181060402 946199441
15847957 9707964
263881284 909556899
520341439 937798600
486283520 770095009
17817072 156449228
122714606 464421043
629839162 19352149
241102972 586259939
360395776 786647721
108612476 576866842
54678367 986445363
759278901 949974105
242136564 904455092
373679938 775085109
17532060 161620215
644979143 27574602
77388207 424881180
493264473 577083991
930221434 767731512
627206014 215586631
681192365 845088260
152943316 677344286
652398743 51855446
887163055 544508035
139144392 17698871
265050441 999686647
473478661 863888120
842825633 831389357
125554490 464136034
805667307 936449550
130470711 753341139
609862138 827577809
695940727 799803717
746009242 641928481
390185661 672255404
519185320 671470129
998830713 7954470
941397154 77128315
596359110 927818303
138796105 800845862
927044065 495380224
736512094 613232491
110555772 115183590
221215073 105329158
460073073 90601288
347387988 392794065
760288314 379157261
877679566 506753740
336874333 404017676
788605658 320505374
248604890 502826829
66417217 343682280
742329391 259525913
228409105 509504524
976469829 1875454
174689508 906057937
890827770 228393584
174972795 244528552
882582265 615236438
72931776 216942440
746871063 648722895
823806527 39824608
714847786 325907679
524198879 690521584
635292081 897623638
229292262 167582116
613538505 320159706
243258590 609035648
162628372 98254956
702605125 111750413
8247267 99035024
217057542 456018735
696384720 890184415
983778569 762457921
609062025 292950514
121917418 19207657
630364564 369051919
287431540 807850491
706956704 598378738
802701843 833707502
801945575 810315088
279683271 703018099
89215221 654998024
815327280 974477618
721119950 331891765
408039151 799780654
622775620 612365300
976374036 426928287
721315296 221804393
776538933 706455227
961701587 597079683
712186283 265394947
748457275 259470064
935216350 713328574
894558949 284568920
754732830 651483356
267430519 993069093
535927021 167410408
563295045 304044795
392633191 227755679
684039605 600464045
795859360 9144404
157289186 260837743
53136290 826954025
755767229 657430204
105550968 294105512
714562731 747234907
464471982 542934534
696071987 864497532
919990864 414313701
346707617 831109985
27878360 116711675
64663527 542493220
279395666 906645827
544912487 161047262
314740641 279488959
80138124 496913022
920505677 189928869
221535889 7326263
796660240 164278879
691553032 672538591
959754638 307649365
794996314 270047571
14905440 148691393
601963324 872257132
556424718 769815395
935319158 728844368
400577888 523696874
449640182 697828713
796906126 885359088
553501025 583038350
867961965 196646004
521634968 785385681
280438540 555569120
239922061 636762729
120906873 231555623
699548681 354737656
532219366 359394289
635357362 320489070
335724118 405646151
818811741 69094647
421521652 903060791
152708785 108558816
513965851 118342732
260474337 210609916
220472282 829297378
58398817 791734377
334582371 927428815
388452895 217183254
803398903 585564155
169438458 494448741
777339896 706767467
395373546 697254404
757161855 36032338
325501407 288346631
138012496 920982254
226598765 141855440
849645152 268663830
354907121 746874287
310744952 794716106
514718674 686979949
386588424 496591084
469235664 810089004
374116043 217563130
875733825 444365952
476199502 782099218
893367542 884523647
584814647 70494907
493351575 115078548
116495158 421863986
66062073 189855400
856473800 285579365
649263490 827817320
322075329 223700698
930758100 982292086
681090709 358016904
744966513 402662628
215043952 577930800
677101224 434003441
236593493 217994958
404635962 531013958
119047361 180574358
790772006 628588810
116498266 339588818
448753723 683762553
215909005 500928259
422509916 344486768
716232978 714913033
884640322 912279648
251097059 602691511
896798114 41396262
815587239 853954305
572734866 90590642
107269317 725650577
646494472 739192905
307880165 283993359
896412162 562144654
804397552 114039246
981764546 284488125
343821110 117249803
588321635 600877937
630481370 938039109
879992511 836892951
381670934 131360590
847677972 573808705
658619365 796488262
417916419 275212250
765194301 464529232
20628745 201189976
864213224 211717426
558054418 623209322
487026289 465659481
409769553 850286118
420338207 731534241
748558889 525244789
737459415 459513784
229072577 370127820
519821298 738728043
198955789 264007823
687290000 187913321
326939701 577139296
249326052 835069004
753796784 805721762
708245590 470223069
62786715 135320583
623751073 714627068
2072064 882620281
895647984 189841843
641510403 239706852
878506776 770337702
632302067 178154315
325349218 58143851
285385620 208115719
512742973 288092999
71546628 267303994
950610671 733294860
854384813 813732616
378357592 974238292
131140386 82533929
424478275 778592635
913607708 949873310
317624665 735205940
722783619 325344245
419339613 633457865
790454238 8301771
466537536 82119552
705687946 424033803
207731518 239928356
864369067 173770605
361471044 268553472
578796687 350206139
367099579 218485859
188431401 689990362
413524257 286233874
41669970 849712698
476093791 519271405
554759072 36023072
147913140 141319440
413444966 418142000
581117386 288221653
284641215 867134442
845040353 413001098
521351994 656627455
29228696 282385262
349509140 520428193
865377196 956511893
948587497 480660583
987128722 544654889
910300339 863125091
992050509 754239627
465915238 22760469
595849879 205376975
465883 270138274
583035180 341486438
62187367 969264361
246894209 216778034
871816739 557635566
189110690 937521085
236047314 502168344
907952177 545872733
472599906 770568496
564247969 397921254
114396796 978861123
774965946 852495602
633640529 824686832
671850628 370804749
522779511 975757992
782183879 961324790
801081497 137346485
373282455 587400019
348654434 346256132
662985797 500242838
573197329 546457717
974370867 46508022
410601917 499096430
321641349 922105986
873954463 13209623
701083835 962758987
574826120 190131115
249796667 752970137
327435390 831745951
477335602 740169196
44887620 738660508
601367268 317048112
284939362 327756366
85884320 905354491
591420337 728916304
325648016 377149428
517743 317986328
907542572 888858739
985657244 937932832
450833730 99080381
650897373 923957825
954429520 778407089
53909638 442961803
208776858 499458780
252190610 685732257
839751258 684495377
579715061 604750138
196691456 68624237
38486070 305335837
659603761 156578635
746189267 897414515
182645498 573801488
536359344 764506927
501550621 167223204
933187945 361310339
479066378 142400771
394538336 7713799
440235572 541938500
462204242 792206895
32117269 601315871
9403132 858930367
432047651 354006085
316498396 648244532
504684821 705306973
124695667 349446505
478864596 726475208
954776150 55563754
666851486 326032053
877759719 174028622
795157963 687595586
83802905 224160182
350108565 893017095
214827129 564035233
483251187 211309730
658660885 47433398
70198911 378831962
204311403 468631317
398279693 341028694
438926900 652061758
178361005 902965353
539765206 569034338
467409918 342766691
144868611 189249315
61878940 592368796
443103548 315763841
717131947 162811571
629827517 214055052
482225687 681366226
253889786 875155604
657948280 75459734
513277167 586428695
612719785 959602226
221926867 598940420
477539045 297945594
403615463 945741445
717498451 583928611
408091557 389476589
701491794 522547296
180570186 460014003
699742893 958605556
142294724 123264313
594941827 769951927
804167206 731708363
939474434 857920065
187646028 116659232
598976808 703315043
770531172 453863877
939872855 216301116
616346709 470241383
522417245 559050883
644358744 653522175
305951196 43237402
415529463 12084965
42592213 148241216
63724782 133799588
490554050 733780124
10209723 475213309
307987522 961652317
234952211 31629776
560029202 640139886
215707945 490812572
81151341 271701137
213596563 245113321
955555282 145863271
613347848 956316664
912000097 266313305
202166564 852575126
855990915 641301270
980930845 346265058
289675283 672467126
686022397 544844513
284243648 737558277
203432221 573874128
585359629 31319362
475963602 522936962
541539763 775836934
39559928 82551769
868968885 772160075
629338908 275230521
902608901 190070675
226262185 949124083
359393302 499045439
781080563 141393966
759680206 562962371
665965360 914332015
350970676 451808937
631886073 594737844
564319550 279024060
860268963 421194830
948130677 932252960
212840562 730323619
983520178 522939270
329019852 938126452
835657956 596674369
74093281 533080170
660091947 997546067
485133092 71229687
613779348 907479141
729772098 118340993
847277134 142965445
323222207 228982461
935288329 709492794
532140118 286629481
973653609 826876318
324046886 892569224
796177645 850674847
645068908 415183743
886768965 445664865
176981505 866399786
851758897 2297113
940223090 920626486
122582037 127152596
279153160 235896859
557005641 350247230
448921391 270349531
52671024 257834032
482593185 143422674
262864389 626970334
468459565 794596609
172300265 871031483
229691483 908254105
139535713 32663410
543750870 356892146
109820515 527100949
42438272 462804770
943235458 954688359
323460167 277377797
161510398 192799733
312383191 554831678
194703891 35771430
724377935 771782567
285849499 284152947
475936998 674153012
295738411 64408183
928600882 568166403
527346398 475632604
953586426 202442741
474283276 364994757
485156114 294241217
782427756 98189601
681788065 855956785
219117610 850557746
191026112 689987367
668527343 949655425
672752443 93584532
41940745 667556559
486102137 693447652
12396770 123256999
800024811 796408579
987661803 410083708
812413943 971994985
134792437 23464629
926714434 189994609
302958208 209890025
760054017 527033948
676076070 83119602
568419506 676922394
68675625 619013372
850534871 587010478
180899001 821764508
514340124 974607982
403399674 93390967
492888226 121768033
40023183 792325962
217767059 712256157
53537528 58687024
988635231 960702631
673464708 651775943
311079390 430821376
799505361 993668951
458827194 677833197
31528460 61124526
300579357 751144390
128125391 701816928
219676583 118817758
588935298 371073360
352938137 327970867
48094107 958453227
442868398 688110056
12126003 81885797
97721504 91347376
758391047 18529239
902462309 288865220
590959040 879506148
539409713 191929146
118755335 49309680
232366274 113867204
343401966 644687086
497521204 13023093
516864991 412545068
396682662 322664766
425449179 207860812
474895072 589728670
778611817 862325076
9798219 8266802
108381460 779716119
491882537 784328137
225872517 147656962
733909527 756161943
121615618 925920093
218142976 607116936
850434485 212914835
228745922 529091364
601775329 674149731
683935385 143153905
843242521 174657042
31572137 572917816
237247094 842575308
959241452 647950130
394890552 519910598
305123274 532097980
452368036 961163921
451751741 508904287
766290240 518873052
606944990 987679260
636525088 220648167
893691777 934331418
117706175 674083825
705682117 186406238
490827910 728731492
662660176 428221102
479855162 138468568
998179239 816436062
538650723 979078310
813096228 336400099
552524924 426261673
265827068 303326074
726221011 845863546
82689691 8563545
724175359 413663619
349408768 249371099
825565907 605132821
181990854 410677903
820243297 580191418
818770679 320031828
44509853 453951075
875674219 343547886
608379505 677031962
866962242 93109824
847049953 749293957
720354518 775878657
15604541 525309657
468060178 129488731
492318248 720862901
836549018 183953672
345377807 445031278
303712356 798675319
211472950 725481358
761325457 205087581
521832023 894572548
85507040 198038088
259243503 205456210
253370208 358302683
533933123 260922514
678593545 841555172
300487110 389264974
903656609 63216471
804083395 382503330
866550648 662047403
721997239 430155937
542588708 696916895
163693500 309234650
688319395 270286408
495937363 116724965
728440967 968641001
482506819 8613384
25087273 345031694
163656070 509259246
52109813 463361693
768967389 211931114
518331018 489964752
357272435 856614829
599638195 807926410
735680491 361353077
959795648 886652246
31303394 930621361
676669665 547180587
407022788 666434115
10007628 597084441
237737664 478483994
817933766 482547814
335216706 607748640
473990366 424999063
845343549 838378993
180059870 921827688
386691555 835663132
391170580 832114870
77630812 889416143
647461873 16511401
862311738 303881334
881034366 523563255
123769582 414367613
368731513 121704181
923060153 650243813
26912113 966220287
362902100 642039500
984923354 903782753
907022763 291365146
77341746 284305620
934665882 205888825
511309809 742205060
144028069 433043540
897780047 688528820
487379749 6465348
690629889 824428545
301053081 214979275
915002163 838227662
940226923 497484084
648550657 216682354
124515153 506189895
762349692 310357059
6902246 728811017
851005718 108377876
684826894 446611655
456058058 654851312
45573375 74371018
688270334 374231121
874099147 690728294
211214211 352796463
523638606 948963592
492078127 575709475
959634884 450669753
940465973 362013575
15646826 975198587
429779585 532204441
453864622 859075027
69424695 834067825
188877865 240597
513487953 632371045
425631835 876114914
549773188 17382381
673464365 81777350
912353358 127363653
648244602 950421959
854411185 323050061
62569071 63603901
862551360 750236971
656467568 910276485
298540951 23099872
543014284 643441075
732267429 139570116
867636114 109249141
246415912 75389559
817893005 899083094
217904133 710410671
411332414 679601974
635545536 124959378
50074136 83695946
222933181 811924704
207570907 857101584
778469987 818596352
529146893 127064587
702259740 238677817
135198495 732499496
586788378 187522344
644232414 686813619
642661767 421261315
840222604 457786436
202944799 2533348
531223357 782102690
393812423 912016691
848038058 889428756
522346549 686581433
455395084 12024375
764588926 102900637
164031524 886146831
241709377 581704884
588964854 111908902
655816542 465071914
473800101 995396809
879094806 110376088
348058244 132966621
513291685 983570407
387228434 60568633
676924944 645750844
864674854 844175686
553873455 875497811
909926558 360014866
421330486 710966770
486628133 50048991
542628216 126398433
471038474 249376354
989507948 464552593
422067004 393890952
880457158 857077645
388189282 920272378
871332462 297174148
775069762 873381289
899332079 41884617
608346509 811274473
2292780 764356976
254933532 733799531
556209946 639524990
927629075 411184659
991885453 10489476
784165403 623930535
166892110 768758233
663605158 679990420
234925464 301324635
78814137 900667852
427539345 163873480
930378028 79470287
452800897 275362408
29664197 750558356
734249213 778626706
249766745 253275470
927519546 48908895
373946624 360008107
730047564 72361178
221146401 725414552
63465672 365272517
714604122 710595975
83841282 208322145
368020432 596419793
940105443 565471463
417780518 701918132
737324714 121715841
81155312 108075180
203449886 275990736
299087571 211613051
243527528 173851888
786115769 120437917
984904501 358541190
295334922 390693260
364637050 898747297
77296469 998986593
533205009 847437010
510791798 962036608
796923451 169859286
581053927 145080855
898459002 312122160
125681864 540866401
747041477 967153214
737300216 419518958
316883581 325540375
659495479 28276321
96677696 808501007
521927859 6831132
910649389 493457335
992836376 942332587
61457585 824444485
371693111 847048268
939311751 805507736
368902629 146012397
575222068 401647082
218692623 622036986
117629939 905654019
319334570 807214250
112228441 297896508
593326324 425093712
449145907 247907585
89045138 583302300
297525928 140309962
212647150 665341964
615714148 2577395
670780946 961123465
449701413 258432577
335256070 462578574
210244626 8974908
2545171 403162577
150386243 875208821
434408670 773566191
3241072 32418369
229646190 451477415
41360252 781345667
417757354 757370920
993287217 76543537
188018676 223282030
312784527 752375377
705161076 435195542
207453875 526341987
426596711 795523336
765039705 132764841
965252260 529260325
89670085 453012191
153901259 820522491
901841927 207707448
206958459 475634977
843421831 498622662
467637165 340729178
243753887 210772534
223934042 997526878
279712188 376750458
105977671 177863433
938903702 74376530
97865068 298382281
562037039 174672477
745347219 460196241
791669681 320078971
580868272 888258724
737200821 323350969
561896163 821446692
30284348 806995614
697712948 292278477
94117090 313368796
372493800 555750033
490756402 409159958
835352277 406574396
202308977 978134017
175948944 545377529
407204618 76453521
920258502 64991130
947644944 440087443
326300088 91365603
667642981 148764313
23314138 458906173
4915551 621310860
887400013 871938289
219451686 239321977
877519231 412886831
965177260 556847700
941652493 129583591
290213923 480697158
345532485 160500734
770359615 617211974
755641598 844870911
227293705 435741701
832071897 187449075
198452441 145975372
741526867 93573259
53475279 515785360
458340 913293337
889660035 948986487
95460461 3384537
286180009 319693747
923093363 468397811
807229624 533690163
842915215 727498736
174221892 909931333
972420267 589311793
86231662 990179068
775695313 634544461
268758215 675562343
341925360 703666893
939389890 930023623
426534132 477844743
164037157 97161484
75994068 604766463
661129357 954590493
794566598 651698687
318739456 424895490
882944429 726395699
799330923 711473911
8596237 768358036
100156559 8575526
807318281 919982554
248851104 715828163
494959883 696598324
581143027 777269565
45518285 809091152
361686377 762803625
502925842 891260822
163726222 156102925
803136730 250330939
165731445 937952809
32944118 312868083
803451662 529164174
112829867 165116410
437401201 944386942
311700109 487392401
464987730 209972730
958349375 23313768
682956507 708627639
962806007 288483126
452208709 764753508
883350301 557662462
49194172 1512337
933096946 837935276
424920474 448803024
502852713 866961112
806231852 116176175
51881739 514908504
239588449 462520465
980742045 926358877
323438885 482047103
824130889 440381991
232872756 711216257
588450977 664694893
394134416 461955034
688467335 960557449
204470814 761599755
917973466 191679979
355494445 478869951
506958230 591398933
149712928 727886712
186619393 461816350
697179776 49447901
496088862 606224761
742551747 891756282
341426077 647302668
755517127 263477919
156932621 949243372
676031782 962926342
347900726 758773288
649636003 741486938
17413752 440151546
230020450 20905008
130775717 600572157
831784228 127173848
160692427 298389952
854927480 343515245
123716393 976363361
496115340 727007892
581084493 860377545
135334787 524078590
280428896 171231871
618561390 996240677
382561062 989022927
228904237 506683009
701373358 128029647
584974971 188745135
714755924 82037317
763626075 427749009
738295568 408573750
205544625 637508803
127541566 774050354
220416031 442147191
553048094 984404750
410558113 813272908
717617406 397256518
28264522 33409455
627679582 137165218
75908291 520722754
39186664 16296515
955586582 660115178
649528838 265259693
236306701 334798994
255681089 385304526
894116559 974322719
528068056 191309060
409990282 654113437
420625577 488528810
800636850 262955667
39497396 644013841
880776891 554117089
93117560 420659665
387025317 209342336
740600928 948392460
561645679 959582194
717028801 238975374
130551301 549646033
345131751 599962115
498588657 524124114
322920093 76643274
314045493 707712734
714001935 321281445
164300094 3902928
147792145 244989669
99514197 31901822
974810723 403375737
438340716 843308717
710178765 272278882
88963874 828754637
56752263 619916997
573733984 152348544
726721244 827518287
432647147 990894626
103701929 768632759
509522031 248617216
11245687 260032718
307636740 650341967
811288129 942269067
604629167 461147961
158497814 49028244
508579190 953464579
723014290 960534635
240451155 949103236
382072597 802091829
967675421 750076509
916003530 4804754
767908796 875179931
349708896 567549982
252380635 716733744
308696344 388965066
959274647 391767285
239002066 132836043
477011246 193066567
30839428 572626894
465902036 547309935
522720338 669492346
608391928 800026616
910361606 977047392
780055827 400992521
185293566 555160023
845871136 730215892
152240601 899439308
852364708 345776389
170675765 453885795
612478787 453004016
711222234 837956761
825985110 882982963
866665657 768301681
706695093 460929093
693261430 837494956
314387126 866032419
341902286 390710066
333244855 598916604
359812237 45543338
271743174 536610391
869135530 274833179
56526832 464139820
954601852 527683263
783220404 513449447
992004195 725962579
201733125 341884278
624281495 533922796
37048207 262076189
22437166 464470785
866408810 151567939
162354746 829912841
331052461 473288854
391925899 456123805
499147383 917107696
170041817 411190342
213418489 208794380
722299362 222359816
952312892 347111968
498245989 903945881
760764992 634347950
830265346 844675858
22124918 212918182
511546312 222414534
556181556 653902098
134864863 159490945
752137925 346283009
798148442 600840451
145702633 782686513
98119185 703330563
195091759 243572259
438983304 947067125
623761193 152803756
396531866 812904091
903305443 459586447
844651112 575156954
526485597 631840146
494740918 910623241
149231673 201697058
470666046 766045195
396273510 653155155
172499127 413336164
765484776 793757637
429464736 278085002
221897009 505926700
342293282 890528470
537600186 969292863
131899493 883441823
455463355 513693784
187295942 67968905
282978796 274757859
611445046 241646937
460876198 742052012
247976134 23754073
105914878 216199025
111105366 938221537
58012303 619321556
590578234 455933075
831301565 166436765
846014951 314134278
292649200 128421211
601811056 214369567
288553190 464929517
593986775 790956805
684249475 33846248
271472005 384225241
942479121 588767591
911766908 756933318
982027714 944561837
48363966 84425349
349289003 750784354
326513636 720781805
894296451 881787865
484745401 801693412
53604664 789561365
810026705 362896132
346907768 420065034
920686954 519218842
836299240 756143155
207510145 317719737
573677502 400656215
402090646 118747765
673179382 173566368
63159931 6413250
744999342 678251050
874760614 535863872
370971734 547847075
461625549 605539913
900426408 355105908
451797077 930452731
609770174 342859111
87402363 285344236
666818194 481165310
212718110 697819512
40045618 296575372
693469466 180300893
615721113 254375056
560096554 490656667
157515518 652433048
565995535 164962427
141971148 342311301
633132235 548034655
910615478 607122845
