62 21
616950751 607158268
49049225 93725257
455700991 725439146
102446251 683380488
946230410 745207381
246992964 991338318
889719474 270963308
78453914 529812477
772916849 12165586
87192755 570240239
688085063 701778087
30158110 201593484
939002140 235461981
610787940 1908901
968526079 383570868
592636601 323657486
375877506 228586654
980696047 472477409
57561987 759690461
171155849 744497611
456495113 455397595
430296204 248146170
669293395 861825185
854029177 180756541
699860073 51056978
172116398 157870394
494459888 859698627
689241594 843926949
913698602 166180060
45974059 437689481
432584295 386385864
786419668 95579186
881656094 336131530
339339731 592978810
798654805 626829488
562170110 30072533
128136678 594005659
522263915 178068508
840679160 189361348
459506081 767495367
126903653 343678219
605027508 167087846
815577969 593512476
641025519 154618680
558817987 588419643
448746514 895557958
688266990 802120233
480701100 517936416
869599894 970910521
637482091 389169665
242411058 601718265
160586784 90405199
430256321 222102032
454977241 264347222
21215123 792421436
316441169 742285042
60824962 39215521
99961814 284612879
52750698 86994450
470213219 686521727
542343254 117276959
521037772 87431226
