158 68
697667665 4484937
467732450 802794122
347568744 661053726
292799418 890671171
80683453 340405385
856832076 324389561
571404120 291488527
865203624 70830110
413532215 911560313
103997816 384432758
793397838 635680599
20246779 439970508
87316437 19507542
629618583 707448776
831389608 930052494
189858755 132250279
644305332 559531898
586457182 462549540
949559112 256510458
643785081 751724380
294159135 567764627
34896217 24158419
826278502 60935009
254007596 837247713
32483606 374932172
328187860 400010225
182232738 960689200
872931782 559488060
447560685 333317577
487156927 270793101
301626351 577747338
786919130 696466273
321609070 818869330
997127047 297712808
777928060 385023512
563188229 786580023
559686271 226994021
769410016 597423998
820487464 585705833
620803572 241856471
812351547 978420753
975518723 58187105
369490857 858878861
25416377 119218278
397466901 130626808
84334371 476773571
84106014 399443250
332617060 193836454
772021166 50665639
710779019 332556161
992298610 56318206
786204271 956182576
856619982 746839806
819114772 383385215
220685765 530138917
815370749 163182001
973292314 879513047
414811288 167265713
758924993 530137679
568751556 613908745
21521950 175457245
105993540 924514112
655519657 509623992
173475542 891551760
787920249 955481592
818802135 416987982
390554862 100455488
513806249 915921409
961714195 751692839
510568757 614145511
425760499 649118076
586653719 284554006
511231656 538587062
940529648 240106021
93430981 320510299
910184037 545511334
565823541 931274951
429870327 731546712
53114038 80253420
36948712 741261141
843170362 814494188
71215092 243184884
518613727 492325336
954401337 790563649
963678526 257664034
32245115 955758985
337735630 676042984
43364270 534078201
701679491 244088825
438949311 90835863
793335049 954894452
308953384 559443202
337402733 696518614
821082417 717435684
686611779 699448585
798664274 242871617
794201285 516626792
255725079 647380037
862227900 617546426
478768581 796843291
172266419 872566052
154411014 459432796
839707789 277205403
352864444 497264483
623075854 766615630
105106668 966717392
626712419 961143733
275370375 678504022
248077697 994034351
302399060 247558190
107162778 46559076
737947188 531004571
850620106 964585508
877567865 696807751
620820092 979772032
888277897 213706555
921894524 499801236
874788046 422885798
480813310 572571647
178330848 302311359
199668094 641905547
710529704 715169781
211737161 785576635
333176623 134449468
502838726 714416781
700292102 237041000
233326880 383652613
781624594 184108301
315354047 359801804
640129143 61804304
563348510 849402188
296390310 200213506
769793338 46155809
489993878 661863436
868226525 722971308
354200206 478046616
263919320 582733166
921749962 485948183
851063299 99891835
645185443 297220957
932764491 513256336
866768256 814853519
534087788 363406899
236112002 256226817
594324530 866281396
226347108 173065023
466203581 353702097
123439455 961095908
588689089 633500302
592765150 691808888
266189302 83692221
299896166 284524250
138448101 519711604
169595754 468478933
198237159 799489726
2203971 201831629
472469556 962292826
76982628 148057048
