511 210
163867044 747579728
998938768 875508445
798050597 829978281
569614018 776270268
22547588 386315307
425241311 977555245
183284883 66417372
910738336 785987811
260121805 684273471
656368954 46346609
179373920 927597535
170432190 256516178
593642802 444286148
771119727 701907781
264458627 157929299
483346092 109969524
315890961 465011884
34522977 604309854
893049191 245500243
350022386 423661776
710035735 17742752
409022771 831581849
737315067 745253082
112253398 387197044
816627645 679840630
25665165 674898214
338642813 641181422
792206265 241670049
638766443 491386111
394738779 795408212
402280356 484145984
756892810 247393820
891799182 136974837
788638472 398987710
66519108 292890630
526008123 579110937
830659778 871197665
539292189 328357949
482748159 238064104
53856868 931433705
520969438 204192571
958311392 746429937
953847589 942529956
985031612 532297665
159275165 942757822
210095776 390397174
695770755 825973693
708702785 208501937
693311336 42867463
746443317 213013467
10798214 297792730
517825228 124948946
44927181 871031757
845786958 595656684
290828763 759481325
817261540 827985131
696330804 894796754
390999613 217193314
805205890 316199204
118767814 263283324
264558178 526778759
266779439 93322812
669960728 816939155
510982608 509996528
959583395 831980995
660947646 262994727
743985453 343685458
399005339 75451890
498244216 74741352
113561442 91655711
452533816 552181529
570845596 728442743
129164835 629511656
373565015 185497536
699578395 330401779
66970185 14215623
913115535 608770457
994771755 466541333
97936879 85549196
904370008 790538266
298756746 671722903
131291247 45307322
719712578 596376762
438014222 351773617
335472842 869042834
177084879 145983351
449477127 774857360
30254419 966673973
573008794 51763773
735154199 488419655
808756177 869703381
742686882 945648434
811880638 326527069
898936499 211941270
812761671 613963835
965176284 674545887
389038513 274747020
981802405 637883641
18947129 569903286
253189518 404534837
610018847 169854332
640120533 910920980
431845169 456593546
157283646 971450439
271830059 224630867
801174650 833671042
339779301 559125573
497537276 33018149
960074002 979750183
929289020 14724001
476424847 413075628
360909987 858652494
949313130 304989918
941837982 787157211
123826661 833836273
80959735 184068494
87451225 126183658
521386088 222761670
903364121 17649372
597043476 151732366
2903322 913831477
661025447 966620090
37286681 879654818
884071573 898217163
337588263 173389887
27047254 547340518
805826094 13995267
594081855 920818102
479285158 662613535
126404764 280163530
773524224 661993726
657344495 958321368
443652818 827922502
325995304 873325086
113298158 856647397
353404227 754609260
139219037 999620661
486609226 372471171
17897183 475157761
281411684 738823610
237904437 214892081
346464009 133584442
755788962 275943423
734290987 352098442
269153367 147854054
817562042 101797144
402145089 122558816
212736024 478411942
357502195 517546868
42680917 791628624
655478993 504168427
202723143 195896835
231423117 517592007
401625394 13599837
436621978 150702763
884173338 854987349
745539432 265352043
652440485 572841292
159106023 10548841
138592283 311070003
178816049 3777028
46605451 877224977
658654729 109604538
79961899 991844513
998086791 805723762
566798785 635714807
774366665 842752733
345852446 363390183
609287878 828385877
401644589 602044279
485308148 62287683
554669458 273972203
858024805 744574244
393921051 624494006
323615296 922552687
660145121 600911336
686607597 837938757
477032063 99455912
508838044 816024624
415629043 603379549
406447288 390824135
49113295 294634924
878141586 893307528
798428651 392773200
502714242 416303916
824964396 907153031
223113535 597973913
38394776 972354442
752416773 490038411
953069271 652484699
86307905 366919147
845143286 369140600
707566321 422953915
88286717 642066624
419289845 147870697
534748965 483560307
271853254 782342069
670364007 800588926
758827826 667920678
19443116 416184259
182265179 816829798
874246310 598388926
739012847 450426658
42791706 195877521
696337474 169771843
570225178 930032693
824467002 422352265
618026161 30009364
681233527 875969429
160289615 57083653
123436578 580095679
358644260 424895689
602610024 528220220
341613558 151221568
19447656 589080681
278093850 783438136
619230409 173056233
688933945 123289297
146335012 380861474
679297456 376963067
103547476 449127974
444643802 104508773
923837927 781219046
954971148 909552652
428983834 717044603
58745152 158021740
469589304 953703452
476136348 245699354
791396836 446081504
830376813 542074799
208207340 975302886
258918572 255904178
165222344 921018214
468452502 120582437
909331783 174397045
768672407 149878114
234049534 411471189
511014941 322465714
203829628 955878798
45667357 113295245
280886748 306437496
321232010 388078407
851027928 714304764
318014471 541585082
575136218 358367040
812531263 509196409
159714177 93161959
405209014 673040736
751303290 103932523
146189478 868460302
1777586 286814224
509609723 963558590
38723604 732767885
391764191 514825041
799747326 301418729
443370533 116614226
972099485 160797551
544074493 473484782
718116675 92079391
944785935 284618383
389394619 831380336
350008675 481904915
43224787 275730609
500706481 591585828
106643891 815343480
114256631 268007466
397600628 682721308
10626227 792089053
648493101 110083792
25135219 342220053
2056428 354795792
703239242 577757785
808791044 648264467
569995116 862012686
672450823 723144537
947707606 770124360
617314296 418237730
294267997 245710712
617924659 607424558
989578656 397404074
496712829 271174950
499033192 861786326
393545251 365125577
185234515 442838677
8022408 443987529
469053288 300495086
552677699 990384780
8952298 873520261
603597525 562473334
476548442 446637957
643034678 212329502
963098655 411151818
233076448 905725079
115549502 815393457
195238937 675253759
534677656 389989859
480997769 10688587
487490328 387578557
263865534 96411076
510396328 962253490
153945637 274860426
380770033 486361032
898313673 891932673
287607449 857573444
880608706 75465999
865336171 74360034
644490803 137356584
299934548 880593628
339895603 65060701
657910194 218235719
808174461 886479867
314079342 339626767
190257556 726348343
204296855 367282819
747050143 810722645
148257172 639304857
637626638 973112585
672289488 523207107
900806321 840919236
312901306 341454127
849885864 569508704
952003475 340177784
617300498 994428238
180722296 100963335
102545248 406564561
320040455 687412867
87693061 852679965
555903871 17203246
623305667 222591216
639706201 230968710
864578443 217756207
931162182 106594221
592450258 183305194
841575359 147068868
504525966 321323858
296590524 798207898
651510846 847815956
957016591 166221586
850075527 585220487
95656943 581828025
574414718 438233710
161861946 765539214
346116097 340216526
811417504 196684539
463324899 3504254
128224619 476086969
571707843 97955299
709953250 39114085
945644855 22179093
479539549 952752483
860791453 940798655
468234236 788689194
369166392 224180656
297221654 666041657
483861097 345282576
770059314 604897428
919097331 928223980
436906759 818370408
367560249 287113642
466415666 630240851
913713328 989407805
878060649 361835937
740292405 789113852
565547384 950665251
274636050 530589586
452811938 800115243
409321557 168247811
143217734 610517599
313247707 991510476
78184787 794052636
598470087 113842884
245095010 756769289
526509768 671237916
50477814 458662078
405404557 386339489
990887248 496031780
53461496 862345022
51355833 638684257
973632694 364385232
383796335 587930305
807931745 879347510
262291402 380502337
416717657 887813174
779057399 669690390
73505284 769270486
387313441 280134410
380848525 845021080
571774648 309330970
523542713 258818973
443590513 380184724
886788716 735495051
426960168 818646984
212060863 540477612
895196674 813049831
753356884 1697515
293627462 422203355
70538378 828966544
77478093 443339861
471977647 269266106
519986884 74851339
841218977 229832030
887758977 349389197
875472320 760446533
618235359 947817318
179242736 353551947
402695640 101894861
324142614 52909089
615128172 362203112
863943506 281387838
423407854 447135025
418333111 44575024
468465854 738776013
673908432 943316777
946586962 182884095
439041106 454805572
729824546 954215762
500903319 703727855
213100510 727054875
816775235 443282968
490303530 346524774
704525425 967169672
295183508 122262408
933747121 960139361
658758898 496096970
542453061 914286774
149126693 993918125
475613076 254366113
790937694 823979637
750419199 57184522
682442536 285127013
366365710 562262493
13122128 995151814
991544101 163813485
662809995 428574562
43608121 373659375
65338799 92181734
946419777 242565958
230669363 983754336
461326137 830880096
126883175 533414950
273346925 701128803
368158863 667301039
743406898 753877200
880854885 749883816
532382787 497738380
924154943 134858053
853534900 504710335
224594687 706418043
437366187 88334853
698498562 834822448
995729393 405507168
139359298 454975160
476843826 239714774
648060033 747474558
714669874 706275712
495265586 41998705
27829701 326632373
493115350 847413256
826089218 162413047
986480915 256651101
575587378 559901554
874577186 682882136
374896799 126481959
966831781 903057185
548132593 702902171
740944108 552485870
792326757 684803592
687448151 507233442
575911531 225495697
828401829 377960069
303289405 776640786
325756270 628167066
695117896 517206994
938330671 521072048
421236555 422223298
239077976 232547998
127369743 735630413
213543671 473393934
60234376 155592715
76289896 913946213
788974805 101370061
767900132 559603648
392570192 509221385
737441211 89765512
609770912 967425595
833509694 538133344
85102450 929586277
683923983 693094223
74535868 788786496
55562331 257398927
958695903 816355256
770735335 291612203
139218996 197099310
686889978 331508382
432466863 472569789
597566131 12002638
819754351 745623934
212685824 136260663
338196176 629184678
356896063 125856198
302973432 531296569
370377604 294410975
820150419 864551996
294970399 661844147
387143024 823568526
620471540 218592348
71684593 677912925
195478951 948976084
423911609 33791640
871253893 210947454
602382420 195687796
