1059 400
804643545 542337266
347513871 187061464
816618939 553830912
725631775 274684060
55476138 680067381
718401060 781423564
754308032 357418994
968191387 158337429
602481885 313877163
943932579 66649652
571102580 64015293
517446191 584743466
100313077 284753139
804726833 344779438
96438972 986580448
710477429 662059110
319632480 195377600
122369870 999158247
8437321 139027539
968275743 792557089
538337635 332248001
809661288 630161596
676753959 129712671
435161843 512528831
535115356 194425745
130863998 858195194
665701774 343943233
231973826 564297391
271172388 595497589
951407309 738336833
130456977 152106617
784599552 246757643
366495983 40684480
409813093 442900674
437803717 130998749
545877725 943400033
903755957 97634221
754185138 111368516
347750774 318158326
441586706 610563244
925967622 777285874
51422075 541546692
3487370 332489243
540185331 923700213
233292788 520295433
99384600 701471291
794527960 789180242
771165383 725730971
729863841 244863812
150568012 878498478
881528649 812907362
998320628 399094868
623273725 53409781
990401411 650180743
801140737 610531378
391932673 791903785
237382461 618382040
504115195 760943960
105399666 2978923
837819197 368637014
63348642 971606182
113188830 419244238
432530481 535722582
71385418 327107527
944302181 406913861
365711166 491797545
754683716 288251823
331264994 525968463
965832366 472403038
524555877 564639215
802998441 785153142
589831835 200817657
707473120 576529751
213094949 865184472
831521999 474894417
836809643 611997168
999625159 561333400
50243394 595125162
948898800 87134996
467401293 963473765
225862547 706449128
734948749 310911984
220373330 805359614
557805498 159725445
512328996 19162407
224809182 606735535
622535351 598860792
698683480 226348074
853937019 338612534
494324346 504333561
719368095 246570955
101083731 510135331
341340898 736353273
855353474 634615876
620543037 554972034
889528214 95674203
173162219 930830477
975675453 508012468
381537685 23286907
853408685 228037309
64704558 949938048
541115992 913614359
510035598 741383589
440537151 914942433
997401692 73665184
972527278 761590879
654200676 619299632
445639742 296788676
992501530 167949420
730975824 489031041
865800590 142020783
671778637 819267724
737995785 881201512
522814546 486270806
54786994 719124478
824131970 720787777
449563205 816569804
150885400 868932043
381823015 356125348
33256954 855736741
304301988 715863269
848919228 320313101
371381314 812836443
698906786 414650378
150284848 895153960
683269787 659434930
470418805 633786466
795667206 673640127
965477967 657431202
9439220 251960775
626266961 436709861
388123881 507974412
716322932 174281398
30422572 374371530
212259434 627353160
865967112 38496287
849288516 376418881
219719240 166192879
290751531 272317564
328385679 444599354
637957023 721994824
743929576 860734444
770568884 206384285
622296929 673772921
3717687 321962761
48175172 571715203
489555514 576745758
770405551 505266478
229897466 793380862
452151649 31313499
632774225 933792362
912778776 184212565
197167345 384382637
945443125 324594047
183045153 666580886
429571058 632586243
382320120 368649321
367797799 845928386
292891060 50837516
612726609 64668378
883023396 442568773
813384445 414939296
565590783 428324697
110933463 687219052
157909397 874867236
407619898 732663753
237925083 68627757
384798076 48356447
4370949 456351931
570977930 133043077
168331919 77893800
578154753 514175649
535690852 876503955
506260230 890512972
351571004 313781859
536619530 298430830
564639642 14012569
924130515 181380219
404630325 641859938
185943445 448143385
852434566 769943501
956283109 164836864
98490076 25911088
120415430 196787613
139960405 495085439
796437646 548876785
546492326 883087229
45510401 136744624
742410592 767120482
856421840 437043601
102447499 854576027
669173387 734004218
759014891 258615856
127924629 213852925
370241605 643422637
742575914 810633515
626277694 703435771
72251 719896063
981590930 853374752
213876104 754320215
826158839 517023867
998800172 992046284
959723740 826095911
877459320 379337405
49886636 455108234
786064068 399852874
554151352 318818599
476331466 559565890
13600606 805732590
285253393 96122238
405323727 490485248
946782371 981749123
423779274 1118733
983741366 317849387
777847572 71651781
382132014 625944811
298416128 208716955
304325530 223077190
387077745 781904930
336317629 870176399
964164705 414902675
434383350 629924859
36275560 28271109
288275076 437576654
570181561 750129107
154887611 235941181
880160407 669071183
444513141 756854652
886153701 320947334
20996724 639102066
635563924 159902051
569974783 690706530
485004841 612156727
711755327 756186075
471028749 711902504
206224612 1829421
150032713 601450221
488510890 39925611
624576727 187187397
461197233 372487069
491737420 89270499
479972369 233245554
22504207 332310722
536186372 271114662
311358658 388194725
946407224 267065170
301944938 607844762
293450051 468239502
206147438 439016998
766293466 307553178
676073835 310639016
461752341 544033182
275655771 624799302
135813691 889389937
23207729 905049201
527357589 301100003
558835555 39513237
874898380 533504769
429692009 480403171
964438278 598645445
8495749 734496443
793096040 240920500
171344894 34197155
221553029 757957530
392674721 513799120
284368111 778751354
779363868 843992295
799796544 354173019
501742451 178597677
691976826 730064417
403981631 535708007
833418616 905589424
435555119 731204055
12954562 866228927
162791746 581985267
815154632 699322884
546742390 940800859
196213524 518541729
540546935 871519481
496205306 750901011
824215528 845883986
629174900 275331280
193365843 678739152
534748723 685418888
115242291 222495998
404866964 511406667
702666854 832933139
167063035 149175454
604942370 782685071
614761886 968632148
922780381 136905841
31783508 213246567
398814935 884225863
222191357 849571798
571073861 117466225
290512906 114240115
886917679 830490283
37001406 660562915
620556497 3533163
356949526 592517599
807574561 418457627
934177147 346240863
872313588 422366109
871892499 34455665
573997244 253205165
737488458 94452150
808753132 680406721
42929281 602860144
478963067 488821801
123777948 558656556
458530170 652443575
105305594 548434204
850700178 78538994
494332851 144333197
540147153 241288699
454423365 935241298
97388266 320974695
6852814 436569500
593611459 89881210
950607525 84392629
848191171 474737610
864845856 807926085
158163957 728709894
3227866 142727943
75495432 480240670
520855085 738834653
308975347 623673142
303957435 317047510
166036655 375424149
665739069 407200007
26839830 652971215
497894283 479492209
397853410 821190422
748299077 659541418
942278449 386352366
656468676 45957717
175516156 262703943
297866724 562922611
969097275 166010913
147503215 256967830
677836519 644311554
507035837 355083683
222328408 395661933
385488597 249221055
280270066 268689826
372542720 759602365
401614595 632793778
989083075 596063617
228483506 344927680
189369248 313576064
513481056 48826222
73038990 316431146
560065094 5604098
346463602 567230227
404570950 572878557
758205060 704340318
198114803 89522315
182043701 758022577
82803690 567078570
495948410 714800827
473458641 784613406
122268749 836226893
214548165 194819852
472285657 57057104
71489333 304623803
449134610 524644013
503285714 738101493
182207664 592358282
545143349 133552778
821769021 432001852
878870517 996060734
246127906 110993932
87282121 13407529
109873003 107770244
556377890 554035760
678079673 72122203
213753079 773695072
188875106 325530515
59663763 150972333
109232687 429956038
372663948 305171660
93435447 812703732
247141456 592714560
920494988 241162184
265911567 465722083
329256836 106355655
225914660 659696646
844411277 350866815
845764314 472842682
202730553 207960466
795288357 239779020
359264207 88450626
532304998 385053561
743764699 234419415
721812218 480448828
117230429 569355307
186798945 603666962
169213317 318294601
715393835 99331315
723638520 895412404
771559760 936690389
862644816 597132135
449651944 117935192
415821211 273744596
428643107 658244603
530758539 249913037
349562636 190781639
577749667 833078523
917706628 169728170
537578617 188084241
155584323 390543192
570582877 706347307
967631964 323061828
414624577 189286180
465830083 779545256
59460523 769750039
117012617 201697475
198578482 973807452
556488790 348959627
873313000 280974497
45369245 171678156
557538682 966961160
785579255 939245910
447157595 543078482
229961764 312887002
632770585 264991558
796254435 568873311
65295124 635564175
2325454 919724604
144935162 627783724
553255535 193081833
449016646 200469027
724166085 620805896
592096195 158563005
969748703 290418475
713875189 248835695
854006882 808869181
301377633 698935086
511659768 832010592
359272729 961712677
133987958 494941473
686962683 867031557
702755328 127015133
747057977 499876281
990476677 404905919
314196603 97189953
896101287 757409044
476025853 907753695
512655185 121968614
272875491 1511264
26162755 316262679
165654818 299565934
50009206 345123681
922373628 866802008
310692045 945864632
425113556 649498541
552649970 881567061
287082302 124822007
32684301 735542951
202513829 672746959
267658973 820111010
252703312 189423070
600063118 883754281
284581608 480572562
300153088 443002875
242260673 141077850
54391309 154989018
448363914 920044385
849525335 825153263
235264382 357462205
79784814 569267141
654284123 767930688
639324463 742630308
834280366 338168462
349340528 450475941
713803781 238243496
173494269 466378277
580231098 652291026
738771653 929527426
65144303 584228381
972201436 252470332
871071647 149539862
535576999 749289757
646967238 928130760
867238444 856806825
648056245 318701431
276953452 750473608
372607089 835859088
769995951 200022075
479630785 951680715
260793661 731130937
376396004 568704368
64256836 387464103
795056952 77022039
91493781 467150196
28814944 390564446
921571915 649463425
798194010 463720462
845928959 557108562
698651281 786660670
388735152 408708501
26434600 864299561
574837026 412068375
378038039 958523493
54883996 604397039
610611176 565545503
890983685 149381475
580195364 500062725
470008300 606933916
38760061 745951364
337865319 369291737
369890079 730827134
257159077 542298010
629950387 600839703
81338303 794102654
993074502 765097239
37406159 611801843
983955514 189295481
221446581 531903357
334861030 29244108
869601656 40819450
388364822 481455463
682852022 290323063
353934290 604826129
896263903 619159504
536804096 140364306
209654928 210510474
716697980 471184708
282404409 406112230
940253022 159521607
464024849 117511218
85898827 448838964
335878126 64800265
98018637 595408234
607944688 890443011
906165407 403768514
905845182 463315130
835743883 283694336
33503884 344344728
72844892 62712540
770190013 634222581
214900726 608495490
99559283 485302202
570716078 610902364
743251662 919371648
71537610 105957497
831215102 251430063
25602392 96183827
661976816 143543734
551621354 926614407
543456227 884515558
124603856 547274845
241614966 958329725
976133865 955378422
261401875 890606789
29612329 628942553
31332881 76724600
991154400 693684380
627029483 142554436
233969640 603173529
345633417 979280620
236478392 845225578
705851480 53492528
793573537 342949656
99221473 814261705
700894185 914881780
736910434 907470453
501431709 154031212
930967735 637093207
523059327 29854288
405590847 371924894
368609433 200187880
866878653 838502816
243988372 622687043
661128721 936407002
724711704 398607413
42488910 596099923
420484487 577766765
449332794 522956642
357486049 754750735
681850459 450742314
68417436 936059214
985914188 795742108
373827506 239711372
613300002 656890629
620570847 277252718
356954001 761060303
883412572 478176095
91444630 785252604
955851974 454144170
300421198 93518889
181384259 711372804
590313106 166370633
584977485 441016765
996285974 250198529
837955660 726930669
534378139 155407813
262319096 675922796
572656555 841819860
990494793 706366656
642162762 871239122
134413232 426198922
821500243 918416422
177598774 230951609
671401775 17056019
32709143 387205342
309892293 796741337
254860678 7998120
875237018 625044252
671450279 936194404
671369052 807612072
288477784 232151490
405683019 84296266
321153993 206378230
366844577 873624191
835545188 880054144
233607438 608971151
993974987 420678990
615682785 141141584
688824092 651792918
893728478 382816616
299308196 730309546
514899972 985197190
988969397 718827706
508639278 976519081
906307159 140246212
588105385 581914815
588646520 915639023
97627122 275949484
984564190 971819480
135670315 900289203
690662681 521121084
134063083 82224013
85019020 712062598
793749002 403638086
76183227 315786079
679395560 748600510
670232854 30121947
652157461 970766487
689298851 172134383
192288966 704582855
906485145 202947248
129749140 547860124
950654888 38084496
288206632 484207215
389720637 185643664
560809137 824351334
935549194 807145569
307744818 923335595
193194610 86281960
107121532 789477467
470850396 234054454
541282536 519883691
996734522 860626902
177747159 370978308
280283650 750888249
353019677 561261609
85856579 629158183
12182015 483355598
539076330 766202400
249233773 514907582
693546071 136922194
462449263 720344332
586651386 788533462
143593539 350646369
498330619 526167035
295810630 614722046
90001448 505644692
686625124 917705591
89345806 772377227
532165801 858308873
650572016 772181723
546934841 234574817
862412958 846238631
428841223 125987720
703927447 310944602
958549947 566493778
120719166 907228172
730352551 179800474
574168712 816771566
681746860 463207649
119509955 608936985
711857774 742652702
714017239 67068967
763994006 508728895
416275299 901899717
362400881 225885884
486674462 589310848
133144303 395196759
166230027 556616726
777678720 770952773
327012001 413370705
106770117 74527000
937459936 997620028
461946543 222658036
757342725 445337051
359541309 164396090
210925282 938847875
774810516 589902908
526968245 39503465
754804834 489205609
977583597 741256913
201038312 269599123
94893723 416512841
717032138 622024153
748214113 375514952
470151681 810393993
781546153 678174659
498558442 560105638
851096381 365781418
807447753 275075018
178027637 303263128
777045778 214434443
108515989 114996631
759228587 323999016
820380436 173643118
509359495 222849372
855140581 567765120
102401343 986617297
711535939 376359885
863055729 706650031
789629716 253832228
322244230 714144980
5064960 254867626
348435162 982190721
335412391 373317361
22016210 713649108
52542125 441360969
982126217 911818553
27386395 734281245
414221249 752306788
60282393 892212591
427418617 532614020
938363937 33868671
735720729 590311133
801403087 269809187
577076082 836743866
312408344 186182233
27520420 951879353
185610118 366617086
971114734 93837599
381776895 143206636
224941246 476043907
1802386 651097885
775041586 903650613
810005219 929517227
915015900 402384180
817533675 430133522
783305330 246378403
325738937 417170450
435336143 841582725
844566661 568909269
58219407 158337948
890238603 704087987
212208457 356666664
561198958 186742202
366375213 302333887
176054262 827410422
365858540 238021401
19736444 256131748
532571049 624878669
225186289 942710316
646557928 293740375
61434443 572348002
195540275 496537448
902119459 30618656
707928842 196601128
111422606 132162521
220269933 217020014
160437534 654332684
572316183 429934549
832574686 562865430
198458892 533243651
201295950 284637192
897998408 656880679
679979708 876501667
51672419 866442366
317850506 233485430
319141812 901001067
316616327 489298316
741007867 273499473
591810266 292849822
696785585 270944207
926027495 142543998
482593986 778032119
636603201 762466768
592777805 87837142
689237882 88720380
670004182 598357852
266213407 668263856
658465345 181302901
80851778 665474906
912671861 972324952
309569056 622671872
916073477 808479993
183214542 170062928
213653798 733089752
787430530 958688080
103093798 120146728
917715968 768176471
330595305 525275769
322048528 481471266
348631869 349029730
948759243 23615929
790508751 567551031
959432223 424413150
455548812 927602528
28614500 519050066
861984835 165511536
549887874 971044788
973363899 556156717
720321262 953148719
27713805 757860330
454558608 9800683
64267992 836654707
760999406 45661723
145701620 139223295
624016391 625577367
888230492 463849661
809373574 559556582
539323904 644544253
29527529 200187285
863065282 122384781
959011275 758116501
714368297 502853578
18433358 893222869
691453955 177060663
192720236 654939467
265473673 272306085
412158067 705509770
489307424 963186006
903745867 486068101
804882472 253735481
68675948 289242253
698479838 984903506
715855034 936019079
423180222 46574290
190840646 162057831
721731529 611609370
97087614 783269997
274704140 958839653
877799328 6722305
378970530 926061399
680902658 795800593
369560499 811987046
288784959 293760384
351185018 222497175
783641269 903574311
549698284 791785441
316900234 551281176
752111850 279060462
338673634 902385263
928244445 387969067
855076988 224411869
847569169 936060464
355292947 202284696
779313898 138272446
577215242 216166995
728513869 700065168
54364288 423840140
979765200 846556956
654576347 882244737
436267530 63556553
32931817 966769471
624880686 180088743
980824999 464155792
636987226 980852015
166432974 28031187
366707608 67629349
288685212 688254376
447340449 473222907
469863676 930241265
356804689 117852005
6995660 532654997
424476180 649617673
808183818 36326011
414396273 356698086
829020081 969682732
50766962 524123610
171447686 972609406
186444084 942639791
741188788 828418741
267429648 887277845
211589241 360072478
617904421 160416678
696017616 790066871
741015294 145564692
875487485 762311324
8446414 916665244
203770952 928281237
582891488 481913110
262882492 98759457
296164804 164962298
864505820 137258729
184223230 909734543
287907957 343029200
979328487 173154447
265454288 252314471
677591261 794017984
329451455 928765944
263963911 312447566
728271791 660822308
291269590 195225682
818248894 919198121
608080205 95581694
106499266 725816461
523316739 955209452
627564977 661604812
822600730 520518363
205657313 400214561
630018078 789094122
209506794 344211992
284573573 386418914
426710912 996536328
396849400 773051227
650462960 600567441
619991303 140293934
918213524 195156218
540014732 525112581
206856067 65233449
421558120 985555508
863259739 23542442
372744154 64649979
426341480 574675479
181000345 437805523
524445921 719598804
562920247 805873789
659780875 528514027
636024015 248544854
323358635 104139876
907234570 391679788
625764169 778845980
158781153 634089799
540680943 330694099
51958409 106400151
702148870 299130829
645714092 44833708
188826959 655243434
1544830 419491066
788031119 799176169
607905066 289093307
231085391 174172291
73661889 806915997
904758077 399045955
806566056 686130775
599573087 315612486
682889676 372960208
186036558 452254090
830061735 64544215
398869921 237535063
965196652 952438688
544888174 617394927
466866124 845070689
273026678 185353878
791443595 311736211
99146540 317401382
593111434 150947591
160707884 292469884
160546233 786844813
387387408 796910377
563895326 874329651
566551884 269099157
311560496 197540516
513627911 90754430
774270677 893860464
36400727 917891726
148837118 159067738
621826416 350387230
138849741 186348974
739872776 439262356
735525114 976176324
520159788 140090149
728212383 404602921
935821250 45018488
678086500 149082756
850250184 511095648
695815914 603822800
624542223 485784605
198117417 146903633
927958813 889302648
930861844 190561492
875165923 715886350
567653636 511336072
270059402 71047971
580582683 841106212
157485475 68771798
370271238 541836253
865049424 911437016
699669743 90241068
504547553 996711323
742676073 783273901
446552465 611025920
805070697 526700015
485649714 640431587
350108407 288017034
384210396 859186495
41143472 48221601
778959518 237503238
353771994 156627903
319659365 476274299
993160852 426968429
598790799 652715935
39629611 174827575
344128898 611759278
926418002 515175849
354642845 119338434
95289910 459113219
339398734 1767449
373702905 781245936
697428474 617075485
745343248 899388654
85293330 267021185
545647554 508104390
542887365 180697374
85386984 844195357
874589273 740954710
996485513 908489537
753001287 832732003
991113520 912607624
670156165 857820470
341999317 615944189
903298195 764273466
921217207 36582173
289346833 701891135
596948948 495632678
967252458 849875130
781509011 838529045
707098071 921401007
876030475 485706938
808558814 575659316
772510691 231097198
331898384 844659712
785421738 227797077
87877959 984189703
803933004 689644775
27724552 300810100
821229773 574303436
562721960 295316679
626825322 992590568
730244136 343991328
486662485 670518712
787468051 449119892
307816788 350819789
737026351 807207183
641504896 201210252
905059614 935236342
49752033 754543794
139199050 370988755
805488104 564144227
562773525 922276402
649157203 54489977
405934883 621979636
751396891 187134925
981503314 881694214
73354933 764024640
833344992 397860873
744269748 940553987
861327906 612392998
738679668 819788152
