70
813570282 737679291 871805428 243247474 850832274 808814168 938506297 152358080 765491163 683681298 602864577 354698692 654176667 96760167 485868780 538013351 141940745 646746190 838342806 79935591 342014264 329912903 844490220 123034078 191406690 380357129 648538281 572143713 994441916 134751092 187984696 656020531 940720864 83298331 920381073 391867886 436543990 573305351 772260117 684424218 932639446 594521411 147819757 307153595 444720525 695412843 12782870 418028120 64948985 62480956 640236399 559124210 40266493 473259064 948065721 768912279 403350253 686142520 953229849 459477654 914083476 643402000 10812730 180921079 630382171 511221405 
601144531 252595680 159105892 291436421 320643262 176851718 808992412 841067381 241049948 272269618 689554365 926571359 538789299 903041035 854000021 181382642 399086485 996047641 662788263 947814119 448795237 232309549 669878494 593728384 178342447 515594832 129205570 474067825 47017487 294690715 441638631 459175711 957122196 555444147 806980208 415969331 457585830 328785321 691073784 240692181 600447951 813971906 741139765 528141296 320866333 956861342 606847302 820424927 43777517 868121878 482465887 723324890 489587086 551586729 636367867 19744566 490746987 737401882 861456455 55793502 315818053 307770535 437038771 764251025 
611859568 950580245 468200989 833991440 95140479 436365553 587790061 637630288 868111269 840145009 424753119 962216427 432583099 179460806 620499485 551236402 871682334 123137709 150181402 704967810 947490335 466150148 223943735 77968558 216059767 573311591 408123308 739637865 880167909 753443827 4374001 811931688 354050167 276778278 45577705 551668729 986802494 903556155 593427171 948661807 449388886 251620403 95791964 907123743 989189194 653793747 210582756 692364916 211767038 128594320 233576276 868528543 315851832 949720266 62399990 22911396 993753198 780296006 905231931 226137837 702092812 477164653 
135620982 942114667 573369482 52749347 516399794 914282104 705494895 95877634 938484152 113570149 754012195 687651160 937283702 130959743 974464098 793827641 809709035 680863975 425397745 37827644 548307453 27943210 133798908 479389544 120106309 499390892 930752520 254410898 777403433 625190656 254312398 242222809 953476032 289305440 326434636 562845427 396404140 941776816 568119975 657966547 880254016 628307115 991635496 821451839 602846070 183268706 130208044 757084404 20390861 194704007 196649432 297720818 927760204 770472932 820452372 110824350 8509949 559297671 105717902 334438092 
42000822 188906504 240619732 579481187 631413504 721425598 59104013 356333668 956379600 901811064 437151617 510556074 161973053 373358303 512701168 404216438 787401992 776398505 766717687 43167061 717034356 360090188 296970729 183318655 70477206 687363133 842936129 178363824 328411054 95146205 827683506 107903646 868703416 57829677 823820371 945660267 146404654 174798357 613646522 165208204 31937454 611914570 369461978 493425061 631777599 893802644 411527586 997435759 182962817 521991241 924611171 671079292 639203364 310122835 518077971 155330504 630868883 198487146 
485122021 508391930 234274711 624377007 495901145 208934481 812984726 726722065 730341912 854522120 315885870 915797839 447645266 837042339 478694613 360501917 703086345 642963765 917965910 310776526 723800755 139403054 756350258 878712370 625873729 121371772 334762629 128819352 339008107 976416266 117656168 710898374 924611612 960673503 482216555 992013750 807168703 971775135 463600450 771247741 338735803 677437436 706948362 239286714 648075399 436091238 896484069 521263729 44019250 599619841 626391505 176247555 725685602 25710207 747129760 651637928 
780945179 535752326 26498684 284744491 900420838 181909897 462948229 109976822 527589574 425420570 798590828 437588936 902107510 148627003 29566794 152177171 237483125 713112264 412460101 479049651 478902200 833097476 198625487 146231948 7923495 696174236 832891328 179745021 211104643 952610295 17852588 739018322 798898663 134741167 358673638 191520759 558872475 121516852 969267038 519897707 663075805 839378261 971815239 365371781 472559877 914489306 983534832 110287932 333838513 502626668 525046800 912662547 335367423 438291921 
857631187 764534090 463317033 951969276 198178222 722268727 658915200 308514215 650506402 262155719 164901997 536970173 130631447 740371632 120529242 74517320 24576052 968819336 652067916 747447533 742417536 443626981 480088959 726782128 651474636 564594653 645807515 414262942 894949549 94966337 152952979 819018355 131970491 292724673 887937211 723780431 405880347 857595170 163940900 565442265 555957101 621052793 751076984 235591495 852983715 47583368 392117890 316046701 733044347 535610662 231942593 375585993 
904711601 478676085 673917806 375045835 434317293 152032647 527617022 865448242 871707708 924726060 817089055 876870763 255143369 969582124 302596183 34735735 164641909 371836122 580253107 72266382 704556194 648048949 75893469 506356131 85264863 156770561 476894152 560673783 599569258 311352331 700431101 556263524 189144874 463208870 194617873 989464510 768078120 743331520 398578145 522634060 210072129 416076640 816857926 962663130 579671715 323999123 201984892 779737755 464089129 318529163 
88902936 667897212 604218616 173606464 244485184 576383810 874990927 784174045 704694834 381201828 957614396 729870655 764766266 951684447 404811710 207617203 665939346 900398536 652198460 980739412 266457397 765384947 130031876 706122240 241898976 246079215 604497725 437760788 548079202 229952380 519101925 758570307 249304018 544959536 51777304 659942505 898156923 556872212 567577144 197649526 256120474 613937312 894157772 894137738 702834188 361711925 536908156 574714463 
45603291 39108967 206725195 1002721 895252790 277228432 193158038 209892724 66466236 708255224 139244913 537467819 872401478 139531530 727634756 3952285 809743864 598066688 250552003 431419965 600481549 276156911 709715530 354689472 631791836 821032020 348130711 976300360 524942841 806597885 940303233 677500467 201345954 931821477 844675866 420977746 201812053 698981459 686382899 477328288 483362078 626000189 903359900 220144601 156344953 23087343 
830850397 156718211 962352775 951903256 576093506 716449819 17295257 195980575 724648613 360245305 65143387 710984362 781238179 830617718 602042906 28705690 953103457 634558717 575734887 853609167 84527225 280201271 640874024 232685626 709383437 488191220 362655415 989506286 499416121 590944838 715366658 104860290 608357020 495026251 617592935 129247071 165604623 348236332 103791421 624751906 942235532 213180239 90823980 789536893 
6648272 657560503 204436718 157594776 267107755 946999988 68630502 108042216 622262088 611816771 689549922 81489231 777660065 773409895 496769883 457498981 142592584 937585936 730812958 919728598 513834676 760523235 27336632 372830798 48510380 375898481 714566606 259595550 938897674 325138969 683827805 487927229 518598079 997823516 886942423 174936925 432628737 710818508 295616067 338098253 253254908 294772172 
987054002 961322826 164474726 719880285 874940063 813685285 840516384 712090612 164112311 346171254 776840409 622881208 304884823 31928711 305650574 801643273 667129018 107291133 945397046 687014537 544845502 54416221 180759083 32656886 121239223 160164828 87087201 268781155 406591899 126240770 273722755 150545160 516049500 908142163 855094495 351933039 934085984 218809202 887020055 862565733 
294472006 324116241 996828583 399426221 379204820 294944915 109131071 17692660 14081842 823762130 338312007 209844259 645894877 416005254 452270699 166479600 19874971 931735266 565434965 616264444 86883433 333806663 921843959 780844477 171333567 508224928 783723275 504053745 332269559 520370970 888702636 333546150 371779301 793784263 684314818 372788308 940221456 88981605 
59501013 709083061 507489068 735403891 85411216 642728247 809726593 446571463 548169772 730196866 693800106 394347594 317471149 431099402 367512128 347840915 133114905 534701754 398983597 56287582 708458267 282343599 332482752 889626454 711673111 686661480 446755530 174663261 135852883 462789210 169183981 384232138 651875942 462077582 872582162 433454139 
116104604 16962412 67816120 814191372 641323667 963687636 228528131 202906128 605115122 321620874 769665937 186028784 955786054 839314355 533484189 59140436 917903166 852959894 677961588 353904225 719766292 761149124 125357721 852370326 464602837 370640515 522740212 463691554 30814537 359903102 770594910 174413273 606662187 805908621 
89001800 727128561 88507906 935095039 223009556 40595672 831027457 860059284 294219057 864646682 291508857 776793355 69637449 416997657 349637010 774922411 934780078 512279710 830783880 35380994 873237373 307727502 832324753 797265178 662833129 515323595 125039169 383282359 315703972 451493420 774080393 600040335 
780367546 221160927 691859578 151574140 940025746 173489355 221139456 562914971 664430939 995926885 435170098 5314044 973290731 522809297 602296259 637103225 159300401 863652856 545939970 51361120 80085403 262551497 602885523 705944716 370518604 702739084 135318321 717856655 20649572 883928538 
175766365 61024789 871426516 498865942 793148566 623030168 248415841 58018410 633899449 504117956 288945013 498140696 853566788 173644009 173442466 453765286 717181777 518794401 322790346 458448733 814260975 997633442 304077058 959744218 414644662 490809221 935496764 776902821 
881201886 816300045 957222307 525278464 275791458 531433695 733929704 799457935 193644216 360119996 880042403 45591258 189669093 123058031 646621280 37614990 143324097 199903947 667617192 390281808 711884398 505310369 286716135 42171281 648576459 801792757 
866045841 494120956 293732560 400604203 209087509 574523631 338926838 177059665 827155708 908699779 388444986 64870466 941840485 73745780 259503287 209611671 642313774 471805125 13485956 709994608 456793384 373818387 381805915 341264737 
762938866 542478829 296611667 897034077 400974068 377598810 328697764 853365571 452661419 509227275 226800726 929644018 613376836 799909162 741032748 100987085 969106958 822323833 80269743 439006841 697462145 862809770 
195494687 296839937 621457203 148192985 661696204 490603719 119182613 507042909 256300693 3521353 652059543 402612146 494426025 766945697 30099499 925364761 579301965 159408330 552727706 709498341 
508857849 295300766 281483136 456906272 497544791 969204165 362441402 867602739 280253557 296191256 785173512 404731251 228154698 498882138 333389468 847822146 969716244 776754068 
160098832 244038901 742636727 215509433 781891441 485624224 819574111 491287554 526009749 998015513 234242596 247004262 496296715 809460920 237564021 392062291 
153292549 650452076 470643280 920376590 3628322 531494217 843037727 919946748 694421747 917358810 540305514 487962111 320711765 822477718 
156456256 537190059 92401502 723310156 41471225 340460141 673041526 147398269 965860989 664973940 698288796 415191519 
825074371 639021511 489231243 855960428 355762229 70544433 376731877 116139601 424134755 146533807 
965340778 631054203 214217392 733856653 893046989 410538844 493199422 467670623 
912250044 438345247 846669171 780575940 862077956 655677097 
836322930 865885165 997535166 870963836 
852276684 904918396 




































