1000
1 688
1 311
1 344
1 748
1 654
1 350
1 368
1 154
1 639
1 899
688 322
688 741
688 246
688 945
688 992
688 648
688 787
688 329
322 392
322 464
322 773
322 273
322 836
322 317
322 875
322 9
392 806
392 474
392 979
392 666
392 404
392 961
392 636
806 157
157 448
157 41
157 672
157 852
448 153
448 926
448 471
153 554
153 473
153 374
153 894
153 679
153 508
153 321
153 954
153 896
153 200
554 348
554 800
554 285
348 199
348 584
348 764
348 198
348 941
199 46
199 668
199 319
199 48
199 105
199 297
199 97
46 444
46 532
46 172
444 383
444 72
383 895
383 165
383 734
383 253
383 294
383 653
895 191
895 906
895 888
895 742
895 569
191 74
74 775
74 274
74 403
74 986
74 209
775 898
775 695
775 465
898 798
798 486
798 479
798 525
798 436
798 118
798 665
486 840
840 466
840 292
840 18
840 523
840 617
840 433
840 363
840 434
840 814
840 180
466 223
466 1000
466 677
466 591
466 563
466 373
466 60
466 2
466 686
466 360
223 36
223 304
223 425
36 364
36 497
36 624
36 357
36 561
36 120
36 542
36 721
364 830
364 754
364 189
364 535
364 546
364 416
364 234
364 168
830 269
830 238
830 776
830 782
830 530
830 354
830 216
830 573
830 71
269 427
269 883
269 467
269 946
269 89
269 692
269 137
269 505
427 917
427 550
427 809
427 37
427 184
427 882
427 983
427 612
427 33
427 369
917 544
917 988
917 235
917 634
917 203
917 861
917 10
544 663
544 914
544 282
544 533
544 792
544 571
663 616
616 106
616 61
616 629
616 312
616 147
616 536
616 770
616 278
616 684
616 564
106 276
106 976
106 911
106 950
106 327
106 225
106 839
106 440
106 423
106 77
276 490
276 240
276 579
276 674
276 197
276 133
276 132
276 230
490 141
490 658
490 610
490 606
490 163
490 718
141 691
141 851
141 722
141 252
691 446
691 275
691 314
691 347
691 428
691 608
691 935
691 582
691 345
446 100
446 187
446 767
446 647
100 925
100 510
925 29
925 590
925 220
925 690
925 331
925 724
925 912
29 948
29 370
29 13
29 117
29 498
29 455
29 480
948 409
948 580
948 445
948 818
409 227
409 656
409 333
227 685
227 439
227 897
685 581
581 375
581 185
581 160
581 517
581 242
581 876
581 637
375 835
375 470
835 175
835 7
835 381
835 751
835 794
835 49
835 860
835 749
835 336
175 850
175 603
175 51
175 981
175 975
175 398
175 82
850 750
850 646
850 359
850 864
850 86
850 500
750 422
750 589
750 90
750 511
750 701
422 687
422 698
422 547
422 26
422 288
422 334
422 482
422 739
422 825
422 382
687 735
687 66
687 415
687 337
687 844
735 161
735 456
735 233
735 156
161 201
161 454
201 457
201 575
201 816
457 595
457 949
595 21
595 849
595 997
595 296
595 399
595 788
595 313
595 985
595 110
595 342
21 394
21 596
21 727
21 367
21 982
21 833
21 671
21 167
21 702
21 395
394 812
394 96
394 111
394 164
394 696
812 391
812 785
391 740
391 805
740 307
740 397
740 78
307 732
307 219
307 254
307 620
307 380
307 362
307 874
307 236
307 600
732 657
732 541
732 837
732 108
732 93
732 476
657 341
657 651
657 543
657 205
657 204
341 179
341 346
341 99
341 67
179 834
179 928
179 838
179 905
179 725
834 645
645 267
645 414
645 94
645 712
267 135
267 255
135 149
149 747
149 529
149 330
149 659
149 933
149 605
149 719
747 107
747 39
107 736
107 552
107 324
107 320
107 217
107 746
107 113
736 708
736 139
736 908
708 366
708 194
708 129
708 250
366 190
366 827
366 583
366 819
366 923
366 79
366 704
366 843
366 922
190 756
190 826
190 332
756 859
756 572
859 459
859 301
459 452
459 388
459 306
459 64
459 257
459 289
459 266
452 460
452 813
460 213
460 432
460 142
460 570
460 673
460 69
460 215
460 772
460 678
213 451
213 58
213 453
213 293
213 990
213 424
213 779
213 622
213 871
213 869
451 28
451 644
451 408
451 283
28 102
28 469
28 502
28 832
28 270
28 295
102 989
102 83
102 752
102 25
102 63
102 174
102 472
102 641
102 173
989 953
989 527
989 507
989 929
989 262
989 358
953 495
953 761
953 290
953 421
953 841
953 261
953 237
953 987
953 991
953 618
495 737
495 847
737 515
737 125
737 291
737 642
737 338
737 208
737 858
737 879
515 822
515 534
515 901
515 714
515 516
515 11
515 649
822 17
17 512
17 260
17 559
17 815
17 124
17 783
17 729
17 715
17 628
512 613
512 846
512 378
512 614
613 325
613 263
613 548
613 458
325 122
325 803
325 903
325 884
325 887
325 972
325 597
325 134
325 694
325 91
122 162
122 588
122 8
122 326
122 372
122 557
122 555
162 256
162 176
162 245
162 417
162 760
162 143
162 574
162 939
162 824
162 207
256 485
256 631
256 670
256 50
256 47
256 697
256 763
256 706
256 910
485 351
485 88
485 771
485 778
485 757
485 251
485 904
485 232
485 437
351 22
351 705
351 568
351 68
351 509
22 5
22 829
5 56
5 38
5 937
5 623
5 560
5 808
5 733
5 957
5 942
5 57
56 463
463 853
463 496
463 272
463 920
463 12
463 300
463 384
463 115
463 128
853 196
196 528
196 549
196 309
196 720
196 545
196 781
196 14
196 831
196 662
196 766
528 996
528 405
528 652
528 280
528 723
528 726
528 43
528 411
528 599
528 768
996 188
188 92
188 23
188 862
188 136
188 171
188 784
188 386
188 182
188 823
188 410
92 305
92 709
92 934
92 20
92 890
92 802
305 633
305 298
305 592
305 867
305 352
305 158
305 181
305 365
633 52
52 522
52 412
52 152
522 602
522 932
522 400
522 793
522 627
602 462
602 743
602 499
602 956
602 587
602 138
602 148
602 918
462 206
462 310
462 178
462 335
462 101
462 281
462 318
462 553
462 576
462 865
206 506
206 24
206 145
206 886
206 271
206 594
206 567
506 807
506 406
807 315
807 489
807 854
315 799
315 526
315 927
799 286
799 669
799 774
286 632
286 59
286 970
286 121
632 693
632 655
632 999
632 16
693 699
693 385
693 323
693 940
693 42
693 155
693 487
693 214
693 664
693 998
699 442
699 441
699 804
699 980
699 438
442 703
442 264
442 745
442 87
442 268
442 964
442 769
703 112
703 3
703 192
703 226
703 965
703 558
703 435
112 493
112 866
112 27
112 915
112 177
112 488
112 193
493 150
493 131
493 994
493 221
493 625
493 630
493 35
493 126
493 626
493 640
150 689
150 503
150 921
150 969
150 667
150 977
150 993
150 468
689 239
689 447
689 539
689 426
689 316
689 481
689 786
689 265
689 952
239 604
239 387
239 328
239 951
239 475
604 711
604 210
604 407
604 73
711 551
711 484
711 159
551 931
931 872
931 55
931 449
931 962
931 907
931 619
931 870
931 755
931 75
931 70
872 585
872 943
872 889
872 820
872 166
872 343
872 968
872 114
872 848
585 650
585 413
585 598
585 857
585 248
585 520
585 144
650 681
650 963
650 302
650 578
650 419
650 944
650 377
681 537
681 556
681 845
681 966
681 717
681 229
681 821
681 880
537 353
537 379
537 643
537 607
353 390
353 995
353 65
353 892
353 955
353 810
390 638
638 80
638 885
638 249
638 15
638 212
638 119
638 635
80 919
80 224
80 863
80 431
80 244
919 930
919 501
919 900
919 730
919 797
919 973
919 259
930 402
930 615
402 340
402 978
402 195
402 891
402 958
402 577
402 371
402 791
402 376
402 241
340 967
340 971
340 601
340 902
340 483
340 450
340 183
340 909
340 62
967 513
967 660
967 339
967 562
967 202
513 34
513 393
513 222
513 661
34 855
34 170
34 287
34 738
34 683
34 277
34 868
34 109
34 81
34 430
855 936
855 744
855 146
855 44
855 169
936 521
936 538
936 790
936 759
521 303
521 151
521 518
521 284
521 531
521 700
521 279
521 127
521 893
521 758
303 984
303 30
303 461
303 947
303 611
303 938
303 524
303 707
303 680
303 243
984 84
984 586
984 6
984 710
984 916
984 540
984 491
984 258
84 494
84 299
494 45
45 913
45 103
45 308
45 19
45 389
913 85
85 731
85 795
85 924
85 443
85 420
85 765
85 418
85 116
731 682
731 356
731 856
731 123
731 881
682 95
682 492
682 53
682 713
682 593
682 401
682 878
682 477
682 566
95 40
95 817
95 609
95 429
95 349
95 76
95 504
95 247
95 676
95 140
40 355
40 959
40 98
355 4
4 218
4 361
4 130
4 796
218 716
218 780
218 828
218 519
218 228
218 31
218 211
218 478
218 777
218 565
716 974
716 877
716 728
716 54
716 675
974 960
974 514
974 762
974 753
960 186
960 873
960 396
960 801
960 621
960 842
960 789
960 104
960 32
960 811
186 231
