1000
1 343
1 163
1 228
1 568
1 183
1 687
343 218
343 865
343 19
343 736
343 380
343 924
343 517
218 777
218 976
218 881
218 457
218 142
218 947
218 220
777 599
599 885
599 717
599 932
599 560
599 690
599 234
599 518
599 907
599 675
885 166
885 386
166 246
166 423
166 482
166 672
166 794
166 550
166 14
166 534
246 698
246 786
246 348
246 847
246 520
246 969
246 286
246 154
246 805
246 720
698 336
698 208
698 172
336 356
336 118
336 434
336 806
336 788
336 131
356 610
356 284
356 999
356 879
356 1000
356 942
356 396
610 426
610 53
610 978
426 795
426 268
426 872
426 238
795 471
795 353
795 277
795 299
795 752
795 601
795 269
795 475
795 656
795 577
471 469
469 750
469 420
469 760
469 442
469 824
469 673
469 440
469 985
469 362
750 2
750 619
750 595
750 454
2 996
2 739
2 90
2 984
2 237
2 85
996 190
996 171
996 660
996 957
996 835
996 971
996 34
996 515
996 640
996 578
190 600
190 381
190 808
190 366
190 370
190 614
190 195
600 592
600 202
592 663
592 404
592 650
592 391
592 222
663 203
663 29
203 694
203 255
203 582
203 878
203 863
203 537
203 608
203 16
203 552
203 850
694 239
239 15
239 722
239 938
239 939
239 323
239 545
239 876
239 463
239 313
239 654
15 450
15 839
15 507
15 39
450 573
450 659
573 633
573 24
633 409
633 923
409 278
409 347
409 104
278 704
278 334
704 900
704 928
704 236
704 692
704 460
704 691
900 842
900 399
900 591
900 641
842 448
842 512
448 295
448 152
295 132
295 441
132 701
132 613
132 273
132 155
132 379
132 952
132 114
132 143
132 430
701 621
701 137
701 699
701 188
621 496
621 267
621 510
621 209
621 929
621 275
621 121
621 198
621 150
621 644
496 473
496 638
496 508
496 394
496 31
473 56
473 6
56 115
56 474
56 147
56 910
56 317
56 855
56 47
56 738
115 351
351 258
351 925
351 886
351 933
258 572
258 79
258 49
258 279
258 453
258 896
572 436
572 232
572 445
572 3
572 551
572 945
572 585
572 506
572 998
572 257
436 83
436 981
436 669
436 832
436 685
436 964
436 354
83 219
83 948
83 233
83 864
83 566
83 38
83 826
83 710
83 937
219 95
219 32
219 481
219 916
219 461
95 882
95 397
882 944
882 540
882 639
882 889
944 5
944 830
944 581
944 812
944 87
944 617
5 873
5 477
873 69
873 765
873 60
873 125
69 972
69 148
69 946
69 522
69 727
972 853
972 297
972 536
972 961
972 817
972 731
972 596
853 105
853 655
853 439
853 261
853 266
853 117
853 316
853 686
105 813
105 940
105 782
813 173
813 671
173 371
173 185
173 598
173 792
371 205
371 13
371 767
371 235
371 511
371 20
371 216
371 144
371 146
371 783
205 753
205 749
205 574
205 708
205 677
205 918
205 844
205 773
205 133
753 843
753 158
753 309
753 676
753 91
753 300
753 553
843 403
843 418
843 737
843 770
843 778
843 419
843 485
843 177
403 486
403 570
403 413
403 194
403 333
403 883
486 679
486 530
679 745
679 318
679 265
679 829
679 535
745 315
315 153
315 242
315 303
315 743
315 468
315 586
315 61
315 643
315 495
315 502
153 470
153 898
153 62
153 54
153 215
153 821
153 616
153 642
153 390
470 410
470 715
470 322
470 888
470 901
470 544
470 713
470 509
470 810
410 199
410 260
410 326
410 869
199 182
199 733
199 74
199 635
199 519
199 666
199 141
199 983
182 264
182 603
182 781
182 780
182 936
182 476
182 281
182 80
182 51
182 943
264 774
774 187
774 149
774 684
774 904
774 472
187 921
187 138
187 55
187 751
187 385
187 25
187 176
187 449
187 243
187 579
921 388
921 612
921 122
388 909
909 73
73 139
73 490
73 407
73 609
73 140
73 807
73 707
139 719
139 241
139 766
139 846
139 231
139 711
139 967
139 828
719 358
719 941
719 922
358 674
358 759
674 161
674 664
161 46
161 291
161 170
161 915
46 346
46 523
46 30
46 401
46 877
46 714
346 196
346 400
346 557
346 427
196 959
196 201
196 956
196 211
959 17
959 28
959 732
959 330
959 67
959 756
959 272
959 89
959 43
17 134
17 289
17 735
17 373
17 377
17 897
17 129
17 127
17 747
17 157
134 331
134 576
134 730
134 930
134 107
134 109
331 966
966 456
966 726
966 994
966 223
966 977
966 857
966 369
966 462
456 225
456 292
456 705
456 790
456 304
456 27
456 186
456 723
456 298
225 325
225 771
225 709
225 247
325 84
325 251
325 328
325 911
325 259
325 395
84 433
84 42
433 435
433 359
433 341
435 647
435 589
435 254
435 387
435 464
435 256
647 721
647 503
647 951
721 123
721 838
721 906
721 422
721 335
123 459
123 21
459 748
459 962
459 70
459 526
459 575
459 156
459 697
748 541
748 620
748 446
748 580
541 492
541 345
541 111
541 564
492 880
492 429
492 516
492 953
492 796
880 184
184 841
184 306
841 361
841 262
361 852
361 274
361 973
361 524
361 649
361 424
361 250
852 479
852 975
852 758
852 72
852 891
852 561
852 682
479 593
479 905
479 668
479 44
593 802
593 798
593 376
593 307
593 360
593 93
593 908
593 991
593 48
802 514
514 11
514 539
514 293
514 851
514 990
514 555
514 670
514 179
11 135
11 26
11 106
11 615
11 8
135 244
135 364
135 57
135 532
135 159
135 725
135 375
135 37
135 412
244 248
244 695
244 822
244 383
244 128
244 207
244 500
244 845
244 950
244 548
248 36
248 76
248 458
248 678
248 402
248 181
248 367
248 425
248 630
36 624
36 444
36 63
36 587
36 487
36 744
36 858
36 772
36 665
36 968
624 329
624 834
624 180
624 559
624 988
624 178
624 372
624 992
329 895
329 240
329 528
329 374
329 10
329 917
895 414
895 820
895 871
895 287
895 986
895 193
895 934
895 263
895 411
414 927
414 365
927 288
288 389
288 33
288 605
288 497
288 108
288 628
288 224
288 827
288 870
389 629
389 191
389 305
389 982
389 280
389 769
389 168
629 607
629 432
629 606
629 811
629 339
629 866
629 357
629 861
629 651
629 696
607 926
607 890
607 632
607 344
607 393
607 893
926 120
926 513
120 814
120 408
814 987
814 94
814 634
814 78
814 478
814 368
814 438
814 77
814 836
987 145
987 913
987 800
987 954
987 833
987 227
987 484
987 825
145 547
145 801
145 646
547 837
547 849
547 955
547 102
547 623
547 327
547 467
837 702
837 949
837 465
837 113
837 741
837 558
702 662
662 18
662 884
662 791
662 688
662 963
662 337
662 52
662 504
662 417
18 712
18 980
18 716
18 636
18 993
18 65
18 803
18 567
712 667
712 384
712 421
712 784
667 693
667 823
667 645
667 382
667 840
667 82
667 569
667 919
667 763
667 618
693 197
693 902
693 521
693 392
693 979
693 809
197 212
197 974
197 428
197 602
197 958
197 252
212 245
212 64
212 167
212 848
212 894
212 793
212 542
212 789
212 249
245 494
245 761
245 164
245 920
245 175
245 718
245 611
494 533
494 229
494 706
494 324
494 892
494 989
533 816
533 680
533 363
533 321
816 583
816 314
816 648
816 899
816 588
816 860
583 562
583 703
562 302
302 312
302 815
302 653
302 230
302 493
302 622
302 742
302 308
302 549
312 631
312 151
631 398
631 799
631 935
631 491
398 283
398 160
398 338
398 995
398 99
398 294
283 45
283 319
283 762
283 652
45 657
657 192
657 734
657 531
192 819
192 342
192 189
192 271
819 350
819 355
819 86
819 661
819 818
819 270
819 40
350 965
350 594
350 59
350 831
350 931
350 597
965 859
965 538
965 68
965 296
965 416
965 757
965 740
965 546
965 776
965 658
859 543
859 285
859 101
859 35
859 116
859 729
859 875
859 378
543 126
543 960
543 174
543 213
543 136
543 98
543 755
126 501
126 349
126 320
126 451
126 626
501 681
501 7
501 437
501 206
501 571
681 119
119 527
119 58
119 874
119 499
119 775
119 887
527 169
527 217
527 787
527 914
527 66
527 862
169 301
301 406
301 75
406 50
406 103
406 165
406 226
406 100
406 483
50 565
50 352
50 854
50 340
50 124
50 455
50 764
50 447
50 96
565 488
488 912
488 529
488 584
488 290
488 997
488 556
488 12
488 81
488 466
488 797
912 9
912 23
9 689
9 867
9 728
9 554
9 130
9 112
9 498
9 332
9 204
689 162
689 625
689 856
689 210
689 590
689 41
689 785
689 779
689 88
689 221
162 92
162 563
162 22
162 311
162 214
162 4
92 505
92 282
505 754
754 415
754 746
754 405
754 71
754 724
754 97
754 637
754 903
415 110
415 683
415 804
415 768
415 200
415 868
415 253
415 700
415 443
415 604
110 970
110 310
970 452
970 489
970 276
970 480
452 525
525 627
627 431
