1000
1 465
1 695
1 206
1 188
1 175
465 145
145 593
145 977
145 87
145 781
145 277
145 548
145 362
593 770
593 545
593 807
593 397
593 690
593 984
593 364
593 588
593 571
770 485
770 931
770 632
770 565
770 496
770 358
770 83
485 661
661 675
661 616
661 55
661 733
661 839
661 627
661 409
661 25
675 333
333 404
333 492
333 698
333 827
333 649
333 610
404 502
404 139
502 327
502 240
502 761
502 3
502 516
502 427
502 954
502 40
327 4
327 903
327 123
327 643
327 678
327 912
327 264
327 583
327 246
327 987
4 714
4 356
4 811
714 185
714 331
714 615
714 924
714 877
714 842
714 775
714 154
714 367
185 556
185 456
185 407
185 868
185 737
185 683
185 390
185 440
185 323
556 483
556 118
483 613
483 974
483 602
483 37
483 131
483 487
483 24
483 581
483 786
483 182
613 926
613 886
613 134
613 204
613 697
613 394
613 691
613 821
613 790
926 851
926 831
926 369
926 271
926 359
926 368
926 742
851 14
851 371
851 693
851 715
14 901
14 907
14 173
14 429
14 603
14 586
14 875
901 267
267 944
267 133
267 29
267 855
267 211
267 186
267 228
267 744
267 85
944 388
944 473
944 454
944 601
944 97
944 283
944 162
944 529
944 469
388 585
388 852
388 993
388 705
388 263
388 636
388 370
585 402
585 221
585 948
585 569
585 648
585 326
585 835
402 335
402 144
402 242
402 350
402 255
402 112
402 481
402 575
335 314
314 837
314 626
837 518
837 27
837 298
837 158
837 758
837 991
837 511
518 68
518 491
68 408
68 197
68 180
68 769
68 33
68 914
408 732
408 461
408 499
408 77
732 391
732 925
732 463
732 506
732 611
732 981
732 58
732 170
391 688
391 467
391 685
391 896
391 16
688 763
688 437
688 225
688 247
688 836
688 183
688 667
763 983
763 724
763 107
763 121
763 291
763 220
763 871
763 964
763 905
983 566
983 523
983 273
983 348
566 704
704 756
704 105
756 209
756 168
756 62
756 303
756 203
756 321
756 932
756 208
756 510
756 366
209 297
209 17
209 329
209 947
209 709
209 854
209 878
209 520
209 471
209 438
297 806
297 978
297 731
297 808
297 534
297 111
297 52
297 110
297 618
297 526
806 413
806 59
806 638
806 994
413 872
413 432
413 728
413 342
872 187
187 959
187 764
187 178
187 190
187 591
187 201
187 881
187 148
959 718
959 480
959 302
959 295
959 339
959 426
959 422
959 181
959 137
959 205
718 464
718 721
718 127
718 719
718 490
718 861
718 373
464 971
464 497
464 213
464 816
464 840
464 217
464 810
464 567
971 889
971 880
971 702
971 986
971 746
971 767
889 985
889 844
889 867
985 474
985 713
985 998
985 486
985 524
985 106
985 967
985 47
985 930
985 374
474 850
474 143
474 157
474 793
474 701
474 233
474 353
850 508
850 952
850 674
850 884
850 570
850 936
850 749
850 5
850 91
850 760
508 199
199 218
199 527
199 236
199 662
199 558
218 286
218 759
218 609
218 629
218 268
286 450
286 699
286 960
286 122
286 865
286 136
286 478
450 345
450 768
450 372
450 696
450 820
345 736
345 328
345 56
345 41
345 633
345 801
736 882
736 817
736 457
882 584
882 582
882 411
882 899
584 219
584 275
584 677
584 108
584 538
584 417
584 493
584 825
219 646
219 163
219 670
219 928
219 124
219 405
219 54
219 343
219 726
219 31
646 189
646 927
646 100
646 639
646 708
189 253
189 707
189 845
189 849
189 847
253 965
253 630
253 451
253 196
253 606
253 103
253 382
253 860
253 533
253 135
965 564
965 879
965 294
965 716
564 151
564 476
564 934
564 104
151 666
151 856
151 963
151 505
151 290
151 773
151 468
151 109
666 414
666 272
666 521
666 142
666 990
666 668
666 554
666 423
666 270
666 680
414 979
414 484
414 904
414 363
979 45
979 823
45 598
45 522
45 76
45 706
45 66
45 307
45 80
45 447
598 389
389 970
389 355
970 743
970 130
970 622
970 785
970 953
970 2
743 537
743 462
537 74
537 310
537 722
537 800
537 51
537 274
537 315
537 635
74 344
74 578
74 392
74 792
74 915
74 113
74 660
344 989
989 340
989 312
989 395
989 152
989 398
989 996
989 999
989 752
989 489
989 902
340 248
340 67
340 917
340 535
248 608
248 859
248 809
248 897
248 156
248 735
248 955
248 549
248 377
608 308
608 444
608 184
308 376
308 890
308 597
308 723
308 289
308 826
308 815
308 789
376 472
376 796
376 383
376 562
376 498
376 791
376 8
376 577
472 251
472 479
472 829
472 540
251 958
251 552
251 838
251 920
251 435
958 128
128 956
128 776
128 587
128 460
128 687
956 43
956 995
43 779
43 174
43 681
43 13
43 306
779 894
779 653
779 172
894 725
894 305
894 215
894 129
894 385
725 89
725 280
725 88
89 543
89 778
89 380
89 876
89 288
89 299
89 446
543 94
543 717
543 399
543 194
94 652
94 935
94 893
94 278
94 532
94 260
652 664
652 517
652 992
652 946
652 754
664 32
664 579
664 266
664 200
664 923
664 938
32 841
32 766
32 434
32 804
32 262
32 710
32 70
841 93
841 988
841 929
841 84
841 116
841 320
841 909
841 39
93 551
93 644
93 115
93 72
93 488
93 126
93 673
551 599
551 997
551 341
551 937
551 226
551 195
551 60
551 227
599 762
599 501
599 78
599 304
599 439
599 448
599 400
762 734
762 12
762 676
762 11
762 241
762 119
734 500
734 167
734 679
734 396
734 318
734 651
734 223
500 61
500 269
500 748
500 966
500 319
500 334
61 212
61 621
61 780
61 624
61 293
61 258
61 869
212 234
212 160
212 607
212 592
212 634
212 969
212 672
212 231
212 692
234 813
234 655
234 795
234 943
234 141
234 895
234 619
234 415
813 747
813 918
813 833
813 138
813 528
813 787
747 239
747 475
747 784
747 908
747 738
239 982
982 945
982 155
982 542
982 169
982 384
982 79
945 682
682 120
682 509
682 919
120 243
120 64
120 96
243 53
243 560
243 381
243 922
53 86
53 642
53 798
53 482
53 256
53 753
53 650
53 550
53 442
86 617
86 357
617 824
824 250
824 750
824 222
824 853
824 730
824 972
824 455
250 161
250 224
250 892
161 620
161 689
161 751
161 1000
161 951
161 322
161 317
161 378
161 30
161 82
620 49
620 477
620 177
620 176
620 654
620 433
620 207
620 361
620 933
620 745
49 888
49 665
49 42
49 797
49 238
49 216
888 419
888 968
888 296
888 159
888 595
888 843
888 507
888 265
888 857
419 572
419 259
419 34
419 803
419 656
419 818
419 891
419 19
419 830
419 23
572 957
572 147
572 300
572 741
957 21
957 229
957 898
957 114
21 198
21 858
21 771
21 973
198 352
198 424
198 563
198 559
198 555
198 568
198 541
352 864
352 279
352 48
352 73
352 149
352 192
864 596
864 324
864 202
864 386
864 237
864 794
864 316
864 22
864 530
864 669
596 7
596 466
596 870
596 9
596 421
7 873
7 557
7 686
7 703
7 950
7 337
873 819
873 46
873 330
873 883
873 99
873 623
873 101
873 539
873 939
819 15
819 772
819 727
819 309
819 612
15 375
15 249
15 546
15 657
15 179
15 98
15 254
15 976
375 729
375 44
375 387
375 75
375 495
375 336
729 885
729 401
729 150
885 418
885 961
418 536
418 90
418 561
418 765
418 71
418 514
418 980
418 658
418 10
418 574
536 515
536 866
536 470
536 410
536 640
536 26
536 166
515 282
515 165
515 252
515 720
282 406
406 712
406 338
406 519
406 647
406 755
406 360
406 28
712 458
712 420
712 459
712 874
712 663
712 544
712 81
712 941
712 140
712 6
458 125
458 285
458 846
458 453
458 244
458 913
458 684
125 671
125 906
125 164
125 214
125 284
125 20
125 805
125 962
671 69
671 443
671 132
671 848
671 513
671 416
671 38
671 531
671 739
671 828
69 494
69 862
494 35
494 431
494 503
494 782
494 171
494 393
494 191
494 711
494 628
35 802
35 573
35 788
802 346
346 910
346 146
346 900
910 605
910 445
910 57
910 365
910 799
605 832
605 774
605 347
605 245
605 631
605 354
605 301
605 659
605 235
605 940
832 332
832 325
832 351
832 441
832 604
332 812
332 916
332 292
812 614
812 232
812 942
812 512
812 645
812 349
812 287
614 379
379 600
379 641
600 814
600 230
600 117
600 36
600 887
600 694
600 281
600 525
814 92
814 63
814 949
814 412
814 576
814 50
814 95
814 921
814 594
814 261
92 210
92 102
210 590
210 580
210 757
210 911
210 449
210 637
210 430
210 975
210 822
210 547
590 504
590 428
590 257
504 452
504 783
504 589
504 700
504 425
504 276
504 553
504 153
452 863
452 311
452 65
452 193
863 18
863 313
863 777
863 834
863 436
863 625
863 403
18 740
