1000
1 745
1 829
1 912
1 905
1 406
1 590
1 600
1 455
745 877
745 462
745 145
745 675
745 34
745 676
745 998
745 260
745 266
745 103
877 274
877 238
877 331
877 117
877 576
877 913
274 769
274 874
274 147
769 168
168 987
168 717
987 63
987 373
987 127
987 30
987 808
987 268
987 559
987 954
987 432
987 37
63 463
63 423
63 734
63 387
63 512
63 591
63 439
63 80
63 143
63 977
463 726
463 914
463 392
463 971
726 287
726 441
726 83
726 519
287 529
529 119
529 902
529 556
529 651
529 763
529 40
529 7
529 197
529 603
119 497
119 713
119 483
119 845
119 400
119 399
119 666
119 258
119 229
119 377
497 501
497 140
497 323
497 333
497 493
497 838
497 95
497 183
497 292
497 231
501 812
501 639
501 96
501 862
501 948
501 667
501 836
501 289
812 995
812 567
812 456
812 621
995 490
995 804
995 686
995 161
995 589
995 201
995 908
995 511
995 414
995 39
490 428
490 918
490 953
490 88
490 557
490 689
490 43
490 801
490 317
490 503
428 290
428 202
428 860
428 413
290 868
290 417
290 172
290 357
290 398
290 505
290 403
290 248
868 944
868 486
944 35
944 656
944 409
944 539
944 906
944 760
944 840
944 176
944 659
944 573
35 597
35 835
35 642
35 464
35 572
597 690
597 903
597 855
597 985
597 857
690 473
690 466
690 48
690 894
690 162
690 809
690 146
473 130
473 223
473 206
473 547
130 321
130 548
130 588
130 598
130 375
130 852
130 604
321 269
321 467
321 460
269 682
269 335
269 494
269 807
269 250
269 772
269 629
269 315
269 394
269 21
682 304
682 647
682 974
682 385
682 927
682 810
682 251
682 200
682 731
304 813
813 196
813 246
813 687
196 4
196 451
196 958
196 286
196 23
196 646
196 166
196 213
4 327
4 967
4 391
4 973
4 446
4 684
327 221
221 540
221 692
221 966
221 624
221 13
540 422
422 256
422 828
422 947
422 523
422 704
422 833
256 764
256 309
256 882
764 142
764 919
764 395
764 20
764 821
142 340
142 797
142 189
340 33
340 100
33 208
33 282
33 602
33 454
33 564
33 279
33 452
33 645
208 952
208 752
208 355
208 660
208 915
952 485
485 531
485 232
485 332
485 986
485 939
531 368
531 737
531 710
531 878
531 129
368 965
368 943
368 755
368 425
368 101
368 500
368 900
368 916
965 190
965 499
965 940
965 886
965 453
965 306
965 118
190 641
190 469
190 237
190 81
190 672
190 648
190 550
190 312
190 370
190 322
641 139
139 551
139 697
139 240
139 254
139 128
139 408
139 770
139 294
139 350
551 664
551 709
551 633
551 354
551 786
664 154
154 224
154 618
154 925
154 191
154 411
224 771
224 881
224 867
224 541
224 71
224 872
224 955
771 138
771 963
771 262
771 233
138 291
138 275
138 784
138 94
138 85
291 188
291 495
291 49
291 791
291 613
291 32
291 302
291 207
291 281
291 962
188 271
188 892
188 319
188 41
188 450
188 429
271 733
271 228
271 277
733 798
733 751
733 99
733 149
733 216
733 889
733 984
733 141
733 442
798 465
798 757
465 917
465 655
465 198
465 210
917 827
917 36
917 820
917 341
917 694
917 622
917 869
917 525
917 844
827 84
827 712
84 165
84 504
84 994
84 853
165 866
165 513
165 358
866 880
866 393
866 527
866 623
866 136
866 458
866 938
880 723
880 856
880 17
880 699
880 247
723 249
723 816
249 498
249 929
498 879
879 110
879 842
879 680
879 524
879 26
879 124
879 891
879 349
879 219
110 846
110 544
110 356
110 928
846 313
846 252
846 92
313 443
313 195
313 732
313 663
443 106
443 29
106 549
106 509
106 762
106 611
106 372
106 352
549 111
111 706
706 243
706 427
706 152
706 389
243 480
243 935
243 449
243 108
243 843
243 746
243 788
243 825
243 543
243 230
480 365
480 235
480 396
480 636
480 299
480 787
480 308
480 378
480 90
480 617
365 885
365 5
885 241
885 515
885 528
885 211
885 749
885 628
885 990
241 946
241 182
241 57
241 421
241 87
241 47
946 677
946 634
946 758
946 811
946 926
946 276
946 921
946 654
946 756
677 374
677 383
374 508
374 671
374 419
374 546
374 134
374 55
374 324
374 606
508 86
508 616
508 626
508 607
508 753
86 993
86 328
86 863
993 605
605 521
605 151
605 73
605 661
521 581
521 818
521 434
521 325
521 14
521 199
521 778
581 783
581 555
581 510
581 89
581 766
581 996
581 418
581 696
581 537
581 297
783 344
783 649
344 104
344 215
344 945
344 815
344 890
344 329
344 447
344 79
344 526
344 924
104 305
104 728
104 740
305 364
305 909
305 133
305 386
305 792
364 338
364 982
338 19
338 799
338 153
338 1000
338 861
338 137
338 3
338 239
338 615
19 884
19 729
884 727
727 468
727 796
727 565
727 293
468 285
285 112
285 716
285 363
285 563
285 705
285 584
285 674
285 775
285 173
285 742
112 379
112 942
379 157
379 175
379 107
379 950
379 144
379 160
157 933
157 488
157 471
157 725
157 301
157 587
157 970
157 506
157 9
933 870
870 859
870 253
859 837
859 968
859 303
859 205
859 702
859 599
837 625
837 362
837 8
837 895
837 369
837 169
837 851
837 234
837 814
837 691
625 941
625 415
625 780
625 2
625 38
625 920
941 553
941 51
941 653
941 554
941 91
941 70
941 193
553 800
553 492
553 542
553 518
553 514
553 164
553 131
553 901
553 280
800 345
800 883
800 574
800 936
800 983
800 735
800 156
800 433
800 907
345 569
345 217
345 416
345 487
345 159
345 743
345 922
345 502
569 961
569 850
569 978
569 220
569 42
569 817
569 865
569 60
569 150
569 979
961 561
961 736
961 178
561 314
561 214
314 448
314 774
314 931
448 785
448 893
448 438
448 937
448 795
448 259
448 715
448 226
785 122
785 552
122 566
122 748
122 975
122 185
122 949
122 10
122 693
566 658
566 102
566 507
566 407
566 284
658 592
592 300
592 225
592 930
592 789
592 61
592 491
592 264
300 126
300 899
126 66
126 334
66 121
66 612
66 330
66 614
66 388
121 839
121 601
121 402
121 608
121 577
121 180
121 841
121 520
839 477
839 64
839 534
839 58
839 679
839 720
839 678
839 472
839 347
839 436
477 516
477 179
477 359
516 278
516 644
278 44
278 767
278 307
278 989
278 721
278 82
278 120
278 440
278 875
44 244
244 426
244 714
244 832
244 724
244 343
244 318
244 384
244 470
244 475
426 560
426 793
426 923
426 594
426 701
426 59
426 242
560 68
560 174
560 236
68 538
68 999
68 53
68 167
68 93
68 637
68 864
68 360
68 685
68 609
538 579
538 192
538 380
538 988
579 652
579 803
579 457
579 310
652 6
652 397
652 536
652 683
652 522
652 16
6 22
6 897
6 831
6 351
6 997
6 824
6 261
6 115
6 24
22 722
22 754
22 794
22 98
722 582
722 97
722 184
722 718
722 194
722 50
722 782
722 348
722 871
582 858
582 371
582 562
858 972
858 376
858 267
858 69
972 424
972 761
972 163
972 640
972 316
972 708
424 747
424 288
424 739
424 353
424 583
424 187
424 431
424 482
424 805
424 578
747 270
747 186
747 568
270 638
270 125
270 257
270 476
270 887
270 105
270 768
270 830
638 430
638 54
638 848
638 630
638 382
430 956
430 404
430 670
430 535
956 489
956 911
956 56
956 781
956 530
956 496
956 823
956 28
956 155
489 741
489 806
489 401
489 339
489 959
489 326
489 171
489 700
489 336
489 461
741 517
517 596
517 545
517 873
517 695
517 580
517 72
596 698
596 18
596 132
596 822
596 484
596 896
596 76
698 459
698 662
698 346
698 627
698 657
698 311
698 435
698 688
698 77
698 668
459 12
459 665
459 790
459 980
459 170
459 412
459 263
459 847
12 67
12 227
67 158
67 532
67 109
67 643
67 819
67 759
67 116
67 203
158 474
158 707
158 222
158 390
158 218
474 964
474 951
474 586
474 444
474 27
474 445
474 148
964 361
964 273
964 337
964 62
964 342
964 298
964 366
964 957
361 11
361 410
361 177
361 585
361 744
361 719
361 570
361 610
361 681
11 245
11 481
11 991
11 650
11 575
11 181
245 669
245 631
245 834
245 15
669 888
669 52
669 381
669 571
888 765
888 478
765 367
765 123
765 826
765 45
765 255
367 673
367 405
673 976
673 283
673 904
673 272
976 738
976 25
738 479
738 960
738 65
738 779
738 212
479 932
479 632
479 777
479 934
479 898
479 74
479 750
479 595
479 854
479 620
932 533
932 558
932 992
533 437
533 113
533 420
437 981
437 635
981 114
981 75
981 619
981 730
114 265
114 320
114 295
265 593
265 910
265 802
265 773
265 876
265 204
593 209
593 969
593 849
593 46
593 703
593 78
593 296
209 31
209 776
31 135
135 711
