1000
1 336
1 599
1 134
1 571
1 979
336 182
336 298
336 43
336 650
336 302
336 163
182 315
182 112
182 77
182 920
182 868
182 104
182 573
315 948
315 42
315 966
315 857
948 525
948 924
948 746
948 790
525 720
525 952
525 662
525 886
525 132
525 417
525 330
525 634
525 207
720 404
720 555
720 854
720 436
720 266
720 337
404 430
404 888
404 333
404 905
404 438
404 547
404 368
430 676
430 457
676 205
676 92
676 513
205 969
205 277
205 932
969 958
969 40
969 722
969 820
969 55
958 567
958 798
958 803
958 82
958 17
958 977
958 12
958 996
958 158
567 861
567 415
567 503
567 209
567 37
567 240
567 711
567 114
567 655
861 379
861 54
861 157
861 329
861 9
861 557
861 960
861 369
379 425
379 919
425 412
412 263
412 262
412 469
412 737
263 794
263 941
263 578
263 893
263 657
794 433
794 468
794 951
794 764
433 694
433 235
694 274
694 264
694 313
694 766
694 992
694 492
694 372
694 140
274 304
274 401
304 890
304 755
304 374
890 654
890 968
890 523
890 628
890 562
890 344
890 626
890 990
890 39
654 94
654 471
654 642
654 744
94 144
94 693
94 716
94 517
94 137
94 576
144 545
144 493
144 812
545 563
545 579
545 228
545 105
545 481
545 802
563 584
563 57
563 596
563 976
563 299
563 800
563 912
563 894
563 719
563 98
584 911
911 922
911 489
911 836
911 79
911 267
911 110
911 608
911 561
911 269
911 296
922 71
71 226
71 338
71 841
71 549
71 607
71 975
71 772
71 865
226 833
226 25
226 76
833 394
833 585
833 705
833 382
394 18
394 636
394 831
394 311
18 727
18 129
727 259
727 290
727 197
727 93
727 747
727 788
727 34
727 556
259 682
259 491
259 339
259 745
259 698
259 684
682 933
682 479
682 208
682 982
682 246
682 482
682 872
682 74
682 429
933 325
933 779
933 671
933 534
933 740
933 432
933 589
933 856
933 925
325 494
325 300
325 504
325 297
494 364
494 334
494 490
364 440
364 826
364 99
364 252
364 653
364 377
440 212
440 683
440 380
440 249
440 221
212 769
212 811
212 69
769 741
769 970
769 243
769 142
769 455
769 186
769 497
769 407
741 568
741 84
741 627
741 855
568 164
568 276
568 601
568 724
568 127
568 849
164 403
164 910
164 595
164 986
164 845
164 254
164 512
164 423
164 774
403 586
586 345
586 715
586 554
586 904
586 421
586 929
586 153
586 89
586 791
345 661
345 361
345 962
345 974
345 21
345 390
345 825
661 558
661 928
661 411
661 328
661 540
558 560
558 753
558 348
558 303
558 590
558 442
558 896
558 797
558 22
560 155
560 988
560 837
560 521
560 20
560 73
560 461
560 612
560 160
560 997
155 750
155 936
155 781
155 15
155 446
155 478
750 899
750 125
750 193
750 751
750 50
750 600
899 780
899 575
899 278
899 793
899 128
899 265
899 29
899 406
899 885
780 154
780 78
780 251
780 765
780 806
780 884
780 950
780 767
154 213
154 185
213 353
353 81
353 449
353 577
353 320
353 900
353 321
353 5
353 795
81 610
81 270
81 219
81 375
81 145
81 998
81 434
81 486
81 940
81 439
610 664
610 828
664 691
664 524
664 605
664 67
664 159
691 735
691 381
691 898
691 150
691 809
691 823
691 387
735 293
735 690
735 709
735 570
735 665
735 398
735 843
735 507
735 669
293 480
480 853
480 983
480 703
853 631
853 543
853 184
853 295
853 370
631 349
631 859
631 614
631 680
631 670
631 384
631 723
631 702
349 756
349 414
349 161
756 359
756 215
756 358
756 785
756 48
756 501
756 878
756 292
359 467
359 301
359 260
359 999
359 400
359 587
467 864
467 383
467 808
467 710
467 346
467 248
467 818
467 807
467 731
864 271
864 45
864 640
864 351
864 121
864 527
864 732
271 462
271 72
271 289
271 582
271 138
271 822
271 38
271 280
271 426
462 987
987 58
987 623
987 659
987 535
987 477
58 189
58 892
58 867
58 712
58 835
58 895
58 876
189 308
189 935
189 506
189 141
189 773
189 953
189 65
189 124
189 323
308 356
308 233
308 717
308 870
308 475
308 392
356 450
356 866
356 324
356 649
450 211
450 1000
450 4
450 862
450 188
450 699
450 241
450 617
450 367
450 466
211 216
211 548
211 335
211 363
211 622
216 103
216 792
103 816
103 531
103 122
103 131
103 70
103 616
103 247
103 237
103 385
816 789
816 229
816 120
789 24
789 46
789 516
789 453
789 473
24 505
24 927
24 993
24 147
505 815
505 514
505 96
505 641
505 901
505 35
505 318
505 971
505 465
815 583
815 341
815 107
815 36
815 428
815 762
815 891
815 431
815 672
583 700
700 730
700 559
700 257
700 420
700 844
700 476
700 542
700 133
700 686
730 307
730 674
730 592
730 869
730 343
307 460
307 416
307 697
460 314
460 786
460 242
460 198
460 830
314 152
314 651
314 165
314 14
314 566
152 508
152 175
152 981
508 427
508 949
508 113
508 603
508 588
427 696
427 294
427 648
427 522
427 778
696 644
696 883
696 399
696 881
696 28
696 850
696 804
696 515
696 848
644 11
644 281
644 758
644 544
644 625
644 397
11 283
11 593
11 718
11 748
11 149
283 146
283 829
283 312
283 597
283 56
146 52
146 713
146 463
146 530
146 268
146 143
146 357
146 291
146 195
52 984
52 692
52 2
52 388
52 736
52 117
52 244
52 518
52 873
52 945
984 123
984 519
984 109
984 827
123 410
410 875
410 498
410 168
875 483
875 139
875 218
483 201
483 217
483 714
483 156
483 733
483 287
201 629
201 474
201 101
201 708
629 613
613 53
613 173
53 317
53 373
53 176
53 604
53 528
53 258
53 963
317 116
317 3
317 609
317 223
317 706
116 973
116 569
116 991
116 954
116 393
116 688
973 305
305 8
305 47
305 658
305 685
305 639
8 947
8 236
8 632
8 177
8 783
8 272
8 839
8 752
8 391
8 923
947 668
947 656
947 799
947 386
947 572
947 102
947 805
947 776
947 770
668 10
668 591
668 224
668 234
668 647
668 253
668 777
668 435
668 87
668 115
10 743
10 916
10 877
10 738
10 880
10 51
743 222
743 611
743 581
743 194
743 32
222 310
222 707
222 520
222 472
222 41
310 944
310 840
310 445
310 487
310 695
310 749
944 230
944 49
944 729
944 245
230 340
230 860
230 332
230 643
230 621
230 985
230 90
230 408
230 701
340 275
275 63
275 972
275 645
275 734
275 174
275 838
275 834
275 227
63 959
63 721
63 728
959 510
959 921
959 704
959 624
959 331
959 796
959 939
510 441
510 652
510 942
510 451
510 817
441 405
441 930
441 537
441 726
441 967
441 352
441 499
405 526
405 913
405 541
405 618
405 59
405 179
405 761
405 851
405 220
526 371
526 255
526 675
526 23
371 26
371 66
26 199
26 44
26 620
26 961
199 511
199 111
511 148
148 667
148 488
148 86
148 663
667 306
667 846
667 989
667 768
667 678
667 169
667 978
667 106
667 824
306 470
306 819
306 496
306 171
306 879
306 316
306 995
470 285
285 200
285 279
285 536
285 673
285 908
285 917
200 326
200 598
200 760
200 402
200 907
200 256
200 250
200 937
200 464
326 813
326 319
813 858
813 191
858 261
858 725
261 546
261 448
261 677
261 957
261 763
261 630
261 108
261 162
546 832
546 170
546 646
546 553
546 447
832 754
832 574
832 906
832 350
832 458
832 606
832 309
832 190
754 288
754 396
754 633
754 689
754 485
754 365
754 454
754 80
288 666
288 16
288 580
288 619
288 550
288 214
288 418
288 757
288 6
666 389
666 232
389 366
389 994
389 539
389 742
389 810
389 887
389 801
389 360
389 130
389 33
366 918
366 459
366 594
366 980
366 484
366 68
366 964
918 354
918 210
918 965
354 378
354 863
354 842
378 203
378 231
378 852
378 897
378 91
378 565
378 192
203 914
203 934
203 286
203 424
203 909
203 787
203 31
914 282
914 119
914 347
914 679
914 126
282 181
282 64
282 538
282 422
181 637
181 551
181 759
181 180
181 136
181 100
181 955
181 85
637 238
637 225
637 638
637 167
637 889
637 409
238 956
238 284
238 118
238 687
956 362
956 533
956 61
956 413
956 151
956 443
362 814
362 509
814 88
88 529
88 552
88 739
88 355
88 882
88 775
88 495
88 30
88 178
88 615
529 871
529 782
529 97
529 821
529 273
529 452
529 342
529 13
871 938
871 500
871 166
871 771
871 376
938 395
938 60
938 784
938 172
938 444
938 915
938 135
938 456
395 660
395 419
395 437
395 943
395 532
395 95
395 926
395 903
660 564
564 183
564 7
564 322
564 202
564 75
564 187
564 847
183 206
183 902
183 83
183 27
183 874
206 239
206 327
206 681
206 635
206 19
206 931
206 196
239 62
239 204
239 946
239 602
239 502
