1000
1 785
785 822
785 896
785 438
785 927
785 439
785 937
785 773
822 659
822 109
822 641
822 939
822 635
822 251
659 895
659 741
659 362
659 955
659 873
659 186
659 698
895 461
461 149
461 313
461 660
149 327
149 714
149 502
149 950
149 541
149 103
327 959
959 48
48 108
48 666
48 797
48 198
48 991
48 867
48 349
48 884
48 603
48 722
108 221
108 226
108 87
108 618
108 886
108 672
108 1000
108 406
108 738
221 819
221 499
221 829
221 447
221 914
221 665
221 905
221 69
221 881
819 990
819 68
819 488
819 315
819 49
819 27
819 465
819 342
819 329
990 511
990 557
990 781
990 205
990 996
990 532
990 827
511 187
511 392
511 486
511 403
511 598
187 742
187 424
187 330
742 224
742 986
742 388
742 656
742 699
742 647
742 821
742 848
224 326
224 674
224 525
224 535
224 646
224 123
224 59
326 240
240 104
240 339
240 258
240 20
240 542
240 181
240 159
240 101
240 496
104 749
104 111
104 926
104 391
749 793
749 597
749 809
749 260
793 904
793 682
793 417
793 246
904 694
904 249
904 373
904 407
694 892
694 36
892 975
892 875
892 458
892 826
892 172
892 126
975 993
975 225
975 806
975 705
993 387
993 982
993 508
993 414
993 381
993 788
993 679
993 795
387 459
387 729
387 216
387 228
387 522
387 351
387 644
387 162
387 648
387 358
459 479
459 476
459 193
479 494
479 428
479 933
479 294
479 136
479 794
479 471
479 300
494 441
494 478
494 921
494 306
494 370
494 152
494 599
494 41
494 190
494 355
441 2
441 775
441 654
2 515
2 983
2 852
2 703
2 112
2 207
2 218
2 787
2 52
515 184
515 723
515 160
515 14
515 708
515 574
515 691
515 374
515 467
184 404
184 801
184 564
184 45
184 212
404 763
404 398
404 576
404 19
404 422
404 295
404 977
404 831
404 877
763 405
763 548
763 868
763 386
763 824
763 504
763 120
763 332
763 774
763 845
405 341
405 352
405 748
405 58
405 664
405 113
405 569
341 962
341 165
341 807
341 734
341 578
341 115
962 16
962 124
962 317
962 219
962 995
962 364
962 105
16 227
16 916
16 592
16 981
16 233
227 353
353 291
291 257
291 121
291 436
291 988
291 272
291 255
291 960
291 453
291 645
291 834
257 380
257 710
257 314
257 390
257 836
257 283
257 434
257 770
257 298
257 22
380 155
380 125
380 500
380 328
380 602
155 475
155 158
155 354
155 265
155 642
155 484
155 147
155 903
475 338
475 652
475 692
475 481
475 529
475 90
475 7
475 900
475 619
338 102
338 817
338 521
338 697
338 590
338 168
338 145
102 512
102 411
102 15
102 204
102 425
102 976
102 296
102 940
102 252
102 215
512 606
512 678
512 93
606 858
606 850
606 839
606 280
858 802
858 409
858 468
858 948
858 605
858 239
858 185
858 217
858 47
802 86
802 717
802 28
86 539
86 397
86 918
539 898
898 359
898 843
898 462
898 410
898 222
898 964
898 913
898 263
898 534
359 792
359 489
359 507
359 980
359 303
359 67
359 581
359 820
359 970
792 32
792 837
792 444
792 450
792 378
792 384
792 696
792 744
792 825
32 429
32 148
32 273
32 536
32 711
32 137
32 865
429 876
429 555
429 363
429 553
429 242
429 70
429 324
429 54
429 4
429 261
876 171
876 42
876 591
876 623
876 75
876 712
171 253
171 887
253 375
253 231
253 546
253 967
253 396
253 448
375 92
375 855
375 671
375 399
92 400
92 472
92 844
92 13
400 560
400 613
400 577
400 509
400 830
400 89
560 997
560 282
560 610
560 18
560 95
560 426
560 756
560 513
997 141
141 510
141 430
141 661
141 182
141 290
141 735
141 236
510 345
345 778
345 310
345 726
345 693
345 285
345 838
345 925
345 293
345 551
778 615
778 750
778 203
778 183
778 287
778 368
778 60
778 575
615 554
615 420
615 256
615 609
615 31
615 984
615 34
615 706
615 736
615 786
554 814
554 856
554 99
554 474
554 44
554 971
814 812
814 567
814 348
814 561
814 899
814 803
812 650
812 851
812 874
812 893
812 747
812 922
812 572
812 78
812 234
650 972
650 805
650 322
650 783
972 771
972 731
972 320
972 195
972 713
972 383
972 662
972 85
972 40
972 297
771 866
771 304
771 917
771 675
771 928
771 987
771 670
771 487
771 497
771 919
866 766
866 361
766 244
766 857
766 686
766 206
244 932
244 947
932 667
932 608
667 799
667 687
667 138
667 979
667 946
799 163
799 495
799 961
799 264
163 629
163 622
163 669
163 640
163 340
163 772
163 178
163 250
163 737
629 840
840 74
840 754
840 356
840 942
840 870
840 55
840 828
840 305
840 9
74 153
74 704
153 485
153 454
153 116
153 878
153 38
153 518
153 743
485 81
485 372
485 432
485 209
485 626
485 336
485 35
485 492
485 545
81 969
81 232
81 73
81 72
969 897
969 498
969 894
969 201
897 760
897 715
897 883
897 427
897 999
897 483
897 62
760 469
760 571
760 709
760 589
760 482
760 188
760 119
469 64
469 156
469 412
469 122
469 885
469 241
469 281
64 100
64 727
64 331
64 752
64 871
100 517
100 880
100 302
100 442
100 854
100 625
100 275
100 879
517 366
517 583
517 343
517 460
517 923
517 811
366 587
587 455
587 245
587 994
587 637
587 833
587 943
587 720
587 350
587 524
587 464
455 175
455 938
455 279
455 832
455 628
455 544
455 143
455 229
455 818
455 118
175 308
175 377
175 10
175 66
175 197
175 50
175 164
175 765
175 585
308 810
308 663
308 277
308 579
810 634
810 248
810 847
810 196
810 56
810 630
810 154
810 312
810 286
634 998
634 346
634 767
634 584
634 595
634 433
998 762
998 540
762 39
39 780
39 243
39 945
39 730
39 51
39 673
39 607
39 415
39 620
39 549
780 53
780 949
780 452
780 423
780 849
780 57
780 864
780 863
780 176
53 965
53 107
53 653
53 901
965 235
965 192
965 6
965 61
965 860
965 335
965 271
965 516
965 680
235 764
764 503
764 800
764 443
764 133
764 627
764 301
764 200
764 985
764 520
503 974
503 191
503 815
503 473
503 505
503 556
503 963
974 936
974 733
974 319
974 566
974 519
974 639
974 413
974 859
936 223
936 934
936 490
936 21
936 449
223 267
267 853
267 889
267 289
267 12
267 739
267 132
267 724
267 547
267 419
853 633
853 128
853 992
853 418
633 456
633 695
633 707
633 966
633 931
633 911
633 173
633 110
633 146
633 823
456 890
456 389
456 601
456 562
456 658
456 446
456 677
456 725
456 689
890 463
890 43
890 80
890 776
890 166
890 94
890 318
890 636
890 989
890 169
463 953
463 3
463 891
463 46
953 170
953 929
953 259
953 8
953 745
953 194
953 604
953 84
170 869
170 71
170 33
170 311
170 611
170 861
170 134
170 130
170 872
869 740
869 25
869 565
869 956
869 757
869 129
869 29
869 563
869 131
869 179
740 600
740 199
740 769
600 954
600 798
600 210
600 408
600 274
600 537
954 683
954 114
954 437
954 247
954 935
954 688
954 470
683 371
683 808
683 779
371 23
371 393
371 684
371 268
371 538
371 357
371 82
371 944
23 862
23 700
23 431
23 316
23 376
862 77
862 908
862 941
862 142
862 262
862 558
862 278
77 657
77 531
77 477
77 596
77 846
77 912
77 506
77 543
77 299
657 631
631 127
631 588
631 616
631 655
127 573
127 915
127 17
127 906
573 167
573 333
167 559
167 978
167 117
167 909
167 140
167 624
559 177
559 76
559 79
559 150
559 208
177 632
177 292
177 106
177 307
177 189
632 344
344 527
344 612
344 26
527 202
527 791
527 211
527 777
527 284
202 83
202 369
202 514
202 758
202 394
202 151
202 401
202 728
202 528
83 445
83 421
83 24
83 651
83 702
83 902
83 30
83 701
83 402
83 367
445 440
445 550
445 621
445 638
440 751
440 269
440 718
440 309
440 213
440 97
440 594
440 580
440 533
440 480
751 11
751 784
751 617
11 491
11 37
11 789
491 220
491 842
491 323
491 570
491 96
220 416
220 365
416 88
416 668
416 254
416 457
416 957
416 582
416 321
416 593
88 716
716 924
716 721
716 139
716 385
716 288
716 882
716 790
924 530
924 643
924 135
924 174
924 586
924 841
530 157
530 501
530 690
157 98
157 685
157 958
157 334
157 347
157 337
157 523
157 230
98 835
98 238
835 435
835 816
835 395
835 276
435 952
435 526
435 968
435 493
435 325
435 649
952 63
952 451
952 568
952 237
63 755
63 761
63 65
63 951
63 382
63 930
63 768
63 270
755 180
755 813
755 681
755 676
755 266
755 161
755 732
755 379
180 920
180 782
920 907
920 214
920 719
920 888
920 759
920 5
920 910
920 973
907 804
907 552
907 796
907 360
907 144
804 91
804 746
804 614
804 466
91 753
